#	D	ID	E	X	Y	Z	Px	Py	Pz	ID0	E0	X0	Y0	Z0	P0x	P0y	P0z	tag
#
# D             Trajectory length [1 Mpc]
# ID/ID0/ID1    Particle type (PDG MC numbering scheme)
# E/E0/E1       Energy [1 EeV]
# X/X0/X1...    Position [1 Mpc]
# Px/P0x/P1x... Heading (unit vector of momentum)
# tag           Candidate tag can be given by the source feature (user defined tag) or by the following interaction process 
#	ES  	ElasticScattering 
#	EPP 	ElectronPairProduction 
#	EMPP	EMPairProduction
#	EMDP	EMDoublePairProduction
#	EMTP	EMTripletPairProduction 
#	EMIC	EMInverseComptonScattering
#	ND  	NuclearDecay
#	PD  	PhotoDisintegration
#	PPP  	PhotoPionProduction
#	SYN 	SynchrotronRadiation
#	PRIM/SEC	 primary / secondary particle
# no index = current, 0 = at source, 1 = at point of creation
#
# CRPropa version: 3.2-85-g7a40f1f1
#
2.20107E-02	1000010010	6.39097E+00	-5.92588E-03	5.51845E-04	6.04859E-04	-5.74120E-01	-5.51845E-01	-6.04859E-01	1000010010	6.39097E+00	6.71088E-03	1.26983E-02	1.39182E-02	-5.74120E-01	-5.51845E-01	-6.04859E-01	PRIM
2.40186E-02	1000010010	5.49315E+00	-5.67544E-03	5.04465E-04	2.56167E-04	-8.24557E-01	-5.04465E-01	-2.56167E-01	1000010010	5.49315E+00	1.41293E-02	1.26210E-02	6.40894E-03	-8.24557E-01	-5.04465E-01	-2.56167E-01	PRIM
1.31772E-02	1000010010	8.37057E+00	-7.35053E-03	1.74922E-04	-4.95979E-04	8.50533E-01	-1.74922E-01	4.95979E-01	1000010010	8.37057E+00	-1.85582E-02	2.47991E-03	-7.03160E-03	8.50533E-01	-1.74922E-01	4.95979E-01	PRIM
2.24595E-02	1000010010	7.26424E+00	-5.86848E-03	-5.89755E-04	-5.03360E-04	-6.31521E-01	5.89755E-01	5.03360E-01	1000010010	7.26424E+00	8.31514E-03	-1.38353E-02	-1.18085E-02	-6.31521E-01	5.89755E-01	5.03360E-01	PRIM
2.06876E-02	1000010010	1.44784E+01	-6.10061E-03	3.05520E-04	-8.64376E-04	-3.99390E-01	-3.05520E-01	8.64376E-01	1000010010	1.44784E+01	2.16182E-03	6.62601E-03	-1.87463E-02	-3.99390E-01	-3.05520E-01	8.64376E-01	PRIM
1.95954E-02	1000010010	1.58012E+01	-6.25192E-03	2.29752E-04	9.41101E-04	-2.48079E-01	-2.29752E-01	-9.41101E-01	1000010010	1.58012E+01	-1.39071E-03	4.73183E-03	1.93824E-02	-2.48079E-01	-2.29752E-01	-9.41101E-01	PRIM
1.44463E-02	1000010010	6.97155E+00	-7.09344E-03	-4.38868E-04	6.74705E-04	5.93437E-01	4.38868E-01	-6.74705E-01	1000010010	6.97155E+00	-1.56664E-02	-6.77887E-03	1.04217E-02	5.93437E-01	4.38868E-01	-6.74705E-01	PRIM
1.86720E-02	1000010010	6.20641E+00	-6.38567E-03	3.52474E-04	-9.28811E-04	-1.14334E-01	-3.52474E-01	9.28811E-01	1000010010	6.20641E+00	-4.25081E-03	6.93388E-03	-1.82716E-02	-1.14334E-01	-3.52474E-01	9.28811E-01	PRIM
2.12720E-02	1000010010	6.29433E+00	-6.02237E-03	-7.73233E-04	-4.17112E-04	-4.77629E-01	7.73233E-01	4.17112E-01	1000010010	6.29433E+00	4.13773E-03	-1.72214E-02	-9.28990E-03	-4.77629E-01	7.73233E-01	4.17112E-01	PRIM
1.41774E-02	1000010010	5.47651E+00	-7.14564E-03	-3.44224E-04	6.81514E-04	6.45703E-01	3.44258E-01	-6.81582E-01	1000010010	5.47651E+00	-1.63000E-02	-5.22490E-03	1.03446E-02	6.45703E-01	3.44258E-01	-6.81582E-01	PRIM
1.62500E-02	1000010010	1.39296E+01	-6.76840E-03	-9.32503E-04	-2.41663E-04	2.68399E-01	9.32503E-01	2.41663E-01	1000010010	1.39296E+01	-1.11299E-02	-1.60856E-02	-4.16868E-03	2.68399E-01	9.32503E-01	2.41663E-01	PRIM
2.04978E-02	1000010010	8.27934E+00	-6.12648E-03	-8.76814E-04	-3.02452E-04	-3.73561E-01	8.76902E-01	3.02482E-01	1000010010	8.27934E+00	1.53069E-03	-1.88513E-02	-6.50266E-03	-3.73561E-01	8.76902E-01	3.02482E-01	PRIM
2.31967E-02	1000010010	5.13482E+00	-5.77612E-03	1.22445E-04	6.78821E-04	-7.23957E-01	-1.22457E-01	-6.78889E-01	1000010010	5.13482E+00	1.10173E-02	2.96304E-03	1.64268E-02	-7.23957E-01	-1.22457E-01	-6.78889E-01	PRIM
2.50159E-02	1000010010	6.98398E+00	-5.55666E-03	3.31081E-04	1.73305E-05	-9.43431E-01	-3.31115E-01	-1.73322E-02	1000010010	6.98398E+00	1.80442E-02	8.61423E-03	4.50912E-04	-9.43431E-01	-3.31115E-01	-1.73322E-02	PRIM
2.07081E-02	1000010010	8.68233E+01	-6.09785E-03	8.58652E-04	3.17787E-04	-4.02154E-01	-8.58652E-01	-3.17787E-01	1000010010	8.68233E+01	2.22998E-03	1.86397E-02	6.89854E-03	-4.02154E-01	-8.58652E-01	-3.17787E-01	PRIM
1.37117E-02	1000010010	1.05801E+01	-7.23890E-03	-2.25688E-04	6.34891E-04	7.38903E-01	2.25688E-01	-6.34891E-01	1000010010	1.05801E+01	-1.73705E-02	-3.32025E-03	9.34032E-03	7.38903E-01	2.25688E-01	-6.34891E-01	PRIM
2.20107E-02	1000010010	1.19259E+01	-5.92588E-03	5.51845E-04	6.04859E-04	-5.74120E-01	-5.51845E-01	-6.04859E-01	1000010010	1.19259E+01	6.71088E-03	1.26983E-02	1.39182E-02	-5.74120E-01	-5.51845E-01	-6.04859E-01	PRIM
1.65229E-02	1000010010	5.62986E+00	-6.72256E-03	-8.51497E-04	4.74783E-04	2.22562E-01	8.51497E-01	-4.74783E-01	1000010010	5.62986E+00	-1.03999E-02	-1.49207E-02	8.31955E-03	2.22562E-01	8.51497E-01	-4.74783E-01	PRIM
2.01236E-02	1000010010	8.39310E+00	-6.17788E-03	5.52172E-04	-7.68988E-04	-3.22125E-01	-5.52172E-01	7.68988E-01	1000010010	8.39310E+00	3.04442E-04	1.16639E-02	-1.62438E-02	-3.22125E-01	-5.52172E-01	7.68988E-01	PRIM
2.11099E-02	1000010010	3.00707E+01	-6.04390E-03	-6.90643E-04	-5.61234E-04	-4.56101E-01	6.90643E-01	5.61234E-01	1000010010	3.00707E+01	3.58433E-03	-1.52700E-02	-1.24088E-02	-4.56101E-01	6.90643E-01	5.61234E-01	PRIM
1.58753E-02	1000010010	8.95433E+00	-6.83262E-03	-9.25857E-04	1.78748E-04	3.32657E-01	9.25949E-01	-1.78766E-01	1000010010	8.95433E+00	-1.21137E-02	-1.56256E-02	3.01672E-03	3.32657E-01	9.25949E-01	-1.78766E-01	PRIM
2.30554E-02	1000010010	5.82481E+00	-5.79358E-03	-5.43092E-05	-7.05710E-04	-7.06416E-01	5.43092E-02	7.05710E-01	1000010010	5.82481E+00	1.04931E-02	-1.30643E-03	-1.69761E-02	-7.06416E-01	5.43092E-02	7.05710E-01	PRIM
1.78893E-02	1000010010	9.04777E+00	-6.50385E-03	5.08076E-04	-8.61304E-04	3.84690E-03	-5.08076E-01	8.61304E-01	1000010010	9.04777E+00	-6.57267E-03	9.59720E-03	-1.62694E-02	3.84690E-03	-5.08076E-01	8.61304E-01	PRIM
2.17098E-02	1000010010	7.12858E+00	-5.96487E-03	-6.53483E-04	5.35345E-04	-5.35132E-01	6.53483E-01	-5.35345E-01	1000010010	7.12858E+00	5.65274E-03	-1.48405E-02	1.21576E-02	-5.35132E-01	6.53483E-01	-5.35345E-01	PRIM
1.50142E-02	1000010010	6.66245E+00	-6.98653E-03	6.12092E-04	-6.23239E-04	4.86584E-01	-6.12153E-01	6.23301E-01	1000010010	6.66245E+00	-1.42922E-02	9.80309E-03	-9.98161E-03	4.86584E-01	-6.12153E-01	6.23301E-01	PRIM
2.05902E-02	1000010010	1.44411E+01	-6.11384E-03	8.43794E-05	-9.18562E-04	-3.86165E-01	-8.43794E-02	9.18562E-01	1000010010	1.44411E+01	1.83736E-03	1.82177E-03	-1.98319E-02	-3.86165E-01	-8.43794E-02	9.18562E-01	PRIM
2.02770E-02	1000010010	5.43682E+00	-6.15668E-03	9.32200E-04	-1.14614E-04	-3.43319E-01	-9.32200E-01	1.14614E-01	1000010010	5.43682E+00	8.04805E-04	1.98344E-02	-2.43864E-03	-3.43319E-01	-9.32200E-01	1.14614E-01	PRIM
1.50142E-02	1000010010	5.15995E+00	-6.98653E-03	6.12092E-04	-6.23239E-04	4.86584E-01	-6.12153E-01	6.23301E-01	1000010010	5.15995E+00	-1.42922E-02	9.80309E-03	-9.98161E-03	4.86584E-01	-6.12153E-01	6.23301E-01	PRIM
1.99338E-02	1000010010	8.07322E+00	-6.20434E-03	-7.41827E-05	9.52304E-04	-2.95688E-01	7.41901E-02	-9.52399E-01	1000010010	8.07322E+00	-3.10163E-04	-1.55307E-03	1.99372E-02	-2.95688E-01	7.41901E-02	-9.52399E-01	PRIM
2.11099E-02	1000010010	1.50262E+01	-6.04390E-03	-6.90643E-04	-5.61234E-04	-4.56101E-01	6.90643E-01	5.61234E-01	1000010010	1.50262E+01	3.58433E-03	-1.52700E-02	-1.24088E-02	-4.56101E-01	6.90643E-01	5.61234E-01	PRIM
2.54628E-02	1000010010	5.47748E+00	-5.50432E-03	8.89278E-05	2.67729E-05	-9.95678E-01	-8.89278E-02	-2.67729E-02	1000010010	5.47748E+00	1.98484E-02	2.35328E-03	7.08487E-04	-9.95678E-01	-8.89278E-02	-2.67729E-02	PRIM
2.05670E-02	1000010010	1.21130E+01	-6.11699E-03	-5.69172E-05	9.21989E-04	-3.83010E-01	5.69172E-02	-9.21989E-01	1000010010	1.21130E+01	1.76038E-03	-1.22753E-03	1.98845E-02	-3.83010E-01	5.69172E-02	-9.21989E-01	PRIM
2.16196E-02	1000010010	1.06536E+01	-5.97664E-03	8.50821E-04	4.69090E-05	-5.23358E-01	-8.50821E-01	-4.69090E-02	1000010010	1.06536E+01	5.33815E-03	1.92452E-02	1.06106E-03	-5.23358E-01	-8.50821E-01	-4.69090E-02	PRIM
1.57430E-02	1000010010	9.68917E+00	-6.85570E-03	-7.68711E-04	5.31567E-04	3.55696E-01	7.68711E-01	-5.31567E-01	1000010010	9.68917E+00	-1.24554E-02	-1.28706E-02	8.90004E-03	3.55696E-01	7.68711E-01	-5.31567E-01	PRIM
1.86720E-02	1000010010	5.50658E+01	-6.38567E-03	3.52474E-04	-9.28811E-04	-1.14334E-01	-3.52474E-01	9.28811E-01	1000010010	5.50658E+01	-4.25081E-03	6.93388E-03	-1.82716E-02	-1.14334E-01	-3.52474E-01	9.28811E-01	PRIM
2.07386E-02	1000010010	6.51312E+00	-6.09372E-03	-1.88258E-04	8.94146E-04	-4.06278E-01	1.88258E-01	-8.94146E-01	1000010010	6.51312E+00	2.33189E-03	-4.09246E-03	1.94374E-02	-4.06278E-01	1.88258E-01	-8.94146E-01	PRIM
2.32973E-02	1000010010	1.51535E+01	-5.76359E-03	-4.33092E-04	-5.19736E-04	-7.36414E-01	4.33092E-01	5.19736E-01	1000010010	1.51535E+01	1.13929E-02	-1.05229E-02	-1.26282E-02	-7.36414E-01	4.33092E-01	5.19736E-01	PRIM
2.00519E-02	1000010010	7.16112E+00	-6.18783E-03	-1.59876E-05	9.49893E-04	-3.12167E-01	1.59876E-02	-9.49893E-01	1000010010	7.16112E+00	7.17128E-05	-3.36570E-04	1.99970E-02	-3.12167E-01	1.59876E-02	-9.49893E-01	PRIM
2.35301E-02	1000010010	8.59322E+00	-5.73492E-03	-3.13465E-04	-5.62490E-04	-7.65078E-01	3.13465E-01	5.62490E-01	1000010010	8.59322E+00	1.22675E-02	-7.68935E-03	-1.37980E-02	-7.65078E-01	3.13465E-01	5.62490E-01	PRIM
1.71252E-02	1000010010	1.30207E+01	-6.62403E-03	7.95962E-04	-5.92503E-04	1.24032E-01	-7.95962E-01	5.92503E-01	1000010010	1.30207E+01	-8.74812E-03	1.44270E-02	-1.07393E-02	1.24032E-01	-7.95962E-01	5.92503E-01	PRIM
1.60312E-02	1000010010	6.44173E+00	-6.80571E-03	-6.70563E-04	6.75787E-04	3.05739E-01	6.70630E-01	-6.75855E-01	1000010010	6.44173E+00	-1.17071E-02	-1.14216E-02	1.15105E-02	3.05739E-01	6.70630E-01	-6.75855E-01	PRIM
1.95186E-02	1000010010	7.78539E+01	-6.26284E-03	-1.42595E-04	9.60947E-04	-2.37165E-01	1.42595E-01	-9.60947E-01	1000010010	7.78539E+01	-1.63372E-03	-2.92584E-03	1.97173E-02	-2.37165E-01	1.42595E-01	-9.60947E-01	PRIM
1.96807E-02	1000010010	5.07293E+00	-6.23985E-03	2.26623E-04	-9.38597E-04	-2.60150E-01	-2.26623E-01	9.38597E-01	1000010010	5.07293E+00	-1.11991E-03	4.68673E-03	-1.94108E-02	-2.60150E-01	-2.26623E-01	9.38597E-01	PRIM
1.70834E-02	1000010010	9.95935E+00	-6.63077E-03	-8.23017E-04	5.52759E-04	1.30766E-01	8.23017E-01	-5.52759E-01	1000010010	9.95935E+00	-8.86470E-03	-1.48829E-02	9.99575E-03	1.30766E-01	8.23017E-01	-5.52759E-01	PRIM
1.73194E-02	1000010010	5.67908E+00	-6.59300E-03	-9.84458E-04	-1.48972E-04	9.30009E-02	9.84458E-01	1.48972E-01	1000010010	5.67908E+00	-8.20372E-03	-1.80347E-02	-2.72908E-03	9.30009E-02	9.84458E-01	1.48972E-01	PRIM
1.98664E-02	1000010010	8.63100E+00	-6.21372E-03	-5.88048E-05	9.56340E-04	-2.86280E-01	5.88048E-02	-9.56340E-01	1000010010	8.63100E+00	-5.26367E-04	-1.22705E-03	1.99554E-02	-2.86280E-01	5.88048E-02	-9.56340E-01	PRIM
2.24595E-02	1000010010	9.23302E+00	-5.86848E-03	-5.89755E-04	-5.03360E-04	-6.31521E-01	5.89755E-01	5.03360E-01	1000010010	9.23302E+00	8.31514E-03	-1.38353E-02	-1.18085E-02	-6.31521E-01	5.89755E-01	5.03360E-01	PRIM
1.74200E-02	1000010010	7.88115E+00	-6.57706E-03	8.98594E-04	4.31962E-04	7.70595E-02	-8.98594E-01	-4.31962E-01	1000010010	7.88115E+00	-7.91944E-03	1.65521E-02	7.95675E-03	7.70595E-02	-8.98594E-01	-4.31962E-01	PRIM
2.00519E-02	1000010010	5.68672E+00	-6.18783E-03	-1.59876E-05	9.49893E-04	-3.12167E-01	1.59876E-02	-9.49893E-01	1000010010	5.68672E+00	7.17128E-05	-3.36570E-04	1.99970E-02	-3.12167E-01	1.59876E-02	-9.49893E-01	PRIM
1.84077E-02	1000010010	6.16896E+00	-6.42505E-03	7.30344E-04	-6.78956E-04	-7.49474E-02	-7.30344E-01	6.78956E-01	1000010010	6.16896E+00	-5.04544E-03	1.41743E-02	-1.31770E-02	-7.49474E-02	-7.30344E-01	6.78956E-01	PRIM
1.87845E-02	1000010010	6.45895E+00	-6.36907E-03	-7.49990E-04	-6.48361E-04	-1.30931E-01	7.49990E-01	6.48361E-01	1000010010	6.45895E+00	-3.90961E-03	-1.48382E-02	-1.28275E-02	-1.30931E-01	7.49990E-01	6.48361E-01	PRIM
2.20651E-02	1000010010	1.72763E+01	-5.91887E-03	-3.08585E-04	-7.53038E-04	-5.81127E-01	3.08585E-01	7.53038E-01	1000010010	1.72763E+01	6.90375E-03	-7.11755E-03	-1.73689E-02	-5.81127E-01	3.08585E-01	7.53038E-01	PRIM
2.03980E-02	1000010010	9.60675E+00	-6.14011E-03	1.75307E-05	9.32723E-04	-3.59924E-01	-1.75324E-02	-9.32817E-01	1000010010	9.60675E+00	1.20164E-03	3.75158E-04	1.99603E-02	-3.59924E-01	-1.75324E-02	-9.32817E-01	PRIM
2.15487E-02	1000010010	2.89578E+01	-5.98598E-03	-1.01796E-04	-8.51598E-04	-5.14073E-01	1.01806E-01	8.51683E-01	1000010010	2.89578E+01	5.09165E-03	-2.29560E-03	-1.92043E-02	-5.14073E-01	1.01806E-01	8.51683E-01	PRIM
1.99338E-02	1000010010	5.78265E+00	-6.20434E-03	-7.41827E-05	9.52304E-04	-2.95688E-01	7.41901E-02	-9.52399E-01	1000010010	5.78265E+00	-3.10163E-04	-1.55307E-03	1.99372E-02	-2.95688E-01	7.41901E-02	-9.52399E-01	PRIM
1.97976E-02	1000010010	5.55657E+00	-6.22338E-03	7.34389E-04	-6.19801E-04	-2.76622E-01	-7.34389E-01	6.19801E-01	1000010010	5.55657E+00	-7.46927E-04	1.52735E-02	-1.28904E-02	-2.76622E-01	-7.34389E-01	6.19801E-01	PRIM
2.18564E-02	1000010010	5.85868E+00	-5.94582E-03	-7.24127E-05	8.29239E-04	-5.54183E-01	7.24127E-02	-8.29239E-01	1000010010	5.85868E+00	6.16665E-03	-1.65510E-03	1.89534E-02	-5.54183E-01	7.24127E-02	-8.29239E-01	PRIM
1.66453E-02	1000010010	7.17977E+00	-6.70225E-03	8.59465E-04	4.69482E-04	2.02253E-01	-8.59465E-01	-4.69482E-01	1000010010	7.17977E+00	-1.00688E-02	1.51655E-02	8.28413E-03	2.02253E-01	-8.59465E-01	-4.69482E-01	PRIM
2.04978E-02	1000010010	9.04507E+00	-6.12648E-03	-8.76814E-04	-3.02452E-04	-3.73561E-01	8.76902E-01	3.02482E-01	1000010010	9.04507E+00	1.53069E-03	-1.88513E-02	-6.50266E-03	-3.73561E-01	8.76902E-01	3.02482E-01	PRIM
2.20798E-02	1000010010	1.39824E+01	-5.91699E-03	-4.36981E-04	6.84942E-04	-5.83012E-01	4.36981E-01	-6.84942E-01	1000010010	1.39824E+01	6.95576E-03	-1.00854E-02	1.58083E-02	-5.83012E-01	4.36981E-01	-6.84942E-01	PRIM
2.16243E-02	1000010010	1.26360E+02	-5.97609E-03	4.15269E-04	7.43551E-04	-5.23965E-01	-4.15311E-01	-7.43625E-01	1000010010	1.26360E+02	5.35430E-03	9.39608E-03	1.68239E-02	-5.23965E-01	-4.15311E-01	-7.43625E-01	PRIM
1.70611E-02	1000010010	5.43661E+00	-6.63436E-03	-4.90530E-04	-8.61004E-04	1.34361E-01	4.90530E-01	8.61004E-01	1000010010	5.43661E+00	-8.92670E-03	-8.85951E-03	-1.55507E-02	1.34361E-01	4.90530E-01	8.61004E-01	PRIM
1.74756E-02	1000010010	1.77771E+01	-6.56828E-03	7.28410E-05	9.95003E-04	6.82836E-02	-7.28410E-02	-9.95003E-01	1000010010	1.77771E+01	-7.76158E-03	1.34578E-03	1.83833E-02	6.82836E-02	-7.28410E-02	-9.95003E-01	PRIM
1.32351E-02	1000010010	5.52469E+01	-7.33818E-03	5.29715E-04	1.29833E-04	8.38180E-01	-5.29715E-01	-1.29833E-01	1000010010	5.52469E+01	-1.84316E-02	7.54057E-03	1.84819E-03	8.38180E-01	-5.29715E-01	-1.29833E-01	PRIM
1.70025E-02	1000010010	1.16502E+01	-6.64382E-03	-9.36369E-04	-3.20200E-04	1.43820E-01	9.36369E-01	3.20200E-01	1000010010	1.16502E+01	-9.08912E-03	-1.68570E-02	-5.76441E-03	1.43820E-01	9.36369E-01	3.20200E-01	PRIM
2.00190E-02	1000010010	6.92002E+00	-6.19241E-03	-2.60296E-05	9.51163E-04	-3.07591E-01	2.60296E-02	-9.51163E-01	1000010010	6.92002E+00	-3.47428E-05	-5.47116E-04	1.99925E-02	-3.07591E-01	2.60296E-02	-9.51163E-01	PRIM
2.09072E-02	1000010010	5.79140E+00	-6.07106E-03	5.80317E-04	-6.92130E-04	-4.28981E-01	-5.80375E-01	6.92199E-01	1000010010	5.79140E+00	2.89773E-03	1.27143E-02	-1.51641E-02	-4.28981E-01	-5.80375E-01	6.92199E-01	PRIM
2.02770E-02	1000010010	1.02832E+01	-6.15668E-03	9.32200E-04	-1.14614E-04	-3.43319E-01	-9.32200E-01	1.14614E-01	1000010010	1.02832E+01	8.04805E-04	1.98344E-02	-2.43864E-03	-3.43319E-01	-9.32200E-01	1.14614E-01	PRIM
1.74105E-02	1000010010	6.71901E+00	-6.57857E-03	-4.57722E-05	9.95757E-04	7.85745E-02	4.57768E-02	-9.95857E-01	1000010010	6.71901E+00	-7.94659E-03	-8.42770E-04	1.83342E-02	7.85745E-02	4.57768E-02	-9.95857E-01	PRIM
2.42189E-02	1000010010	6.13371E+00	-5.65130E-03	-4.88117E-05	-5.26618E-04	-8.48700E-01	4.88117E-02	5.26618E-01	1000010010	6.13371E+00	1.49033E-02	-1.23098E-03	-1.32807E-02	-8.48700E-01	4.88117E-02	5.26618E-01	PRIM
2.11099E-02	1000010010	6.30222E+00	-6.04390E-03	-6.90643E-04	-5.61234E-04	-4.56101E-01	6.90643E-01	5.61234E-01	1000010010	6.30222E+00	3.58433E-03	-1.52700E-02	-1.24088E-02	-4.56101E-01	6.90643E-01	5.61234E-01	PRIM
2.02828E-02	1000010010	5.53752E+00	-6.15588E-03	1.58836E-04	-9.25394E-04	-3.44118E-01	-1.58836E-01	9.25394E-01	1000010010	5.53752E+00	8.23808E-04	3.38048E-03	-1.96950E-02	-3.44118E-01	-1.58836E-01	9.25394E-01	PRIM
1.95073E-02	1000010010	6.85161E+00	-6.26448E-03	-1.88944E-04	9.53221E-04	-2.35543E-01	1.88963E-01	-9.53317E-01	1000010010	6.85161E+00	-1.66968E-03	-3.87510E-03	1.95498E-02	-2.35543E-01	1.88963E-01	-9.53317E-01	PRIM
1.80123E-02	1000010010	1.41147E+01	-6.48496E-03	-7.47078E-04	-6.64566E-04	-1.50369E-02	7.47078E-01	6.64566E-01	1000010010	1.41147E+01	-6.21411E-03	-1.42037E-02	-1.26349E-02	-1.50369E-02	7.47078E-01	6.64566E-01	PRIM
2.03980E-02	1000010010	6.52067E+00	-6.14011E-03	1.75307E-05	9.32723E-04	-3.59924E-01	-1.75324E-02	-9.32817E-01	1000010010	6.52067E+00	1.20164E-03	3.75158E-04	1.99603E-02	-3.59924E-01	-1.75324E-02	-9.32817E-01	PRIM
2.14533E-02	1000010010	5.79127E+00	-5.99844E-03	-1.46297E-04	8.52663E-04	-5.01561E-01	1.46297E-01	-8.52663E-01	1000010010	5.79127E+00	4.76172E-03	-3.28486E-03	1.91451E-02	-5.01561E-01	1.46297E-01	-8.52663E-01	PRIM
2.41677E-02	1000010010	1.08041E+01	-5.65756E-03	5.30652E-04	9.21940E-05	-8.42527E-01	-5.30705E-01	-9.22033E-02	1000010010	1.08041E+01	1.47043E-02	1.33566E-02	2.32053E-03	-8.42527E-01	-5.30705E-01	-9.22033E-02	PRIM
1.73165E-02	1000010010	7.36630E+00	-6.59347E-03	8.91861E-04	-4.42545E-04	9.34735E-02	-8.91861E-01	4.42545E-01	1000010010	7.36630E+00	-8.21210E-03	1.63357E-02	-8.10586E-03	9.34735E-02	-8.91861E-01	4.42545E-01	PRIM
2.02828E-02	1000010010	1.78563E+01	-6.15588E-03	1.58836E-04	-9.25394E-04	-3.44118E-01	-1.58836E-01	9.25394E-01	1000010010	1.78563E+01	8.23808E-04	3.38048E-03	-1.96950E-02	-3.44118E-01	-1.58836E-01	9.25394E-01	PRIM
2.07386E-02	1000010010	1.10673E+01	-6.09372E-03	-1.88258E-04	8.94146E-04	-4.06278E-01	1.88258E-01	-8.94146E-01	1000010010	1.10673E+01	2.33189E-03	-4.09246E-03	1.94374E-02	-4.06278E-01	1.88258E-01	-8.94146E-01	PRIM
2.05847E-02	1000010010	1.26728E+01	-6.11457E-03	-1.90561E-04	9.02848E-04	-3.85425E-01	1.90561E-01	-9.02848E-01	1000010010	1.26728E+01	1.81930E-03	-4.11321E-03	1.94877E-02	-3.85425E-01	1.90561E-01	-9.02848E-01	PRIM
1.93078E-02	1000010010	5.49391E+00	-6.29296E-03	-7.04747E-04	6.78577E-04	-2.07038E-01	7.04747E-01	-6.78577E-01	1000010010	5.49391E+00	-2.29551E-03	-1.43119E-02	1.37804E-02	-2.07038E-01	7.04747E-01	-6.78577E-01	PRIM
2.54628E-02	1000010010	7.98509E+00	-5.50432E-03	8.89278E-05	2.67729E-05	-9.95678E-01	-8.89278E-02	-2.67729E-02	1000010010	7.98509E+00	1.98484E-02	2.35328E-03	7.08487E-04	-9.95678E-01	-8.89278E-02	-2.67729E-02	PRIM
1.32567E-02	1000010010	5.78965E+00	-7.33360E-03	5.42867E-04	1.02011E-04	8.33600E-01	-5.42867E-01	-1.02011E-01	1000010010	5.78965E+00	-1.83844E-02	7.73948E-03	1.45434E-03	8.33600E-01	-5.42867E-01	-1.02011E-01	PRIM
1.86720E-02	1000010010	6.81744E+00	-6.38567E-03	3.52474E-04	-9.28811E-04	-1.14334E-01	-3.52474E-01	9.28811E-01	1000010010	6.81744E+00	-4.25081E-03	6.93388E-03	-1.82716E-02	-1.14334E-01	-3.52474E-01	9.28811E-01	PRIM
2.30554E-02	1000010010	6.94861E+00	-5.79358E-03	-5.43092E-05	-7.05710E-04	-7.06416E-01	5.43092E-02	7.05710E-01	1000010010	6.94861E+00	1.04931E-02	-1.30643E-03	-1.69761E-02	-7.06416E-01	5.43092E-02	7.05710E-01	PRIM
2.01784E-02	1000010010	1.14792E+02	-6.17030E-03	-7.64477E-04	-5.53959E-04	-3.29704E-01	7.64477E-01	5.53959E-01	1000010010	1.14792E+02	4.82606E-04	-1.61904E-02	-1.17319E-02	-3.29704E-01	7.64477E-01	5.53959E-01	PRIM
1.29622E-02	1000010010	9.65291E+00	-7.39697E-03	-4.34670E-04	8.06296E-05	8.96973E-01	4.34670E-01	-8.06296E-02	1000010010	9.65291E+00	-1.90237E-02	-6.06893E-03	1.12576E-03	8.96973E-01	4.34670E-01	-8.06296E-02	PRIM
2.20651E-02	1000010010	7.15279E+00	-5.91887E-03	-3.08585E-04	-7.53038E-04	-5.81127E-01	3.08585E-01	7.53038E-01	1000010010	7.15279E+00	6.90375E-03	-7.11755E-03	-1.73689E-02	-5.81127E-01	3.08585E-01	7.53038E-01	PRIM
1.31215E-02	1000010010	2.21424E+01	-7.36248E-03	-1.05487E-04	4.94967E-04	8.62485E-01	1.05487E-01	-4.94967E-01	1000010010	2.21424E+01	-1.86796E-02	-1.48963E-03	6.98966E-03	8.62485E-01	1.05487E-01	-4.94967E-01	PRIM
1.85611E-02	1000010010	7.99741E+00	-6.40213E-03	8.13691E-05	9.91868E-04	-9.78651E-02	-8.13691E-02	-9.91868E-01	1000010010	7.99741E+00	-4.58565E-03	1.59167E-03	1.94020E-02	-9.78651E-02	-8.13691E-02	-9.91868E-01	PRIM
2.36648E-02	1000010010	5.45269E+00	-5.71844E-03	3.05310E-04	5.44009E-04	-7.81563E-01	-3.05310E-01	-5.44009E-01	1000010010	5.45269E+00	1.27771E-02	7.53040E-03	1.34179E-02	-7.81563E-01	-3.05310E-01	-5.44009E-01	PRIM
1.44463E-02	1000010010	9.75061E+00	-7.09344E-03	-4.38868E-04	6.74705E-04	5.93437E-01	4.38868E-01	-6.74705E-01	1000010010	9.75061E+00	-1.56664E-02	-6.77887E-03	1.04217E-02	5.93437E-01	4.38868E-01	-6.74705E-01	PRIM
1.84139E-02	1000010010	5.75637E+00	-6.42413E-03	6.90100E-05	9.94727E-04	-7.58689E-02	-6.90100E-02	-9.94727E-01	1000010010	5.75637E+00	-5.02709E-03	1.33975E-03	1.93115E-02	-7.58689E-02	-6.90100E-02	-9.94727E-01	PRIM
2.16196E-02	1000010010	5.58491E+00	-5.97664E-03	8.50821E-04	4.69090E-05	-5.23358E-01	-8.50821E-01	-4.69090E-02	1000010010	5.58491E+00	5.33815E-03	1.92452E-02	1.06106E-03	-5.23358E-01	-8.50821E-01	-4.69090E-02	PRIM
2.21980E-02	1000010010	2.20735E+01	-5.90181E-03	-7.20370E-04	-3.51058E-04	-5.98185E-01	7.20370E-01	3.51058E-01	1000010010	2.20735E+01	7.37670E-03	-1.67111E-02	-8.14384E-03	-5.98185E-01	7.20370E-01	3.51058E-01	PRIM
2.48297E-02	1000010010	6.91635E+01	-5.57851E-03	-9.62529E-05	-3.76287E-04	-9.21490E-01	9.62529E-02	3.76287E-01	1000010010	6.91635E+01	1.73018E-02	-2.48618E-03	-9.71939E-03	-9.21490E-01	9.62529E-02	3.76287E-01	PRIM
1.71252E-02	1000010010	2.23601E+01	-6.62403E-03	7.95962E-04	-5.92503E-04	1.24032E-01	-7.95962E-01	5.92503E-01	1000010010	2.23601E+01	-8.74812E-03	1.44270E-02	-1.07393E-02	1.24032E-01	-7.95962E-01	5.92503E-01	PRIM
2.20798E-02	1000010010	6.60083E+00	-5.91699E-03	-4.36981E-04	6.84942E-04	-5.83012E-01	4.36981E-01	-6.84942E-01	1000010010	6.60083E+00	6.95576E-03	-1.00854E-02	1.58083E-02	-5.83012E-01	4.36981E-01	-6.84942E-01	PRIM
1.74105E-02	1000010010	6.58114E+00	-6.57857E-03	-4.57722E-05	9.95757E-04	7.85745E-02	4.57768E-02	-9.95857E-01	1000010010	6.58114E+00	-7.94659E-03	-8.42770E-04	1.83342E-02	7.85745E-02	4.57768E-02	-9.95857E-01	PRIM
2.00519E-02	1000010010	5.76919E+00	-6.18783E-03	-1.59876E-05	9.49893E-04	-3.12167E-01	1.59876E-02	-9.49893E-01	1000010010	5.76919E+00	7.17128E-05	-3.36570E-04	1.99970E-02	-3.12167E-01	1.59876E-02	-9.49893E-01	PRIM
2.03517E-02	1000010010	7.90318E+00	-6.14646E-03	5.89811E-05	9.33452E-04	-3.53573E-01	-5.89870E-02	-9.33545E-01	1000010010	7.90318E+00	1.04935E-03	1.25947E-03	1.99327E-02	-3.53573E-01	-5.89870E-02	-9.33545E-01	PRIM
2.14533E-02	1000010010	7.68564E+00	-5.99844E-03	-1.46297E-04	8.52663E-04	-5.01561E-01	1.46297E-01	-8.52663E-01	1000010010	7.68564E+00	4.76172E-03	-3.28486E-03	1.91451E-02	-5.01561E-01	1.46297E-01	-8.52663E-01	PRIM
2.04620E-02	1000010010	5.79698E+01	-6.13135E-03	-6.04806E-04	-7.05769E-04	-3.68684E-01	6.04866E-01	7.05839E-01	1000010010	5.79698E+01	1.41267E-03	-1.29816E-02	-1.51487E-02	-3.68684E-01	6.04866E-01	7.05839E-01	PRIM
2.00739E-02	1000010010	9.13664E+00	-6.18482E-03	-1.66029E-04	9.34289E-04	-3.15212E-01	1.66046E-01	-9.34382E-01	1000010010	9.13664E+00	1.42708E-04	-3.49922E-03	1.96910E-02	-3.15212E-01	1.66046E-01	-9.34382E-01	PRIM
1.96807E-02	1000010010	1.35109E+01	-6.23985E-03	2.26623E-04	-9.38597E-04	-2.60150E-01	-2.26623E-01	9.38597E-01	1000010010	1.35109E+01	-1.11991E-03	4.68673E-03	-1.94108E-02	-2.60150E-01	-2.26623E-01	9.38597E-01	PRIM
2.52994E-02	1000010010	5.11350E+00	-5.52335E-03	1.03823E-04	-1.88106E-04	-9.76646E-01	-1.03823E-01	1.88106E-01	1000010010	5.11350E+00	1.91852E-02	2.73048E-03	-4.94708E-03	-9.76646E-01	-1.03823E-01	1.88106E-01	PRIM
1.84077E-02	1000010010	1.23876E+01	-6.42505E-03	7.30344E-04	-6.78956E-04	-7.49474E-02	-7.30344E-01	6.78956E-01	1000010010	1.23876E+01	-5.04544E-03	1.41743E-02	-1.31770E-02	-7.49474E-02	-7.30344E-01	6.78956E-01	PRIM
2.04978E-02	1000010010	6.37312E+00	-6.12648E-03	-8.76814E-04	-3.02452E-04	-3.73561E-01	8.76902E-01	3.02482E-01	1000010010	6.37312E+00	1.53069E-03	-1.88513E-02	-6.50266E-03	-3.73561E-01	8.76902E-01	3.02482E-01	PRIM
1.95154E-02	1000010010	5.14695E+00	-6.26329E-03	9.69924E-04	-5.67165E-05	-2.36707E-01	-9.69924E-01	5.67165E-02	1000010010	5.14695E+00	-1.64387E-03	1.98983E-02	-1.16356E-03	-2.36707E-01	-9.69924E-01	5.67165E-02	PRIM
2.20798E-02	1000010010	5.47083E+00	-5.91699E-03	-4.36981E-04	6.84942E-04	-5.83012E-01	4.36981E-01	-6.84942E-01	1000010010	5.47083E+00	6.95576E-03	-1.00854E-02	1.58083E-02	-5.83012E-01	4.36981E-01	-6.84942E-01	PRIM
1.86720E-02	1000010010	7.41097E+01	-6.38567E-03	3.52474E-04	-9.28811E-04	-1.14334E-01	-3.52474E-01	9.28811E-01	1000010010	7.41097E+01	-4.25081E-03	6.93388E-03	-1.82716E-02	-1.14334E-01	-3.52474E-01	9.28811E-01	PRIM
1.44463E-02	1000010010	6.46473E+00	-7.09344E-03	-4.38868E-04	6.74705E-04	5.93437E-01	4.38868E-01	-6.74705E-01	1000010010	6.46473E+00	-1.56664E-02	-6.77887E-03	1.04217E-02	5.93437E-01	4.38868E-01	-6.74705E-01	PRIM
1.96807E-02	1000010010	7.49180E+00	-6.23985E-03	2.26623E-04	-9.38597E-04	-2.60150E-01	-2.26623E-01	9.38597E-01	1000010010	7.49180E+00	-1.11991E-03	4.68673E-03	-1.94108E-02	-2.60150E-01	-2.26623E-01	9.38597E-01	PRIM
2.44260E-02	1000010010	1.76491E+01	-5.62657E-03	4.35145E-04	2.18119E-04	-8.73513E-01	-4.35188E-01	-2.18141E-01	1000010010	1.76491E+01	1.57099E-02	1.10651E-02	5.54644E-03	-8.73513E-01	-4.35188E-01	-2.18141E-01	PRIM
2.25461E-02	1000010010	8.87032E+00	-5.85758E-03	6.92075E-04	-3.28824E-04	-6.42487E-01	-6.92144E-01	3.28857E-01	1000010010	8.87032E+00	8.62801E-03	1.62972E-02	-7.74327E-03	-6.42487E-01	-6.92144E-01	3.28857E-01	PRIM
1.44127E-02	1000010010	5.78888E+00	-7.09991E-03	-7.81391E-04	-1.71872E-04	5.99906E-01	7.81391E-01	1.71872E-01	1000010010	5.78888E+00	-1.57462E-02	-1.20433E-02	-2.64901E-03	5.99906E-01	7.81391E-01	1.71872E-01	PRIM
1.95954E-02	1000010010	5.09854E+00	-6.25192E-03	2.29752E-04	9.41101E-04	-2.48079E-01	-2.29752E-01	-9.41101E-01	1000010010	5.09854E+00	-1.39071E-03	4.73183E-03	1.93824E-02	-2.48079E-01	-2.29752E-01	-9.41101E-01	PRIM
1.45820E-02	1000010010	6.02248E+00	-7.06747E-03	-8.05680E-04	-1.69870E-04	5.67472E-01	8.05680E-01	1.69870E-01	1000010010	6.02248E+00	-1.53424E-02	-1.25541E-02	-2.64691E-03	5.67472E-01	8.05680E-01	1.69870E-01	PRIM
1.85611E-02	1000010010	5.90243E+00	-6.40213E-03	8.13691E-05	9.91868E-04	-9.78651E-02	-8.13691E-02	-9.91868E-01	1000010010	5.90243E+00	-4.58565E-03	1.59167E-03	1.94020E-02	-9.78651E-02	-8.13691E-02	-9.91868E-01	PRIM
1.43078E-02	1000010010	9.83901E+00	-7.12021E-03	1.07408E-04	7.77046E-04	6.20212E-01	-1.07408E-01	-7.77046E-01	1000010010	9.83901E+00	-1.59941E-02	1.64417E-03	1.18948E-02	6.20212E-01	-1.07408E-01	-7.77046E-01	PRIM
2.11099E-02	1000010010	5.92503E+00	-6.04390E-03	-6.90643E-04	-5.61234E-04	-4.56101E-01	6.90643E-01	5.61234E-01	1000010010	5.92503E+00	3.58433E-03	-1.52700E-02	-1.24088E-02	-4.56101E-01	6.90643E-01	5.61234E-01	PRIM
2.07386E-02	1000010010	1.41944E+01	-6.09372E-03	-1.88258E-04	8.94146E-04	-4.06278E-01	1.88258E-01	-8.94146E-01	1000010010	1.41944E+01	2.33189E-03	-4.09246E-03	1.94374E-02	-4.06278E-01	1.88258E-01	-8.94146E-01	PRIM
2.16196E-02	1000010010	5.32716E+00	-5.97664E-03	8.50821E-04	4.69090E-05	-5.23358E-01	-8.50821E-01	-4.69090E-02	1000010010	5.32716E+00	5.33815E-03	1.92452E-02	1.06106E-03	-5.23358E-01	-8.50821E-01	-4.69090E-02	PRIM
2.13629E-02	1000010010	2.49816E+01	-6.01036E-03	-4.72273E-04	7.32944E-04	-4.89644E-01	4.72273E-01	-7.32944E-01	1000010010	2.49816E+01	4.44985E-03	-1.05614E-02	1.63907E-02	-4.89644E-01	4.72273E-01	-7.32944E-01	PRIM
2.37475E-02	1000010010	1.13461E+01	-5.70844E-03	-5.91021E-04	1.54695E-04	-7.91637E-01	5.91080E-01	-1.54710E-01	1000010010	1.13461E+01	1.30909E-02	-1.46277E-02	3.82868E-03	-7.91637E-01	5.91080E-01	-1.54710E-01	PRIM
2.36648E-02	1000010010	2.54541E+01	-5.71844E-03	3.05310E-04	5.44009E-04	-7.81563E-01	-3.05310E-01	-5.44009E-01	1000010010	2.54541E+01	1.27771E-02	7.53040E-03	1.34179E-02	-7.81563E-01	-3.05310E-01	-5.44009E-01	PRIM
1.58753E-02	1000010010	6.13579E+00	-6.83262E-03	-9.25857E-04	1.78748E-04	3.32657E-01	9.25949E-01	-1.78766E-01	1000010010	6.13579E+00	-1.21137E-02	-1.56256E-02	3.01672E-03	3.32657E-01	9.25949E-01	-1.78766E-01	PRIM
1.50142E-02	1000010010	1.69325E+01	-6.98653E-03	6.12092E-04	-6.23239E-04	4.86584E-01	-6.12153E-01	6.23301E-01	1000010010	1.69325E+01	-1.42922E-02	9.80309E-03	-9.98161E-03	4.86584E-01	-6.12153E-01	6.23301E-01	PRIM
1.95837E-02	1000010010	6.33595E+00	-6.25359E-03	4.97189E-06	9.69152E-04	-2.46412E-01	-4.97189E-03	-9.69152E-01	1000010010	6.33595E+00	-1.42793E-03	1.02340E-04	1.99487E-02	-2.46412E-01	-4.97189E-03	-9.69152E-01	PRIM
1.77388E-02	1000010010	1.71995E+01	-6.52712E-03	3.78193E-04	9.25330E-04	2.71161E-02	-3.78193E-01	-9.25330E-01	1000010010	1.71995E+01	-7.00812E-03	7.08690E-03	1.73396E-02	2.71161E-02	-3.78193E-01	-9.25330E-01	PRIM
1.66453E-02	1000010010	1.01289E+01	-6.70225E-03	8.59465E-04	4.69482E-04	2.02253E-01	-8.59465E-01	-4.69482E-01	1000010010	1.01289E+01	-1.00688E-02	1.51655E-02	8.28413E-03	2.02253E-01	-8.59465E-01	-4.69482E-01	PRIM
1.96807E-02	1000010010	8.59221E+00	-6.23985E-03	2.26623E-04	-9.38597E-04	-2.60150E-01	-2.26623E-01	9.38597E-01	1000010010	8.59221E+00	-1.11991E-03	4.68673E-03	-1.94108E-02	-2.60150E-01	-2.26623E-01	9.38597E-01	PRIM
2.25111E-02	1000010010	2.36436E+01	-5.86201E-03	2.47451E-04	-7.29067E-04	-6.38052E-01	-2.47476E-01	7.29140E-01	1000010010	2.36436E+01	8.50123E-03	5.81840E-03	-1.71428E-02	-6.38052E-01	-2.47476E-01	7.29140E-01	PRIM
2.02332E-02	1000010010	5.20581E+00	-6.16272E-03	-6.58980E-04	6.72303E-04	-3.37275E-01	6.58980E-01	-6.72303E-01	1000010010	5.20581E+00	6.61435E-04	-1.39922E-02	1.42751E-02	-3.37275E-01	6.58980E-01	-6.72303E-01	PRIM
1.34655E-02	1000010010	1.28703E+01	-7.28967E-03	5.91497E-04	1.62940E-04	7.89672E-01	-5.91497E-01	-1.62940E-01	1000010010	1.28703E+01	-1.79230E-02	8.55631E-03	2.35700E-03	7.89672E-01	-5.91497E-01	-1.62940E-01	PRIM
2.40620E-02	1000010010	8.97010E+00	-5.67020E-03	5.24794E-04	-1.89813E-04	-8.29796E-01	-5.24794E-01	1.89813E-01	1000010010	8.97010E+00	1.42963E-02	1.31524E-02	-4.75709E-03	-8.29796E-01	-5.24794E-01	1.89813E-01	PRIM
2.11099E-02	1000010010	1.66183E+01	-6.04390E-03	-6.90643E-04	-5.61234E-04	-4.56101E-01	6.90643E-01	5.61234E-01	1000010010	1.66183E+01	3.58433E-03	-1.52700E-02	-1.24088E-02	-4.56101E-01	6.90643E-01	5.61234E-01	PRIM
1.97976E-02	1000010010	5.21900E+00	-6.22338E-03	7.34389E-04	-6.19801E-04	-2.76622E-01	-7.34389E-01	6.19801E-01	1000010010	5.21900E+00	-7.46927E-04	1.52735E-02	-1.28904E-02	-2.76622E-01	-7.34389E-01	6.19801E-01	PRIM
1.74756E-02	1000010010	5.93306E+00	-6.56828E-03	7.28410E-05	9.95003E-04	6.82836E-02	-7.28410E-02	-9.95003E-01	1000010010	5.93306E+00	-7.76158E-03	1.34578E-03	1.83833E-02	6.82836E-02	-7.28410E-02	-9.95003E-01	PRIM
1.97357E-02	1000010010	1.61027E+02	-6.23213E-03	4.45187E-04	-8.54313E-04	-2.67902E-01	-4.45232E-01	8.54399E-01	1000010010	1.61027E+02	-9.44891E-04	9.23216E-03	-1.77165E-02	-2.67902E-01	-4.45232E-01	8.54399E-01	PRIM
2.21591E-02	1000010010	6.03106E+00	-5.90680E-03	-7.18320E-04	3.63497E-04	-5.93200E-01	7.18320E-01	-3.63497E-01	1000010010	6.03106E+00	7.23798E-03	-1.66356E-02	8.41826E-03	-5.93200E-01	7.18320E-01	-3.63497E-01	PRIM
1.90256E-02	1000010010	8.81253E+00	-6.33377E-03	2.83179E-04	-9.44551E-04	-1.66233E-01	-2.83179E-01	9.44551E-01	1000010010	8.81253E+00	-3.17109E-03	5.67084E-03	-1.89152E-02	-1.66233E-01	-2.83179E-01	9.44551E-01	PRIM
2.04978E-02	1000010010	5.12190E+00	-6.12648E-03	-8.76814E-04	-3.02452E-04	-3.73561E-01	8.76902E-01	3.02482E-01	1000010010	5.12190E+00	1.53069E-03	-1.88513E-02	-6.50266E-03	-3.73561E-01	8.76902E-01	3.02482E-01	PRIM
1.98926E-02	1000010010	6.53818E+00	-6.21005E-03	-8.02796E-05	9.53670E-04	-2.89945E-01	8.02796E-02	-9.53670E-01	1000010010	6.53818E+00	-4.42289E-04	-1.67725E-03	1.99246E-02	-2.89945E-01	8.02796E-02	-9.53670E-01	PRIM
1.84139E-02	1000010010	9.24083E+01	-6.42413E-03	6.90100E-05	9.94727E-04	-7.58689E-02	-6.90100E-02	-9.94727E-01	1000010010	9.24083E+01	-5.02709E-03	1.33975E-03	1.93115E-02	-7.58689E-02	-6.90100E-02	-9.94727E-01	PRIM
1.93078E-02	1000010010	6.80489E+00	-6.29296E-03	-7.04747E-04	6.78577E-04	-2.07038E-01	7.04747E-01	-6.78577E-01	1000010010	6.80489E+00	-2.29551E-03	-1.43119E-02	1.37804E-02	-2.07038E-01	7.04747E-01	-6.78577E-01	PRIM
1.96807E-02	1000010010	7.39672E+00	-6.23985E-03	2.26623E-04	-9.38597E-04	-2.60150E-01	-2.26623E-01	9.38597E-01	1000010010	7.39672E+00	-1.11991E-03	4.68673E-03	-1.94108E-02	-2.60150E-01	-2.26623E-01	9.38597E-01	PRIM
2.49812E-02	1000010010	5.15967E+00	-5.56075E-03	3.35249E-04	7.22827E-05	-9.39340E-01	-3.35283E-01	-7.22899E-02	1000010010	5.15967E+00	1.79051E-02	8.71101E-03	1.87817E-03	-9.39340E-01	-3.35283E-01	-7.22899E-02	PRIM
2.00739E-02	1000010010	1.21782E+01	-6.18482E-03	-1.66029E-04	9.34289E-04	-3.15212E-01	1.66046E-01	-9.34382E-01	1000010010	1.21782E+01	1.42708E-04	-3.49922E-03	1.96910E-02	-3.15212E-01	1.66046E-01	-9.34382E-01	PRIM
2.25461E-02	1000010010	1.38549E+01	-5.85758E-03	6.92075E-04	-3.28824E-04	-6.42487E-01	-6.92144E-01	3.28857E-01	1000010010	1.38549E+01	8.62801E-03	1.62972E-02	-7.74327E-03	-6.42487E-01	-6.92144E-01	3.28857E-01	PRIM
1.94028E-02	1000010010	1.59507E+02	-6.27935E-03	-3.22525E-05	9.74820E-04	-2.20649E-01	3.22525E-02	-9.74820E-01	1000010010	1.59507E+02	-1.99815E-03	-6.58041E-04	1.98891E-02	-2.20649E-01	3.22525E-02	-9.74820E-01	PRIM
2.42189E-02	1000010010	5.26250E+00	-5.65130E-03	-4.88117E-05	-5.26618E-04	-8.48700E-01	4.88117E-02	5.26618E-01	1000010010	5.26250E+00	1.49033E-02	-1.23098E-03	-1.32807E-02	-8.48700E-01	4.88117E-02	5.26618E-01	PRIM
1.73165E-02	1000010010	9.65040E+00	-6.59347E-03	8.91861E-04	-4.42545E-04	9.34735E-02	-8.91861E-01	4.42545E-01	1000010010	9.65040E+00	-8.21210E-03	1.63357E-02	-8.10586E-03	9.34735E-02	-8.91861E-01	4.42545E-01	PRIM
1.74068E-02	1000010010	8.47178E+00	-6.57914E-03	9.70549E-04	-2.27533E-04	7.91445E-02	-9.70549E-01	2.27533E-01	1000010010	8.47178E+00	-7.95680E-03	1.78647E-02	-4.18816E-03	7.91445E-02	-9.70549E-01	2.27533E-01	PRIM
1.57430E-02	1000010010	9.03381E+00	-6.85570E-03	-7.68711E-04	5.31567E-04	3.55696E-01	7.68711E-01	-5.31567E-01	1000010010	9.03381E+00	-1.24554E-02	-1.28706E-02	8.90004E-03	3.55696E-01	7.68711E-01	-5.31567E-01	PRIM
1.44127E-02	1000010010	2.25380E+01	-7.09991E-03	-7.81391E-04	-1.71872E-04	5.99906E-01	7.81391E-01	1.71872E-01	1000010010	2.25380E+01	-1.57462E-02	-1.20433E-02	-2.64901E-03	5.99906E-01	7.81391E-01	1.71872E-01	PRIM
1.39631E-02	1000010010	5.94120E+00	-7.18813E-03	-4.35492E-06	7.25578E-04	6.88127E-01	4.35492E-03	-7.25578E-01	1000010010	5.94120E+00	-1.67965E-02	-6.51633E-05	1.08569E-02	6.88127E-01	4.35492E-03	-7.25578E-01	PRIM
2.30312E-02	1000010010	2.46247E+01	-5.79659E-03	-7.09494E-04	-4.28891E-05	-7.03405E-01	7.09494E-01	4.28891E-02	1000010010	2.46247E+01	1.04037E-02	-1.70500E-02	-1.03068E-03	-7.03405E-01	7.09494E-01	4.28891E-02	PRIM
2.13901E-02	1000010010	7.53193E+00	-6.00677E-03	-5.08139E-05	-8.68411E-04	-4.93234E-01	5.08139E-02	8.68411E-01	1000010010	7.53193E+00	4.54356E-03	-1.13773E-03	-1.94438E-02	-4.93234E-01	5.08139E-02	8.68411E-01	PRIM
2.02332E-02	1000010010	7.90957E+00	-6.16272E-03	-6.58980E-04	6.72303E-04	-3.37275E-01	6.58980E-01	-6.72303E-01	1000010010	7.90957E+00	6.61435E-04	-1.39922E-02	1.42751E-02	-3.37275E-01	6.58980E-01	-6.72303E-01	PRIM
1.31282E-02	1000010010	8.31396E+00	-7.36097E-03	-3.75907E-04	3.42385E-04	8.61054E-01	3.75945E-01	-3.42419E-01	1000010010	8.31396E+00	-1.86651E-02	-5.31140E-03	4.83774E-03	8.61054E-01	3.75945E-01	-3.42419E-01	PRIM
2.01732E-02	1000010010	1.27884E+01	-6.17101E-03	7.86335E-04	5.22918E-04	-3.28989E-01	-7.86335E-01	-5.22918E-01	1000010010	1.27884E+01	4.65756E-04	1.66492E-02	1.10718E-02	-3.28989E-01	-7.86335E-01	-5.22918E-01	PRIM
1.64818E-02	1000010010	2.07814E+01	-6.72941E-03	-8.48808E-04	-4.76339E-04	2.29405E-01	8.48808E-01	4.76339E-01	1000010010	2.07814E+01	-1.05104E-02	-1.48387E-02	-8.32727E-03	2.29405E-01	8.48808E-01	4.76339E-01	PRIM
1.30266E-02	1000010010	9.39024E+00	-7.38297E-03	-3.93300E-04	2.56294E-04	8.82966E-01	3.93300E-01	-2.56294E-01	1000010010	9.39024E+00	-1.88850E-02	-5.51666E-03	3.59493E-03	8.82966E-01	3.93300E-01	-2.56294E-01	PRIM
2.49812E-02	1000010010	9.24685E+00	-5.56075E-03	3.35249E-04	7.22827E-05	-9.39340E-01	-3.35283E-01	-7.22899E-02	1000010010	9.24685E+00	1.79051E-02	8.71101E-03	1.87817E-03	-9.39340E-01	-3.35283E-01	-7.22899E-02	PRIM
1.60350E-02	1000010010	1.81979E+01	-6.80506E-03	-3.52893E-04	8.84536E-04	3.05062E-01	3.52893E-01	-8.84536E-01	1000010010	1.81979E+01	-1.16967E-02	-6.01154E-03	1.50681E-02	3.05062E-01	3.52893E-01	-8.84536E-01	PRIM
2.15607E-02	1000010010	1.74265E+01	-5.98434E-03	6.73950E-04	5.29046E-04	-5.15657E-01	-6.73950E-01	-5.29046E-01	1000010010	1.74265E+01	5.13359E-03	1.52048E-02	1.19357E-02	-5.15657E-01	-6.73950E-01	-5.29046E-01	PRIM
2.13629E-02	1000010010	1.06770E+01	-6.01036E-03	-4.72273E-04	7.32944E-04	-4.89644E-01	4.72273E-01	-7.32944E-01	1000010010	1.06770E+01	4.44985E-03	-1.05614E-02	1.63907E-02	-4.89644E-01	4.72273E-01	-7.32944E-01	PRIM
2.47717E-02	1000010010	1.42990E+01	-5.58537E-03	-3.90447E-04	1.04935E-04	-9.14625E-01	3.90447E-01	-1.04935E-01	1000010010	1.42990E+01	1.70714E-02	-1.00625E-02	2.70434E-03	-9.14625E-01	3.90447E-01	-1.04935E-01	PRIM
1.84077E-02	1000010010	5.25758E+00	-6.42505E-03	7.30344E-04	-6.78956E-04	-7.49474E-02	-7.30344E-01	6.78956E-01	1000010010	5.25758E+00	-5.04544E-03	1.41743E-02	-1.31770E-02	-7.49474E-02	-7.30344E-01	6.78956E-01	PRIM
1.70611E-02	1000010010	1.84562E+01	-6.63436E-03	-4.90530E-04	-8.61004E-04	1.34361E-01	4.90530E-01	8.61004E-01	1000010010	1.84562E+01	-8.92670E-03	-8.85951E-03	-1.55507E-02	1.34361E-01	4.90530E-01	8.61004E-01	PRIM
1.71252E-02	1000010010	1.08982E+01	-6.62403E-03	7.95962E-04	-5.92503E-04	1.24032E-01	-7.95962E-01	5.92503E-01	1000010010	1.08982E+01	-8.74812E-03	1.44270E-02	-1.07393E-02	1.24032E-01	-7.95962E-01	5.92503E-01	PRIM
1.60350E-02	1000010010	6.03558E+00	-6.80506E-03	-3.52893E-04	8.84536E-04	3.05062E-01	3.52893E-01	-8.84536E-01	1000010010	6.03558E+00	-1.16967E-02	-6.01154E-03	1.50681E-02	3.05062E-01	3.52893E-01	-8.84536E-01	PRIM
2.25111E-02	1000010010	8.31450E+01	-5.86201E-03	2.47451E-04	-7.29067E-04	-6.38052E-01	-2.47476E-01	7.29140E-01	1000010010	8.31450E+01	8.50123E-03	5.81840E-03	-1.71428E-02	-6.38052E-01	-2.47476E-01	7.29140E-01	PRIM
1.78029E-02	1000010010	2.27086E+01	-6.51720E-03	-5.28759E-04	8.48480E-04	1.72029E-02	5.28812E-01	-8.48564E-01	1000010010	2.27086E+01	-6.82346E-03	-9.94315E-03	1.59554E-02	1.72029E-02	5.28812E-01	-8.48564E-01	PRIM
1.93101E-02	1000010010	9.20018E+00	-6.29264E-03	-2.12144E-05	9.78036E-04	-2.07356E-01	2.12144E-02	-9.78036E-01	1000010010	9.20018E+00	-2.28859E-03	-4.30865E-04	1.98640E-02	-2.07356E-01	2.12144E-02	-9.78036E-01	PRIM
1.30266E-02	1000010010	5.85787E+01	-7.38297E-03	-3.93300E-04	2.56294E-04	8.82966E-01	3.93300E-01	-2.56294E-01	1000010010	5.85787E+01	-1.88850E-02	-5.51666E-03	3.59493E-03	8.82966E-01	3.93300E-01	-2.56294E-01	PRIM
2.25111E-02	1000010010	6.18661E+00	-5.86201E-03	2.47451E-04	-7.29067E-04	-6.38052E-01	-2.47476E-01	7.29140E-01	1000010010	6.18661E+00	8.50123E-03	5.81840E-03	-1.71428E-02	-6.38052E-01	-2.47476E-01	7.29140E-01	PRIM
2.07386E-02	1000010010	1.36753E+01	-6.09372E-03	-1.88258E-04	8.94146E-04	-4.06278E-01	1.88258E-01	-8.94146E-01	1000010010	1.36753E+01	2.33189E-03	-4.09246E-03	1.94374E-02	-4.06278E-01	1.88258E-01	-8.94146E-01	PRIM
2.32492E-02	1000010010	1.63265E+01	-5.76953E-03	-3.81278E-04	-5.66605E-04	-7.30469E-01	3.81278E-01	5.66605E-01	1000010010	1.63265E+01	1.12133E-02	-9.24567E-03	-1.37397E-02	-7.30469E-01	3.81278E-01	5.66605E-01	PRIM
2.37475E-02	1000010010	5.70653E+00	-5.70844E-03	-5.91021E-04	1.54695E-04	-7.91637E-01	5.91080E-01	-1.54710E-01	1000010010	5.70653E+00	1.30909E-02	-1.46277E-02	3.82868E-03	-7.91637E-01	5.91080E-01	-1.54710E-01	PRIM
1.89408E-02	1000010010	2.00919E+01	-6.34613E-03	1.24039E-04	9.80275E-04	-1.53868E-01	-1.24039E-01	-9.80275E-01	1000010010	2.00919E+01	-3.43174E-03	2.47345E-03	1.95475E-02	-1.53868E-01	-1.24039E-01	-9.80275E-01	PRIM
1.96226E-02	1000010010	1.04076E+01	-6.24806E-03	-2.89648E-04	-9.23380E-04	-2.51938E-01	2.89648E-01	9.23380E-01	1000010010	1.04076E+01	-1.30437E-03	-5.97331E-03	-1.90425E-02	-2.51938E-01	2.89648E-01	9.23380E-01	PRIM
2.40186E-02	1000010010	4.43143E+01	-5.67544E-03	5.04465E-04	2.56167E-04	-8.24557E-01	-5.04465E-01	-2.56167E-01	1000010010	4.43143E+01	1.41293E-02	1.26210E-02	6.40894E-03	-8.24557E-01	-5.04465E-01	-2.56167E-01	PRIM
2.07499E-02	1000010010	5.06962E+00	-6.09224E-03	-9.94988E-05	-9.07541E-04	-4.07801E-01	9.95087E-02	9.07632E-01	1000010010	5.06962E+00	2.36961E-03	-2.16430E-03	-1.97408E-02	-4.07801E-01	9.95087E-02	9.07632E-01	PRIM
2.35256E-02	1000010010	1.68973E+01	-5.73547E-03	-4.25644E-04	4.84072E-04	-7.64527E-01	4.25644E-01	-4.84072E-01	1000010010	1.68973E+01	1.22505E-02	-1.04392E-02	1.18722E-02	-7.64527E-01	4.25644E-01	-4.84072E-01	PRIM
2.03980E-02	1000010010	3.64702E+01	-6.14011E-03	1.75307E-05	9.32723E-04	-3.59924E-01	-1.75324E-02	-9.32817E-01	1000010010	3.64702E+01	1.20164E-03	3.75158E-04	1.99603E-02	-3.59924E-01	-1.75324E-02	-9.32817E-01	PRIM
2.03165E-02	1000010010	8.66539E+00	-6.15125E-03	1.31443E-05	9.37123E-04	-3.48752E-01	-1.31443E-02	-9.37123E-01	1000010010	8.66539E+00	9.34191E-04	2.80190E-04	1.99762E-02	-3.48752E-01	-1.31443E-02	-9.37123E-01	PRIM
2.17200E-02	1000010010	8.08258E+00	-5.96354E-03	-1.80574E-04	-8.24384E-04	-5.36456E-01	1.80574E-01	8.24384E-01	1000010010	8.08258E+00	5.68826E-03	-4.10263E-03	-1.87300E-02	-5.36456E-01	1.80574E-01	8.24384E-01	PRIM
2.21986E-02	1000010010	6.85206E+00	-5.90182E-03	8.56820E-05	7.96639E-04	-5.98244E-01	-8.56905E-02	-7.96719E-01	1000010010	6.85206E+00	7.37833E-03	1.98789E-03	1.84827E-02	-5.98244E-01	-8.56905E-02	-7.96719E-01	PRIM
1.70025E-02	1000010010	5.89177E+00	-6.64382E-03	-9.36369E-04	-3.20200E-04	1.43820E-01	9.36369E-01	3.20200E-01	1000010010	5.89177E+00	-9.08912E-03	-1.68570E-02	-5.76441E-03	1.43820E-01	9.36369E-01	3.20200E-01	PRIM
1.84077E-02	1000010010	3.57435E+01	-6.42505E-03	7.30344E-04	-6.78956E-04	-7.49474E-02	-7.30344E-01	6.78956E-01	1000010010	3.57435E+01	-5.04544E-03	1.41743E-02	-1.31770E-02	-7.49474E-02	-7.30344E-01	6.78956E-01	PRIM
2.24595E-02	1000010010	6.06629E+00	-5.86848E-03	-5.89755E-04	-5.03360E-04	-6.31521E-01	5.89755E-01	5.03360E-01	1000010010	6.06629E+00	8.31514E-03	-1.38353E-02	-1.18085E-02	-6.31521E-01	5.89755E-01	5.03360E-01	PRIM
2.17200E-02	1000010010	1.49883E+01	-5.96354E-03	-1.80574E-04	-8.24384E-04	-5.36456E-01	1.80574E-01	8.24384E-01	1000010010	1.49883E+01	5.68826E-03	-4.10263E-03	-1.87300E-02	-5.36456E-01	1.80574E-01	8.24384E-01	PRIM
1.96807E-02	1000010010	1.33702E+01	-6.23985E-03	2.26623E-04	-9.38597E-04	-2.60150E-01	-2.26623E-01	9.38597E-01	1000010010	1.33702E+01	-1.11991E-03	4.68673E-03	-1.94108E-02	-2.60150E-01	-2.26623E-01	9.38597E-01	PRIM
2.25054E-02	1000010010	2.25499E+01	-5.86266E-03	-3.45494E-04	-6.88790E-04	-6.37340E-01	3.45494E-01	6.88790E-01	1000010010	2.25499E+01	8.48091E-03	-8.12096E-03	-1.61903E-02	-6.37340E-01	3.45494E-01	6.88790E-01	PRIM
1.83222E-02	1000010010	6.85958E+00	-6.43793E-03	7.13207E-04	6.98056E-04	-6.20800E-02	-7.13279E-01	-6.98126E-01	1000010010	6.85958E+00	-5.30048E-03	1.37820E-02	1.34893E-02	-6.20800E-02	-7.13279E-01	-6.98126E-01	PRIM
1.96232E-02	1000010010	1.80116E+01	-6.24799E-03	8.49027E-04	4.64375E-04	-2.52012E-01	-8.49027E-01	-4.64375E-01	1000010010	1.80116E+01	-1.30271E-03	1.75096E-02	9.57687E-03	-2.52012E-01	-8.49027E-01	-4.64375E-01	PRIM
2.20798E-02	1000010010	6.85386E+00	-5.91699E-03	-4.36981E-04	6.84942E-04	-5.83012E-01	4.36981E-01	-6.84942E-01	1000010010	6.85386E+00	6.95576E-03	-1.00854E-02	1.58083E-02	-5.83012E-01	4.36981E-01	-6.84942E-01	PRIM
2.18564E-02	1000010010	1.30691E+01	-5.94582E-03	-7.24127E-05	8.29239E-04	-5.54183E-01	7.24127E-02	-8.29239E-01	1000010010	1.30691E+01	6.16665E-03	-1.65510E-03	1.89534E-02	-5.54183E-01	7.24127E-02	-8.29239E-01	PRIM
2.04620E-02	1000010010	1.35035E+01	-6.13135E-03	-6.04806E-04	-7.05769E-04	-3.68684E-01	6.04866E-01	7.05839E-01	1000010010	1.35035E+01	1.41267E-03	-1.29816E-02	-1.51487E-02	-3.68684E-01	6.04866E-01	7.05839E-01	PRIM
1.32567E-02	1000010010	5.74162E+00	-7.33360E-03	5.42867E-04	1.02011E-04	8.33600E-01	-5.42867E-01	-1.02011E-01	1000010010	5.74162E+00	-1.83844E-02	7.73948E-03	1.45434E-03	8.33600E-01	-5.42867E-01	-1.02011E-01	PRIM
1.58753E-02	1000010010	1.85112E+01	-6.83262E-03	-9.25857E-04	1.78748E-04	3.32657E-01	9.25949E-01	-1.78766E-01	1000010010	1.85112E+01	-1.21137E-02	-1.56256E-02	3.01672E-03	3.32657E-01	9.25949E-01	-1.78766E-01	PRIM
1.55875E-02	1000010010	1.14283E+01	-6.88307E-03	9.04246E-04	-1.88669E-04	3.83070E-01	-9.04246E-01	1.88669E-01	1000010010	1.14283E+01	-1.28542E-02	1.49992E-02	-3.12955E-03	3.83070E-01	-9.04246E-01	1.88669E-01	PRIM
1.82948E-02	1000010010	5.09762E+00	-6.44203E-03	5.19084E-04	8.52755E-04	-5.79688E-02	-5.19084E-01	-8.52755E-01	1000010010	5.09762E+00	-5.38150E-03	1.00156E-02	1.64538E-02	-5.79688E-02	-5.19084E-01	-8.52755E-01	PRIM
1.92133E-02	1000010010	1.00215E+01	-6.30657E-03	-9.14170E-04	-3.56200E-04	-1.93428E-01	9.14170E-01	3.56200E-01	1000010010	1.00215E+01	-2.59018E-03	-1.84784E-02	-7.19997E-03	-1.93428E-01	9.14170E-01	3.56200E-01	PRIM
2.30554E-02	1000010010	8.18728E+00	-5.79358E-03	-5.43092E-05	-7.05710E-04	-7.06416E-01	5.43092E-02	7.05710E-01	1000010010	8.18728E+00	1.04931E-02	-1.30643E-03	-1.69761E-02	-7.06416E-01	5.43092E-02	7.05710E-01	PRIM
1.93860E-02	1000010010	5.12082E+00	-6.28175E-03	2.07107E-05	-9.75673E-04	-2.18252E-01	-2.07107E-02	9.75673E-01	1000010010	5.12082E+00	-2.05071E-03	4.22208E-04	-1.98901E-02	-2.18252E-01	-2.07107E-02	9.75673E-01	PRIM
1.74112E-02	1000010010	7.80385E+01	-6.57846E-03	6.48714E-04	-7.56977E-04	7.84591E-02	-6.48714E-01	7.56977E-01	1000010010	7.80385E+01	-7.94452E-03	1.19436E-02	-1.39368E-02	7.84591E-02	-6.48714E-01	7.56977E-01	PRIM
2.20798E-02	1000010010	6.64221E+00	-5.91699E-03	-4.36981E-04	6.84942E-04	-5.83012E-01	4.36981E-01	-6.84942E-01	1000010010	6.64221E+00	6.95576E-03	-1.00854E-02	1.58083E-02	-5.83012E-01	4.36981E-01	-6.84942E-01	PRIM
2.12561E-02	1000010010	5.17083E+00	-6.02447E-03	3.09125E-04	8.23598E-04	-4.75529E-01	-3.09125E-01	-8.23598E-01	1000010010	5.17083E+00	4.08343E-03	6.87992E-03	1.83301E-02	-4.75529E-01	-3.09125E-01	-8.23598E-01	PRIM
1.80967E-02	1000010010	5.89113E+00	-6.47206E-03	6.84858E-04	-7.28141E-04	-2.79352E-02	-6.84858E-01	7.28141E-01	1000010010	5.89113E+00	-5.96653E-03	1.30785E-02	-1.39051E-02	-2.79352E-02	-6.84858E-01	7.28141E-01	PRIM
1.71252E-02	1000010010	1.10098E+01	-6.62403E-03	7.95962E-04	-5.92503E-04	1.24032E-01	-7.95962E-01	5.92503E-01	1000010010	1.10098E+01	-8.74812E-03	1.44270E-02	-1.07393E-02	1.24032E-01	-7.95962E-01	5.92503E-01	PRIM
1.94923E-02	1000010010	5.70571E+00	-6.26658E-03	8.56536E-04	4.60285E-04	-2.33419E-01	-8.56536E-01	-4.60285E-01	1000010010	5.70571E+00	-1.71671E-03	1.75524E-02	9.43227E-03	-2.33419E-01	-8.56536E-01	-4.60285E-01	PRIM
2.29488E-02	1000010010	7.34130E+00	-5.80695E-03	1.15393E-04	7.11457E-04	-6.93116E-01	-1.15405E-01	-7.11528E-01	1000010010	7.34130E+00	1.00992E-02	2.76380E-03	1.70402E-02	-6.93116E-01	-1.15405E-01	-7.11528E-01	PRIM
1.70611E-02	1000010010	8.72625E+01	-6.63436E-03	-4.90530E-04	-8.61004E-04	1.34361E-01	4.90530E-01	8.61004E-01	1000010010	8.72625E+01	-8.92670E-03	-8.85951E-03	-1.55507E-02	1.34361E-01	4.90530E-01	8.61004E-01	PRIM
2.10549E-02	1000010010	2.11901E+01	-6.05128E-03	2.94973E-04	8.43471E-04	-4.48763E-01	-2.95002E-01	-8.43555E-01	1000010010	2.11901E+01	3.39740E-03	6.50623E-03	1.86045E-02	-4.48763E-01	-2.95002E-01	-8.43555E-01	PRIM
1.70025E-02	1000010010	6.53800E+00	-6.64382E-03	-9.36369E-04	-3.20200E-04	1.43820E-01	9.36369E-01	3.20200E-01	1000010010	6.53800E+00	-9.08912E-03	-1.68570E-02	-5.76441E-03	1.43820E-01	9.36369E-01	3.20200E-01	PRIM
1.77894E-02	1000010010	8.16485E+00	-6.51928E-03	-7.01837E-04	-7.12077E-04	1.92762E-02	7.01837E-01	7.12077E-01	1000010010	8.16485E+00	-6.86219E-03	-1.31871E-02	-1.33795E-02	1.92762E-02	7.01837E-01	7.12077E-01	PRIM
2.20651E-02	1000010010	7.07953E+00	-5.91887E-03	-3.08585E-04	-7.53038E-04	-5.81127E-01	3.08585E-01	7.53038E-01	1000010010	7.07953E+00	6.90375E-03	-7.11755E-03	-1.73689E-02	-5.81127E-01	3.08585E-01	7.53038E-01	PRIM
2.00190E-02	1000010010	5.93111E+00	-6.19241E-03	-2.60296E-05	9.51163E-04	-3.07591E-01	2.60296E-02	-9.51163E-01	1000010010	5.93111E+00	-3.47428E-05	-5.47116E-04	1.99925E-02	-3.07591E-01	2.60296E-02	-9.51163E-01	PRIM
1.70025E-02	1000010010	1.78690E+01	-6.64382E-03	-9.36369E-04	-3.20200E-04	1.43820E-01	9.36369E-01	3.20200E-01	1000010010	1.78690E+01	-9.08912E-03	-1.68570E-02	-5.76441E-03	1.43820E-01	9.36369E-01	3.20200E-01	PRIM
2.32973E-02	1000010010	7.88530E+00	-5.76359E-03	-4.33092E-04	-5.19736E-04	-7.36414E-01	4.33092E-01	5.19736E-01	1000010010	7.88530E+00	1.13929E-02	-1.05229E-02	-1.26282E-02	-7.36414E-01	4.33092E-01	5.19736E-01	PRIM
2.05670E-02	1000010010	5.38265E+00	-6.11699E-03	-5.69172E-05	9.21989E-04	-3.83010E-01	5.69172E-02	-9.21989E-01	1000010010	5.38265E+00	1.76038E-03	-1.22753E-03	1.98845E-02	-3.83010E-01	5.69172E-02	-9.21989E-01	PRIM
1.95186E-02	1000010010	7.23609E+00	-6.26284E-03	-1.42595E-04	9.60947E-04	-2.37165E-01	1.42595E-01	-9.60947E-01	1000010010	7.23609E+00	-1.63372E-03	-2.92584E-03	1.97173E-02	-2.37165E-01	1.42595E-01	-9.60947E-01	PRIM
2.21591E-02	1000010010	1.43078E+01	-5.90680E-03	-7.18320E-04	3.63497E-04	-5.93200E-01	7.18320E-01	-3.63497E-01	1000010010	1.43078E+01	7.23798E-03	-1.66356E-02	8.41826E-03	-5.93200E-01	7.18320E-01	-3.63497E-01	PRIM
1.81519E-02	1000010010	3.97749E+01	-6.46368E-03	6.43423E-04	7.64648E-04	-3.63247E-02	-6.43423E-01	-7.64648E-01	1000010010	3.97749E+01	-5.80431E-03	1.23228E-02	1.46444E-02	-3.63247E-02	-6.43423E-01	-7.64648E-01	PRIM
2.08339E-02	1000010010	6.17577E+00	-6.08092E-03	2.95611E-04	8.58363E-04	-4.19122E-01	-2.95640E-01	-8.58448E-01	1000010010	6.17577E+00	2.65100E-03	6.45494E-03	1.87432E-02	-4.19122E-01	-2.95640E-01	-8.58448E-01	PRIM
2.49632E-02	1000010010	6.59607E+00	-5.56277E-03	2.58768E-04	-2.33734E-04	-9.37234E-01	-2.58768E-01	2.33734E-01	1000010010	6.59607E+00	1.78336E-02	6.71843E-03	-6.06847E-03	-9.37234E-01	-2.58768E-01	2.33734E-01	PRIM
2.49632E-02	1000010010	1.89973E+01	-5.56277E-03	2.58768E-04	-2.33734E-04	-9.37234E-01	-2.58768E-01	2.33734E-01	1000010010	1.89973E+01	1.78336E-02	6.71843E-03	-6.06847E-03	-9.37234E-01	-2.58768E-01	2.33734E-01	PRIM
1.93860E-02	1000010010	5.27948E+00	-6.28175E-03	2.07107E-05	-9.75673E-04	-2.18252E-01	-2.07107E-02	9.75673E-01	1000010010	5.27948E+00	-2.05071E-03	4.22208E-04	-1.98901E-02	-2.18252E-01	-2.07107E-02	9.75673E-01	PRIM
2.02332E-02	1000010010	3.30423E+01	-6.16272E-03	-6.58980E-04	6.72303E-04	-3.37275E-01	6.58980E-01	-6.72303E-01	1000010010	3.30423E+01	6.61435E-04	-1.39922E-02	1.42751E-02	-3.37275E-01	6.58980E-01	-6.72303E-01	PRIM
1.90256E-02	1000010010	7.33382E+00	-6.33377E-03	2.83179E-04	-9.44551E-04	-1.66233E-01	-2.83179E-01	9.44551E-01	1000010010	7.33382E+00	-3.17109E-03	5.67084E-03	-1.89152E-02	-1.66233E-01	-2.83179E-01	9.44551E-01	PRIM
1.78893E-02	1000010010	1.00345E+01	-6.50385E-03	5.08076E-04	-8.61304E-04	3.84690E-03	-5.08076E-01	8.61304E-01	1000010010	1.00345E+01	-6.57267E-03	9.59720E-03	-1.62694E-02	3.84690E-03	-5.08076E-01	8.61304E-01	PRIM
2.13629E-02	1000010010	1.27237E+01	-6.01036E-03	-4.72273E-04	7.32944E-04	-4.89644E-01	4.72273E-01	-7.32944E-01	1000010010	1.27237E+01	4.44985E-03	-1.05614E-02	1.63907E-02	-4.89644E-01	4.72273E-01	-7.32944E-01	PRIM
2.26883E-02	1000010010	6.47922E+00	-5.83955E-03	-6.73307E-04	-3.32357E-04	-6.60452E-01	6.73307E-01	3.32357E-01	1000010010	6.47922E+00	9.14497E-03	-1.59495E-02	-7.87297E-03	-6.60452E-01	6.73307E-01	3.32357E-01	PRIM
1.59988E-02	1000010010	5.41351E+00	-6.81129E-03	-5.92035E-04	7.43364E-04	3.11294E-01	5.92035E-01	-7.43364E-01	1000010010	5.41351E+00	-1.17916E-02	-1.00639E-02	1.26363E-02	3.11294E-01	5.92035E-01	-7.43364E-01	PRIM
2.12720E-02	1000010010	1.37207E+01	-6.02237E-03	-7.73233E-04	-4.17112E-04	-4.77629E-01	7.73233E-01	4.17112E-01	1000010010	1.37207E+01	4.13773E-03	-1.72214E-02	-9.28990E-03	-4.77629E-01	7.73233E-01	4.17112E-01	PRIM
1.31772E-02	1000010010	1.18900E+02	-7.35053E-03	1.74922E-04	-4.95979E-04	8.50533E-01	-1.74922E-01	4.95979E-01	1000010010	1.18900E+02	-1.85582E-02	2.47991E-03	-7.03160E-03	8.50533E-01	-1.74922E-01	4.95979E-01	PRIM
2.01236E-02	1000010010	7.64829E+00	-6.17788E-03	5.52172E-04	-7.68988E-04	-3.22125E-01	-5.52172E-01	7.68988E-01	1000010010	7.64829E+00	3.04442E-04	1.16639E-02	-1.62438E-02	-3.22125E-01	-5.52172E-01	7.68988E-01	PRIM
1.67287E-02	1000010010	2.09614E+01	-6.68849E-03	-6.96799E-04	-6.91911E-04	1.88512E-01	6.96869E-01	6.91980E-01	1000010010	2.09614E+01	-9.84205E-03	-1.23545E-02	-1.22678E-02	1.88512E-01	6.96869E-01	6.91980E-01	PRIM
2.01585E-02	1000010010	1.21330E+01	-6.17304E-03	1.83361E-04	-9.27079E-04	-3.26960E-01	-1.83361E-01	9.27079E-01	1000010010	1.21330E+01	4.18002E-04	3.87964E-03	-1.96156E-02	-3.26960E-01	-1.83361E-01	9.27079E-01	PRIM
2.11099E-02	1000010010	1.27817E+01	-6.04390E-03	-6.90643E-04	-5.61234E-04	-4.56101E-01	6.90643E-01	5.61234E-01	1000010010	1.27817E+01	3.58433E-03	-1.52700E-02	-1.24088E-02	-4.56101E-01	6.90643E-01	5.61234E-01	PRIM
1.95954E-02	1000010010	5.39541E+00	-6.25192E-03	2.29752E-04	9.41101E-04	-2.48079E-01	-2.29752E-01	-9.41101E-01	1000010010	5.39541E+00	-1.39071E-03	4.73183E-03	1.93824E-02	-2.48079E-01	-2.29752E-01	-9.41101E-01	PRIM
2.12561E-02	1000010010	6.78987E+00	-6.02447E-03	3.09125E-04	8.23598E-04	-4.75529E-01	-3.09125E-01	-8.23598E-01	1000010010	6.78987E+00	4.08343E-03	6.87992E-03	1.83301E-02	-4.75529E-01	-3.09125E-01	-8.23598E-01	PRIM
1.95837E-02	1000010010	1.36041E+01	-6.25359E-03	4.97189E-06	9.69152E-04	-2.46412E-01	-4.97189E-03	-9.69152E-01	1000010010	1.36041E+01	-1.42793E-03	1.02340E-04	1.99487E-02	-2.46412E-01	-4.97189E-03	-9.69152E-01	PRIM
1.93078E-02	1000010010	9.85462E+00	-6.29296E-03	-7.04747E-04	6.78577E-04	-2.07038E-01	7.04747E-01	-6.78577E-01	1000010010	9.85462E+00	-2.29551E-03	-1.43119E-02	1.37804E-02	-2.07038E-01	7.04747E-01	-6.78577E-01	PRIM
1.51597E-02	1000010010	2.12140E+01	-6.95990E-03	8.55100E-04	-2.39363E-04	4.59902E-01	-8.55100E-01	2.39363E-01	1000010010	2.12140E+01	-1.39319E-02	1.38181E-02	-3.86804E-03	4.59902E-01	-8.55100E-01	2.39363E-01	PRIM
2.12720E-02	1000010010	7.68433E+00	-6.02237E-03	-7.73233E-04	-4.17112E-04	-4.77629E-01	7.73233E-01	4.17112E-01	1000010010	7.68433E+00	4.13773E-03	-1.72214E-02	-9.28990E-03	-4.77629E-01	7.73233E-01	4.17112E-01	PRIM
1.70611E-02	1000010010	6.13607E+00	-6.63436E-03	-4.90530E-04	-8.61004E-04	1.34361E-01	4.90530E-01	8.61004E-01	1000010010	6.13607E+00	-8.92670E-03	-8.85951E-03	-1.55507E-02	1.34361E-01	4.90530E-01	8.61004E-01	PRIM
2.36049E-02	1000010010	1.21794E+01	-5.72585E-03	-5.95491E-04	-2.14210E-04	-7.74225E-01	5.95550E-01	2.14231E-01	1000010010	1.21794E+01	1.25496E-02	-1.46534E-02	-5.27111E-03	-7.74225E-01	5.95550E-01	2.14231E-01	PRIM
1.93078E-02	1000010010	3.50493E+01	-6.29296E-03	-7.04747E-04	6.78577E-04	-2.07038E-01	7.04747E-01	-6.78577E-01	1000010010	3.50493E+01	-2.29551E-03	-1.43119E-02	1.37804E-02	-2.07038E-01	7.04747E-01	-6.78577E-01	PRIM
2.29488E-02	1000010010	9.02709E+00	-5.80695E-03	1.15393E-04	7.11457E-04	-6.93116E-01	-1.15405E-01	-7.11528E-01	1000010010	9.02709E+00	1.00992E-02	2.76380E-03	1.70402E-02	-6.93116E-01	-1.15405E-01	-7.11528E-01	PRIM
2.02770E-02	1000010010	6.32635E+00	-6.15668E-03	9.32200E-04	-1.14614E-04	-3.43319E-01	-9.32200E-01	1.14614E-01	1000010010	6.32635E+00	8.04805E-04	1.98344E-02	-2.43864E-03	-3.43319E-01	-9.32200E-01	1.14614E-01	PRIM
1.70734E-02	1000010010	7.47915E+00	-6.63238E-03	-2.37033E-04	9.62440E-04	1.32377E-01	2.37033E-01	-9.62440E-01	1000010010	7.47915E+00	-8.89251E-03	-4.28399E-03	1.73946E-02	1.32377E-01	2.37033E-01	-9.62440E-01	PRIM
2.50159E-02	1000010010	1.73435E+01	-5.55666E-03	3.31081E-04	1.73305E-05	-9.43431E-01	-3.31115E-01	-1.73322E-02	1000010010	1.73435E+01	1.80442E-02	8.61423E-03	4.50912E-04	-9.43431E-01	-3.31115E-01	-1.73322E-02	PRIM
2.30312E-02	1000010010	1.04252E+01	-5.79659E-03	-7.09494E-04	-4.28891E-05	-7.03405E-01	7.09494E-01	4.28891E-02	1000010010	1.04252E+01	1.04037E-02	-1.70500E-02	-1.03068E-03	-7.03405E-01	7.09494E-01	4.28891E-02	PRIM
1.79323E-02	1000010010	5.07473E+00	-6.49722E-03	-1.25018E-04	-9.92151E-04	-2.77803E-03	1.25018E-01	9.92151E-01	1000010010	5.07473E+00	-6.44741E-03	-2.36689E-03	-1.87837E-02	-2.77803E-03	1.25018E-01	9.92151E-01	PRIM
2.00739E-02	1000010010	7.35636E+00	-6.18482E-03	-1.66029E-04	9.34289E-04	-3.15212E-01	1.66046E-01	-9.34382E-01	1000010010	7.35636E+00	1.42708E-04	-3.49922E-03	1.96910E-02	-3.15212E-01	1.66046E-01	-9.34382E-01	PRIM
2.48297E-02	1000010010	6.34927E+00	-5.57851E-03	-9.62529E-05	-3.76287E-04	-9.21490E-01	9.62529E-02	3.76287E-01	1000010010	6.34927E+00	1.73018E-02	-2.48618E-03	-9.71939E-03	-9.21490E-01	9.62529E-02	3.76287E-01	PRIM
1.31215E-02	1000010010	8.16290E+00	-7.36248E-03	-1.05487E-04	4.94967E-04	8.62485E-01	1.05487E-01	-4.94967E-01	1000010010	8.16290E+00	-1.86796E-02	-1.48963E-03	6.98966E-03	8.62485E-01	1.05487E-01	-4.94967E-01	PRIM
2.15487E-02	1000010010	7.02464E+00	-5.98598E-03	-1.01796E-04	-8.51598E-04	-5.14073E-01	1.01806E-01	8.51683E-01	1000010010	7.02464E+00	5.09165E-03	-2.29560E-03	-1.92043E-02	-5.14073E-01	1.01806E-01	8.51683E-01	PRIM
1.92133E-02	1000010010	7.91207E+00	-6.30657E-03	-9.14170E-04	-3.56200E-04	-1.93428E-01	9.14170E-01	3.56200E-01	1000010010	7.91207E+00	-2.59018E-03	-1.84784E-02	-7.19997E-03	-1.93428E-01	9.14170E-01	3.56200E-01	PRIM
1.92133E-02	1000010010	2.44788E+01	-6.30657E-03	-9.14170E-04	-3.56200E-04	-1.93428E-01	9.14170E-01	3.56200E-01	1000010010	2.44788E+01	-2.59018E-03	-1.84784E-02	-7.19997E-03	-1.93428E-01	9.14170E-01	3.56200E-01	PRIM
2.08339E-02	1000010010	7.53725E+00	-6.08092E-03	2.95611E-04	8.58363E-04	-4.19122E-01	-2.95640E-01	-8.58448E-01	1000010010	7.53725E+00	2.65100E-03	6.45494E-03	1.87432E-02	-4.19122E-01	-2.95640E-01	-8.58448E-01	PRIM
2.12720E-02	1000010010	1.06916E+01	-6.02237E-03	-7.73233E-04	-4.17112E-04	-4.77629E-01	7.73233E-01	4.17112E-01	1000010010	1.06916E+01	4.13773E-03	-1.72214E-02	-9.28990E-03	-4.77629E-01	7.73233E-01	4.17112E-01	PRIM
1.81519E-02	1000010010	5.46035E+00	-6.46368E-03	6.43423E-04	7.64648E-04	-3.63247E-02	-6.43423E-01	-7.64648E-01	1000010010	5.46035E+00	-5.80431E-03	1.23228E-02	1.46444E-02	-3.63247E-02	-6.43423E-01	-7.64648E-01	PRIM
1.90256E-02	1000010010	8.21187E+00	-6.33377E-03	2.83179E-04	-9.44551E-04	-1.66233E-01	-2.83179E-01	9.44551E-01	1000010010	8.21187E+00	-3.17109E-03	5.67084E-03	-1.89152E-02	-1.66233E-01	-2.83179E-01	9.44551E-01	PRIM
2.16243E-02	1000010010	1.43925E+01	-5.97609E-03	4.15269E-04	7.43551E-04	-5.23965E-01	-4.15311E-01	-7.43625E-01	1000010010	1.43925E+01	5.35430E-03	9.39608E-03	1.68239E-02	-5.23965E-01	-4.15311E-01	-7.43625E-01	PRIM
1.91132E-02	1000010010	6.87069E+00	-6.32108E-03	-1.58595E-04	9.70894E-04	-1.78937E-01	1.58611E-01	-9.70991E-01	1000010010	6.87069E+00	-2.90103E-03	-3.19015E-03	1.95296E-02	-1.78937E-01	1.58611E-01	-9.70991E-01	PRIM
1.97976E-02	1000010010	1.74525E+01	-6.22338E-03	7.34389E-04	-6.19801E-04	-2.76622E-01	-7.34389E-01	6.19801E-01	1000010010	1.74525E+01	-7.46927E-04	1.52735E-02	-1.28904E-02	-2.76622E-01	-7.34389E-01	6.19801E-01	PRIM
1.95954E-02	1000010010	5.89742E+00	-6.25192E-03	2.29752E-04	9.41101E-04	-2.48079E-01	-2.29752E-01	-9.41101E-01	1000010010	5.89742E+00	-1.39071E-03	4.73183E-03	1.93824E-02	-2.48079E-01	-2.29752E-01	-9.41101E-01	PRIM
1.91095E-02	1000010010	7.92817E+00	-6.32158E-03	-1.53103E-04	-9.71971E-04	-1.78416E-01	1.53103E-01	9.71971E-01	1000010010	7.92817E+00	-2.91215E-03	-3.07882E-03	-1.95458E-02	-1.78416E-01	1.53103E-01	9.71971E-01	PRIM
2.54628E-02	1000010010	7.31273E+00	-5.50432E-03	8.89278E-05	2.67729E-05	-9.95678E-01	-8.89278E-02	-2.67729E-02	1000010010	7.31273E+00	1.98484E-02	2.35328E-03	7.08487E-04	-9.95678E-01	-8.89278E-02	-2.67729E-02	PRIM
2.25111E-02	1000010010	1.45711E+01	-5.86201E-03	2.47451E-04	-7.29067E-04	-6.38052E-01	-2.47476E-01	7.29140E-01	1000010010	1.45711E+01	8.50123E-03	5.81840E-03	-1.71428E-02	-6.38052E-01	-2.47476E-01	7.29140E-01	PRIM
2.47717E-02	1000010010	7.59347E+00	-5.58537E-03	-3.90447E-04	1.04935E-04	-9.14625E-01	3.90447E-01	-1.04935E-01	1000010010	7.59347E+00	1.70714E-02	-1.00625E-02	2.70434E-03	-9.14625E-01	3.90447E-01	-1.04935E-01	PRIM
1.79323E-02	1000010010	1.49573E+01	-6.49722E-03	-1.25018E-04	-9.92151E-04	-2.77803E-03	1.25018E-01	9.92151E-01	1000010010	1.49573E+01	-6.44741E-03	-2.36689E-03	-1.87837E-02	-2.77803E-03	1.25018E-01	9.92151E-01	PRIM
2.03980E-02	1000010010	9.23257E+00	-6.14011E-03	1.75307E-05	9.32723E-04	-3.59924E-01	-1.75324E-02	-9.32817E-01	1000010010	9.23257E+00	1.20164E-03	3.75158E-04	1.99603E-02	-3.59924E-01	-1.75324E-02	-9.32817E-01	PRIM
1.95837E-02	1000010010	5.89474E+00	-6.25359E-03	4.97189E-06	9.69152E-04	-2.46412E-01	-4.97189E-03	-9.69152E-01	1000010010	5.89474E+00	-1.42793E-03	1.02340E-04	1.99487E-02	-2.46412E-01	-4.97189E-03	-9.69152E-01	PRIM
2.21986E-02	1000010010	6.64759E+00	-5.90182E-03	8.56820E-05	7.96639E-04	-5.98244E-01	-8.56905E-02	-7.96719E-01	1000010010	6.64759E+00	7.37833E-03	1.98789E-03	1.84827E-02	-5.98244E-01	-8.56905E-02	-7.96719E-01	PRIM
2.32457E-02	1000010010	8.84974E+00	-5.76996E-03	6.83364E-04	7.81250E-06	-7.30036E-01	-6.83364E-01	-7.81250E-03	1000010010	8.84974E+00	1.12002E-02	1.65686E-02	1.89419E-04	-7.30036E-01	-6.83364E-01	-7.81250E-03	PRIM
2.03517E-02	1000010010	3.11001E+01	-6.14646E-03	5.89811E-05	9.33452E-04	-3.53573E-01	-5.89870E-02	-9.33545E-01	1000010010	3.11001E+01	1.04935E-03	1.25947E-03	1.99327E-02	-3.53573E-01	-5.89870E-02	-9.33545E-01	PRIM
1.95465E-02	1000010010	8.33786E+00	-6.25886E-03	-5.03203E-05	-9.69186E-04	-2.41135E-01	5.03203E-02	9.69186E-01	1000010010	8.33786E+00	-1.54552E-03	-1.03390E-03	-1.99134E-02	-2.41135E-01	5.03203E-02	9.69186E-01	PRIM
1.44463E-02	1000010010	5.83550E+00	-7.09344E-03	-4.38868E-04	6.74705E-04	5.93437E-01	4.38868E-01	-6.74705E-01	1000010010	5.83550E+00	-1.56664E-02	-6.77887E-03	1.04217E-02	5.93437E-01	4.38868E-01	-6.74705E-01	PRIM
1.32137E-02	1000010010	1.65497E+01	-7.34274E-03	-2.34977E-04	-4.84337E-04	8.42736E-01	2.34977E-01	4.84337E-01	1000010010	1.65497E+01	-1.84784E-02	-3.33991E-03	-6.88424E-03	8.42736E-01	2.34977E-01	4.84337E-01	PRIM
1.97976E-02	1000010010	9.63343E+00	-6.22338E-03	7.34389E-04	-6.19801E-04	-2.76622E-01	-7.34389E-01	6.19801E-01	1000010010	9.63343E+00	-7.46927E-04	1.52735E-02	-1.28904E-02	-2.76622E-01	-7.34389E-01	6.19801E-01	PRIM
1.97307E-02	1000010010	5.66628E+00	-6.23280E-03	-9.82306E-05	9.58621E-04	-2.67203E-01	9.82306E-02	-9.58621E-01	1000010010	5.66628E+00	-9.60702E-04	-2.03639E-03	1.98729E-02	-2.67203E-01	9.82306E-02	-9.58621E-01	PRIM
1.55872E-02	1000010010	5.24426E+00	-6.88311E-03	-3.69540E-04	8.46444E-04	3.83148E-01	3.69577E-01	-8.46529E-01	1000010010	5.24426E+00	-1.28553E-02	-6.13020E-03	1.40414E-02	3.83148E-01	3.69577E-01	-8.46529E-01	PRIM
2.40620E-02	1000010010	1.08746E+01	-5.67020E-03	5.24794E-04	-1.89813E-04	-8.29796E-01	-5.24794E-01	1.89813E-01	1000010010	1.08746E+01	1.42963E-02	1.31524E-02	-4.75709E-03	-8.29796E-01	-5.24794E-01	1.89813E-01	PRIM
1.84077E-02	1000010010	1.26065E+01	-6.42505E-03	7.30344E-04	-6.78956E-04	-7.49474E-02	-7.30344E-01	6.78956E-01	1000010010	1.26065E+01	-5.04544E-03	1.41743E-02	-1.31770E-02	-7.49474E-02	-7.30344E-01	6.78956E-01	PRIM
2.17200E-02	1000010010	5.53964E+00	-5.96354E-03	-1.80574E-04	-8.24384E-04	-5.36456E-01	1.80574E-01	8.24384E-01	1000010010	5.53964E+00	5.68826E-03	-4.10263E-03	-1.87300E-02	-5.36456E-01	1.80574E-01	8.24384E-01	PRIM
1.80967E-02	1000010010	7.59579E+00	-6.47206E-03	6.84858E-04	-7.28141E-04	-2.79352E-02	-6.84858E-01	7.28141E-01	1000010010	7.59579E+00	-5.96653E-03	1.30785E-02	-1.39051E-02	-2.79352E-02	-6.84858E-01	7.28141E-01	PRIM
2.35256E-02	1000010010	3.00866E+01	-5.73547E-03	-4.25644E-04	4.84072E-04	-7.64527E-01	4.25644E-01	-4.84072E-01	1000010010	3.00866E+01	1.22505E-02	-1.04392E-02	1.18722E-02	-7.64527E-01	4.25644E-01	-4.84072E-01	PRIM
2.15607E-02	1000010010	6.38872E+00	-5.98434E-03	6.73950E-04	5.29046E-04	-5.15657E-01	-6.73950E-01	-5.29046E-01	1000010010	6.38872E+00	5.13359E-03	1.52048E-02	1.19357E-02	-5.15657E-01	-6.73950E-01	-5.29046E-01	PRIM
2.13901E-02	1000010010	1.73357E+01	-6.00677E-03	-5.08139E-05	-8.68411E-04	-4.93234E-01	5.08139E-02	8.68411E-01	1000010010	1.73357E+01	4.54356E-03	-1.13773E-03	-1.94438E-02	-4.93234E-01	5.08139E-02	8.68411E-01	PRIM
2.17200E-02	1000010010	5.13329E+00	-5.96354E-03	-1.80574E-04	-8.24384E-04	-5.36456E-01	1.80574E-01	8.24384E-01	1000010010	5.13329E+00	5.68826E-03	-4.10263E-03	-1.87300E-02	-5.36456E-01	1.80574E-01	8.24384E-01	PRIM
1.43078E-02	1000010010	2.06548E+01	-7.12021E-03	1.07408E-04	7.77046E-04	6.20212E-01	-1.07408E-01	-7.77046E-01	1000010010	2.06548E+01	-1.59941E-02	1.64417E-03	1.18948E-02	6.20212E-01	-1.07408E-01	-7.77046E-01	PRIM
1.41774E-02	1000010010	6.43694E+00	-7.14564E-03	-3.44224E-04	6.81514E-04	6.45703E-01	3.44258E-01	-6.81582E-01	1000010010	6.43694E+00	-1.63000E-02	-5.22490E-03	1.03446E-02	6.45703E-01	3.44258E-01	-6.81582E-01	PRIM
2.11603E-02	1000010010	7.93695E+00	-6.03718E-03	-8.79108E-04	1.13877E-04	-4.62819E-01	8.79108E-01	-1.13877E-01	1000010010	7.93695E+00	3.75622E-03	-1.94813E-02	2.52354E-03	-4.62819E-01	8.79108E-01	-1.13877E-01	PRIM
1.99251E-02	1000010010	6.50295E+00	-6.20551E-03	4.52767E-04	8.41593E-04	-2.94489E-01	-4.52767E-01	-8.41593E-01	1000010010	6.50295E+00	-3.37793E-04	9.47418E-03	1.76104E-02	-2.94489E-01	-4.52767E-01	-8.41593E-01	PRIM
2.26143E-02	1000010010	9.63192E+00	-5.84888E-03	5.91977E-04	-4.74976E-04	-6.51123E-01	-5.91977E-01	4.74976E-01	1000010010	9.63192E+00	8.87583E-03	1.39791E-02	-1.12162E-02	-6.51123E-01	-5.91977E-01	4.74976E-01	PRIM
2.14070E-02	1000010010	7.86042E+00	-6.00461E-03	4.10225E-04	7.65571E-04	-4.95445E-01	-4.10266E-01	-7.65648E-01	1000010010	7.86042E+00	4.60136E-03	9.19278E-03	1.71558E-02	-4.95445E-01	-4.10266E-01	-7.65648E-01	PRIM
2.09909E-02	1000010010	1.89094E+01	-6.05979E-03	2.79007E-04	8.53445E-04	-4.40211E-01	-2.79007E-01	-8.53445E-01	1000010010	1.89094E+01	3.18063E-03	6.13561E-03	1.87680E-02	-4.40211E-01	-2.79007E-01	-8.53445E-01	PRIM
1.94923E-02	1000010010	6.72808E+00	-6.26658E-03	8.56536E-04	4.60285E-04	-2.33419E-01	-8.56536E-01	-4.60285E-01	1000010010	6.72808E+00	-1.71671E-03	1.75524E-02	9.43227E-03	-2.33419E-01	-8.56536E-01	-4.60285E-01	PRIM
1.70834E-02	1000010010	8.25107E+00	-6.63077E-03	-8.23017E-04	5.52759E-04	1.30766E-01	8.23017E-01	-5.52759E-01	1000010010	8.25107E+00	-8.86470E-03	-1.48829E-02	9.99575E-03	1.30766E-01	8.23017E-01	-5.52759E-01	PRIM
1.70834E-02	1000010010	7.37662E+00	-6.63077E-03	-8.23017E-04	5.52759E-04	1.30766E-01	8.23017E-01	-5.52759E-01	1000010010	7.37662E+00	-8.86470E-03	-1.48829E-02	9.99575E-03	1.30766E-01	8.23017E-01	-5.52759E-01	PRIM
1.56871E-02	1000010010	1.77177E+01	-6.86552E-03	4.57789E-04	-8.10448E-04	3.65517E-01	-4.57789E-01	8.10448E-01	1000010010	1.77177E+01	-1.25994E-02	7.63915E-03	-1.35240E-02	3.65517E-01	-4.57789E-01	8.10448E-01	PRIM
2.43505E-02	1000010010	9.52590E+00	-5.63561E-03	3.03582E-04	4.00586E-04	-8.64476E-01	-3.03613E-01	-4.00626E-01	1000010010	9.52590E+00	1.54148E-02	7.69670E-03	1.01560E-02	-8.64476E-01	-3.03613E-01	-4.00626E-01	PRIM
2.17098E-02	1000010010	2.59595E+02	-5.96487E-03	-6.53483E-04	5.35345E-04	-5.35132E-01	6.53483E-01	-5.35345E-01	1000010010	2.59595E+02	5.65274E-03	-1.48405E-02	1.21576E-02	-5.35132E-01	6.53483E-01	-5.35345E-01	PRIM
2.14858E-02	1000010010	5.93843E+00	-5.99417E-03	4.78684E-04	-7.17631E-04	-5.05833E-01	-4.78684E-01	7.17631E-01	1000010010	5.93843E+00	4.87409E-03	1.07636E-02	-1.61365E-02	-5.05833E-01	-4.78684E-01	7.17631E-01	PRIM
1.90256E-02	1000010010	5.89734E+00	-6.33377E-03	2.83179E-04	-9.44551E-04	-1.66233E-01	-2.83179E-01	9.44551E-01	1000010010	5.89734E+00	-3.17109E-03	5.67084E-03	-1.89152E-02	-1.66233E-01	-2.83179E-01	9.44551E-01	PRIM
1.86720E-02	1000010010	1.24403E+01	-6.38567E-03	3.52474E-04	-9.28811E-04	-1.14334E-01	-3.52474E-01	9.28811E-01	1000010010	1.24403E+01	-4.25081E-03	6.93388E-03	-1.82716E-02	-1.14334E-01	-3.52474E-01	9.28811E-01	PRIM
2.44260E-02	1000010010	3.18880E+01	-5.62657E-03	4.35145E-04	2.18119E-04	-8.73513E-01	-4.35188E-01	-2.18141E-01	1000010010	3.18880E+01	1.57099E-02	1.10651E-02	5.54644E-03	-8.73513E-01	-4.35188E-01	-2.18141E-01	PRIM
1.73165E-02	1000010010	8.73838E+00	-6.59347E-03	8.91861E-04	-4.42545E-04	9.34735E-02	-8.91861E-01	4.42545E-01	1000010010	8.73838E+00	-8.21210E-03	1.63357E-02	-8.10586E-03	9.34735E-02	-8.91861E-01	4.42545E-01	PRIM
2.40620E-02	1000010010	1.54498E+01	-5.67020E-03	5.24794E-04	-1.89813E-04	-8.29796E-01	-5.24794E-01	1.89813E-01	1000010010	1.54498E+01	1.42963E-02	1.31524E-02	-4.75709E-03	-8.29796E-01	-5.24794E-01	1.89813E-01	PRIM
1.91095E-02	1000010010	5.46986E+00	-6.32158E-03	-1.53103E-04	-9.71971E-04	-1.78416E-01	1.53103E-01	9.71971E-01	1000010010	5.46986E+00	-2.91215E-03	-3.07882E-03	-1.95458E-02	-1.78416E-01	1.53103E-01	9.71971E-01	PRIM
1.95154E-02	1000010010	6.10970E+00	-6.26329E-03	9.69924E-04	-5.67165E-05	-2.36707E-01	-9.69924E-01	5.67165E-02	1000010010	6.10970E+00	-1.64387E-03	1.98983E-02	-1.16356E-03	-2.36707E-01	-9.69924E-01	5.67165E-02	PRIM
1.91095E-02	1000010010	1.10552E+01	-6.32158E-03	-1.53103E-04	-9.71971E-04	-1.78416E-01	1.53103E-01	9.71971E-01	1000010010	1.10552E+01	-2.91215E-03	-3.07882E-03	-1.95458E-02	-1.78416E-01	1.53103E-01	9.71971E-01	PRIM
1.26979E-02	1000010010	4.90702E+01	-7.45526E-03	-1.65235E-04	-2.44916E-04	9.55351E-01	1.65252E-01	2.44941E-01	1000010010	4.90702E+01	-1.95862E-02	-2.26358E-03	-3.35515E-03	9.55351E-01	1.65252E-01	2.44941E-01	PRIM
1.73165E-02	1000010010	8.73408E+00	-6.59347E-03	8.91861E-04	-4.42545E-04	9.34735E-02	-8.91861E-01	4.42545E-01	1000010010	8.73408E+00	-8.21210E-03	1.63357E-02	-8.10586E-03	9.34735E-02	-8.91861E-01	4.42545E-01	PRIM
1.95837E-02	1000010010	9.65262E+00	-6.25359E-03	4.97189E-06	9.69152E-04	-2.46412E-01	-4.97189E-03	-9.69152E-01	1000010010	9.65262E+00	-1.42793E-03	1.02340E-04	1.99487E-02	-2.46412E-01	-4.97189E-03	-9.69152E-01	PRIM
1.96232E-02	1000010010	6.73154E+00	-6.24799E-03	8.49027E-04	4.64375E-04	-2.52012E-01	-8.49027E-01	-4.64375E-01	1000010010	6.73154E+00	-1.30271E-03	1.75096E-02	9.57687E-03	-2.52012E-01	-8.49027E-01	-4.64375E-01	PRIM
1.77894E-02	1000010010	3.13540E+01	-6.51928E-03	-7.01837E-04	-7.12077E-04	1.92762E-02	7.01837E-01	7.12077E-01	1000010010	3.13540E+01	-6.86219E-03	-1.31871E-02	-1.33795E-02	1.92762E-02	7.01837E-01	7.12077E-01	PRIM
1.67287E-02	1000010010	1.14126E+01	-6.68849E-03	-6.96799E-04	-6.91911E-04	1.88512E-01	6.96869E-01	6.91980E-01	1000010010	1.14126E+01	-9.84205E-03	-1.23545E-02	-1.22678E-02	1.88512E-01	6.96869E-01	6.91980E-01	PRIM
1.81519E-02	1000010010	8.18816E+00	-6.46368E-03	6.43423E-04	7.64648E-04	-3.63247E-02	-6.43423E-01	-7.64648E-01	1000010010	8.18816E+00	-5.80431E-03	1.23228E-02	1.46444E-02	-3.63247E-02	-6.43423E-01	-7.64648E-01	PRIM
1.41774E-02	1000010010	5.59327E+00	-7.14564E-03	-3.44224E-04	6.81514E-04	6.45703E-01	3.44258E-01	-6.81582E-01	1000010010	5.59327E+00	-1.63000E-02	-5.22490E-03	1.03446E-02	6.45703E-01	3.44258E-01	-6.81582E-01	PRIM
2.12561E-02	1000010010	5.66054E+00	-6.02447E-03	3.09125E-04	8.23598E-04	-4.75529E-01	-3.09125E-01	-8.23598E-01	1000010010	5.66054E+00	4.08343E-03	6.87992E-03	1.83301E-02	-4.75529E-01	-3.09125E-01	-8.23598E-01	PRIM
2.05847E-02	1000010010	1.89189E+01	-6.11457E-03	-1.90561E-04	9.02848E-04	-3.85425E-01	1.90561E-01	-9.02848E-01	1000010010	1.89189E+01	1.81930E-03	-4.11321E-03	1.94877E-02	-3.85425E-01	1.90561E-01	-9.02848E-01	PRIM
2.00739E-02	1000010010	1.87067E+01	-6.18482E-03	-1.66029E-04	9.34289E-04	-3.15212E-01	1.66046E-01	-9.34382E-01	1000010010	1.87067E+01	1.42708E-04	-3.49922E-03	1.96910E-02	-3.15212E-01	1.66046E-01	-9.34382E-01	PRIM
2.11099E-02	1000010010	2.41939E+01	-6.04390E-03	-6.90643E-04	-5.61234E-04	-4.56101E-01	6.90643E-01	5.61234E-01	1000010010	2.41939E+01	3.58433E-03	-1.52700E-02	-1.24088E-02	-4.56101E-01	6.90643E-01	5.61234E-01	PRIM
1.79480E-02	1000010010	1.04794E+01	-6.49481E-03	2.86366E-04	9.58106E-04	-5.18750E-03	-2.86366E-01	-9.58106E-01	1000010010	1.04794E+01	-6.40171E-03	5.42607E-03	1.81542E-02	-5.18750E-03	-2.86366E-01	-9.58106E-01	PRIM
2.20651E-02	1000010010	5.28110E+00	-5.91887E-03	-3.08585E-04	-7.53038E-04	-5.81127E-01	3.08585E-01	7.53038E-01	1000010010	5.28110E+00	6.90375E-03	-7.11755E-03	-1.73689E-02	-5.81127E-01	3.08585E-01	7.53038E-01	PRIM
1.99338E-02	1000010010	6.07873E+00	-6.20434E-03	-7.41827E-05	9.52304E-04	-2.95688E-01	7.41901E-02	-9.52399E-01	1000010010	6.07873E+00	-3.10163E-04	-1.55307E-03	1.99372E-02	-2.95688E-01	7.41901E-02	-9.52399E-01	PRIM
2.25054E-02	1000010010	6.62713E+00	-5.86266E-03	-3.45494E-04	-6.88790E-04	-6.37340E-01	3.45494E-01	6.88790E-01	1000010010	6.62713E+00	8.48091E-03	-8.12096E-03	-1.61903E-02	-6.37340E-01	3.45494E-01	6.88790E-01	PRIM
1.29622E-02	1000010010	1.17924E+01	-7.39697E-03	-4.34670E-04	8.06296E-05	8.96973E-01	4.34670E-01	-8.06296E-02	1000010010	1.17924E+01	-1.90237E-02	-6.06893E-03	1.12576E-03	8.96973E-01	4.34670E-01	-8.06296E-02	PRIM
2.03165E-02	1000010010	7.48271E+00	-6.15125E-03	1.31443E-05	9.37123E-04	-3.48752E-01	-1.31443E-02	-9.37123E-01	1000010010	7.48271E+00	9.34191E-04	2.80190E-04	1.99762E-02	-3.48752E-01	-1.31443E-02	-9.37123E-01	PRIM
2.36648E-02	1000010010	9.43726E+00	-5.71844E-03	3.05310E-04	5.44009E-04	-7.81563E-01	-3.05310E-01	-5.44009E-01	1000010010	9.43726E+00	1.27771E-02	7.53040E-03	1.34179E-02	-7.81563E-01	-3.05310E-01	-5.44009E-01	PRIM
2.20798E-02	1000010010	6.83050E+00	-5.91699E-03	-4.36981E-04	6.84942E-04	-5.83012E-01	4.36981E-01	-6.84942E-01	1000010010	6.83050E+00	6.95576E-03	-1.00854E-02	1.58083E-02	-5.83012E-01	4.36981E-01	-6.84942E-01	PRIM
1.80769E-02	1000010010	1.89736E+01	-6.47508E-03	5.06376E-04	-8.61953E-04	-2.49177E-02	-5.06376E-01	8.61953E-01	1000010010	1.89736E+01	-6.02465E-03	9.66010E-03	-1.64434E-02	-2.49177E-02	-5.06376E-01	8.61953E-01	PRIM
1.81519E-02	1000010010	5.64579E+00	-6.46368E-03	6.43423E-04	7.64648E-04	-3.63247E-02	-6.43423E-01	-7.64648E-01	1000010010	5.64579E+00	-5.80431E-03	1.23228E-02	1.46444E-02	-3.63247E-02	-6.43423E-01	-7.64648E-01	PRIM
1.77388E-02	1000010010	6.53835E+00	-6.52712E-03	3.78193E-04	9.25330E-04	2.71161E-02	-3.78193E-01	-9.25330E-01	1000010010	6.53835E+00	-7.00812E-03	7.08690E-03	1.73396E-02	2.71161E-02	-3.78193E-01	-9.25330E-01	PRIM
2.36049E-02	1000010010	6.99400E+00	-5.72585E-03	-5.95491E-04	-2.14210E-04	-7.74225E-01	5.95550E-01	2.14231E-01	1000010010	6.99400E+00	1.25496E-02	-1.46534E-02	-5.27111E-03	-7.74225E-01	5.95550E-01	2.14231E-01	PRIM
2.21591E-02	1000010010	9.04171E+00	-5.90680E-03	-7.18320E-04	3.63497E-04	-5.93200E-01	7.18320E-01	-3.63497E-01	1000010010	9.04171E+00	7.23798E-03	-1.66356E-02	8.41826E-03	-5.93200E-01	7.18320E-01	-3.63497E-01	PRIM
1.93078E-02	1000010010	7.38765E+00	-6.29296E-03	-7.04747E-04	6.78577E-04	-2.07038E-01	7.04747E-01	-6.78577E-01	1000010010	7.38765E+00	-2.29551E-03	-1.43119E-02	1.37804E-02	-2.07038E-01	7.04747E-01	-6.78577E-01	PRIM
2.07499E-02	1000010010	5.85968E+00	-6.09224E-03	-9.94988E-05	-9.07541E-04	-4.07801E-01	9.95087E-02	9.07632E-01	1000010010	5.85968E+00	2.36961E-03	-2.16430E-03	-1.97408E-02	-4.07801E-01	9.95087E-02	9.07632E-01	PRIM
2.44260E-02	1000010010	6.01699E+00	-5.62657E-03	4.35145E-04	2.18119E-04	-8.73513E-01	-4.35188E-01	-2.18141E-01	1000010010	6.01699E+00	1.57099E-02	1.10651E-02	5.54644E-03	-8.73513E-01	-4.35188E-01	-2.18141E-01	PRIM
1.74068E-02	1000010010	1.02305E+01	-6.57914E-03	9.70549E-04	-2.27533E-04	7.91445E-02	-9.70549E-01	2.27533E-01	1000010010	1.02305E+01	-7.95680E-03	1.78647E-02	-4.18816E-03	7.91445E-02	-9.70549E-01	2.27533E-01	PRIM
2.00519E-02	1000010010	6.54147E+00	-6.18783E-03	-1.59876E-05	9.49893E-04	-3.12167E-01	1.59876E-02	-9.49893E-01	1000010010	6.54147E+00	7.17128E-05	-3.36570E-04	1.99970E-02	-3.12167E-01	1.59876E-02	-9.49893E-01	PRIM
2.37475E-02	1000010010	2.48613E+01	-5.70844E-03	-5.91021E-04	1.54695E-04	-7.91637E-01	5.91080E-01	-1.54710E-01	1000010010	2.48613E+01	1.30909E-02	-1.46277E-02	3.82868E-03	-7.91637E-01	5.91080E-01	-1.54710E-01	PRIM
2.14533E-02	1000010010	7.13601E+00	-5.99844E-03	-1.46297E-04	8.52663E-04	-5.01561E-01	1.46297E-01	-8.52663E-01	1000010010	7.13601E+00	4.76172E-03	-3.28486E-03	1.91451E-02	-5.01561E-01	1.46297E-01	-8.52663E-01	PRIM
1.32351E-02	1000010010	6.37571E+00	-7.33818E-03	5.29715E-04	1.29833E-04	8.38180E-01	-5.29715E-01	-1.29833E-01	1000010010	6.37571E+00	-1.84316E-02	7.54057E-03	1.84819E-03	8.38180E-01	-5.29715E-01	-1.29833E-01	PRIM
2.15487E-02	1000010010	2.90194E+01	-5.98598E-03	-1.01796E-04	-8.51598E-04	-5.14073E-01	1.01806E-01	8.51683E-01	1000010010	2.90194E+01	5.09165E-03	-2.29560E-03	-1.92043E-02	-5.14073E-01	1.01806E-01	8.51683E-01	PRIM
2.12358E-02	1000010010	1.33259E+01	-6.02716E-03	-5.05721E-04	-7.21576E-04	-4.72837E-01	5.05721E-01	7.21576E-01	1000010010	1.33259E+01	4.01390E-03	-1.12451E-02	-1.60448E-02	-4.72837E-01	5.05721E-01	7.21576E-01	PRIM
1.56871E-02	1000010010	2.91835E+01	-6.86552E-03	4.57789E-04	-8.10448E-04	3.65517E-01	-4.57789E-01	8.10448E-01	1000010010	2.91835E+01	-1.25994E-02	7.63915E-03	-1.35240E-02	3.65517E-01	-4.57789E-01	8.10448E-01	PRIM
2.00190E-02	1000010010	1.05597E+01	-6.19241E-03	-2.60296E-05	9.51163E-04	-3.07591E-01	2.60296E-02	-9.51163E-01	1000010010	1.05597E+01	-3.47428E-05	-5.47116E-04	1.99925E-02	-3.07591E-01	2.60296E-02	-9.51163E-01	PRIM
1.74112E-02	1000010010	7.36004E+00	-6.57846E-03	6.48714E-04	-7.56977E-04	7.84591E-02	-6.48714E-01	7.56977E-01	1000010010	7.36004E+00	-7.94452E-03	1.19436E-02	-1.39368E-02	7.84591E-02	-6.48714E-01	7.56977E-01	PRIM
2.00190E-02	1000010010	1.01576E+01	-6.19241E-03	-2.60296E-05	9.51163E-04	-3.07591E-01	2.60296E-02	-9.51163E-01	1000010010	1.01576E+01	-3.47428E-05	-5.47116E-04	1.99925E-02	-3.07591E-01	2.60296E-02	-9.51163E-01	PRIM
2.02332E-02	1000010010	6.73454E+00	-6.16272E-03	-6.58980E-04	6.72303E-04	-3.37275E-01	6.58980E-01	-6.72303E-01	1000010010	6.73454E+00	6.61435E-04	-1.39922E-02	1.42751E-02	-3.37275E-01	6.58980E-01	-6.72303E-01	PRIM
1.31772E-02	1000010010	1.05753E+01	-7.35053E-03	1.74922E-04	-4.95979E-04	8.50533E-01	-1.74922E-01	4.95979E-01	1000010010	1.05753E+01	-1.85582E-02	2.47991E-03	-7.03160E-03	8.50533E-01	-1.74922E-01	4.95979E-01	PRIM
1.86720E-02	1000010010	2.30218E+01	-6.38567E-03	3.52474E-04	-9.28811E-04	-1.14334E-01	-3.52474E-01	9.28811E-01	1000010010	2.30218E+01	-4.25081E-03	6.93388E-03	-1.82716E-02	-1.14334E-01	-3.52474E-01	9.28811E-01	PRIM
2.12720E-02	1000010010	8.17409E+00	-6.02237E-03	-7.73233E-04	-4.17112E-04	-4.77629E-01	7.73233E-01	4.17112E-01	1000010010	8.17409E+00	4.13773E-03	-1.72214E-02	-9.28990E-03	-4.77629E-01	7.73233E-01	4.17112E-01	PRIM
1.80769E-02	1000010010	5.97074E+01	-6.47508E-03	5.06376E-04	-8.61953E-04	-2.49177E-02	-5.06376E-01	8.61953E-01	1000010010	5.97074E+01	-6.02465E-03	9.66010E-03	-1.64434E-02	-2.49177E-02	-5.06376E-01	8.61953E-01	PRIM
1.70834E-02	1000010010	2.01960E+01	-6.63077E-03	-8.23017E-04	5.52759E-04	1.30766E-01	8.23017E-01	-5.52759E-01	1000010010	2.01960E+01	-8.86470E-03	-1.48829E-02	9.99575E-03	1.30766E-01	8.23017E-01	-5.52759E-01	PRIM
2.00190E-02	1000010010	4.55699E+01	-6.19241E-03	-2.60296E-05	9.51163E-04	-3.07591E-01	2.60296E-02	-9.51163E-01	1000010010	4.55699E+01	-3.47428E-05	-5.47116E-04	1.99925E-02	-3.07591E-01	2.60296E-02	-9.51163E-01	PRIM
2.03980E-02	1000010010	2.44078E+01	-6.14011E-03	1.75307E-05	9.32723E-04	-3.59924E-01	-1.75324E-02	-9.32817E-01	1000010010	2.44078E+01	1.20164E-03	3.75158E-04	1.99603E-02	-3.59924E-01	-1.75324E-02	-9.32817E-01	PRIM
2.35256E-02	1000010010	8.72212E+00	-5.73547E-03	-4.25644E-04	4.84072E-04	-7.64527E-01	4.25644E-01	-4.84072E-01	1000010010	8.72212E+00	1.22505E-02	-1.04392E-02	1.18722E-02	-7.64527E-01	4.25644E-01	-4.84072E-01	PRIM
1.97976E-02	1000010010	1.27450E+01	-6.22338E-03	7.34389E-04	-6.19801E-04	-2.76622E-01	-7.34389E-01	6.19801E-01	1000010010	1.27450E+01	-7.46927E-04	1.52735E-02	-1.28904E-02	-2.76622E-01	-7.34389E-01	6.19801E-01	PRIM
2.35256E-02	1000010010	1.17867E+01	-5.73547E-03	-4.25644E-04	4.84072E-04	-7.64527E-01	4.25644E-01	-4.84072E-01	1000010010	1.17867E+01	1.22505E-02	-1.04392E-02	1.18722E-02	-7.64527E-01	4.25644E-01	-4.84072E-01	PRIM
2.17200E-02	1000010010	8.36162E+01	-5.96354E-03	-1.80574E-04	-8.24384E-04	-5.36456E-01	1.80574E-01	8.24384E-01	1000010010	8.36162E+01	5.68826E-03	-4.10263E-03	-1.87300E-02	-5.36456E-01	1.80574E-01	8.24384E-01	PRIM
1.93860E-02	1000010010	1.14316E+02	-6.28175E-03	2.07107E-05	-9.75673E-04	-2.18252E-01	-2.07107E-02	9.75673E-01	1000010010	1.14316E+02	-2.05071E-03	4.22208E-04	-1.98901E-02	-2.18252E-01	-2.07107E-02	9.75673E-01	PRIM
1.94028E-02	1000010010	5.03509E+00	-6.27935E-03	-3.22525E-05	9.74820E-04	-2.20649E-01	3.22525E-02	-9.74820E-01	1000010010	5.03509E+00	-1.99815E-03	-6.58041E-04	1.98891E-02	-2.20649E-01	3.22525E-02	-9.74820E-01	PRIM
2.06090E-02	1000010010	4.74257E+01	-6.11132E-03	2.40514E-05	-9.20952E-04	-3.88715E-01	-2.40538E-02	9.21044E-01	1000010010	4.74257E+01	1.89971E-03	5.19776E-04	-1.99028E-02	-3.88715E-01	-2.40538E-02	9.21044E-01	PRIM
1.30266E-02	1000010010	1.27284E+01	-7.38297E-03	-3.93300E-04	2.56294E-04	8.82966E-01	3.93300E-01	-2.56294E-01	1000010010	1.27284E+01	-1.88850E-02	-5.51666E-03	3.59493E-03	8.82966E-01	3.93300E-01	-2.56294E-01	PRIM
1.95465E-02	1000010010	8.44515E+01	-6.25886E-03	-5.03203E-05	-9.69186E-04	-2.41135E-01	5.03203E-02	9.69186E-01	1000010010	8.44515E+01	-1.54552E-03	-1.03390E-03	-1.99134E-02	-2.41135E-01	5.03203E-02	9.69186E-01	PRIM
2.21986E-02	1000010010	1.50349E+01	-5.90182E-03	8.56820E-05	7.96639E-04	-5.98244E-01	-8.56905E-02	-7.96719E-01	1000010010	1.50349E+01	7.37833E-03	1.98789E-03	1.84827E-02	-5.98244E-01	-8.56905E-02	-7.96719E-01	PRIM
2.13629E-02	1000010010	4.40095E+01	-6.01036E-03	-4.72273E-04	7.32944E-04	-4.89644E-01	4.72273E-01	-7.32944E-01	1000010010	4.40095E+01	4.44985E-03	-1.05614E-02	1.63907E-02	-4.89644E-01	4.72273E-01	-7.32944E-01	PRIM
2.04978E-02	1000010010	5.57089E+00	-6.12648E-03	-8.76814E-04	-3.02452E-04	-3.73561E-01	8.76902E-01	3.02482E-01	1000010010	5.57089E+00	1.53069E-03	-1.88513E-02	-6.50266E-03	-3.73561E-01	8.76902E-01	3.02482E-01	PRIM
2.32492E-02	1000010010	1.14985E+01	-5.76953E-03	-3.81278E-04	-5.66605E-04	-7.30469E-01	3.81278E-01	5.66605E-01	1000010010	1.14985E+01	1.12133E-02	-9.24567E-03	-1.37397E-02	-7.30469E-01	3.81278E-01	5.66605E-01	PRIM
1.95837E-02	1000010010	5.20336E+00	-6.25359E-03	4.97189E-06	9.69152E-04	-2.46412E-01	-4.97189E-03	-9.69152E-01	1000010010	5.20336E+00	-1.42793E-03	1.02340E-04	1.99487E-02	-2.46412E-01	-4.97189E-03	-9.69152E-01	PRIM
1.32351E-02	1000010010	8.24200E+00	-7.33818E-03	5.29715E-04	1.29833E-04	8.38180E-01	-5.29715E-01	-1.29833E-01	1000010010	8.24200E+00	-1.84316E-02	7.54057E-03	1.84819E-03	8.38180E-01	-5.29715E-01	-1.29833E-01	PRIM
2.29488E-02	1000010010	7.46805E+00	-5.80695E-03	1.15393E-04	7.11457E-04	-6.93116E-01	-1.15405E-01	-7.11528E-01	1000010010	7.46805E+00	1.00992E-02	2.76380E-03	1.70402E-02	-6.93116E-01	-1.15405E-01	-7.11528E-01	PRIM
1.81519E-02	1000010010	6.67239E+00	-6.46368E-03	6.43423E-04	7.64648E-04	-3.63247E-02	-6.43423E-01	-7.64648E-01	1000010010	6.67239E+00	-5.80431E-03	1.23228E-02	1.46444E-02	-3.63247E-02	-6.43423E-01	-7.64648E-01	PRIM
1.80964E-02	1000010010	6.17162E+00	-6.47212E-03	-7.44165E-04	6.67414E-04	-2.78774E-02	7.44165E-01	-6.67414E-01	1000010010	6.17162E+00	-5.96764E-03	-1.42108E-02	1.27452E-02	-2.78774E-02	7.44165E-01	-6.67414E-01	PRIM
1.81519E-02	1000010010	2.30871E+02	-6.46368E-03	6.43423E-04	7.64648E-04	-3.63247E-02	-6.43423E-01	-7.64648E-01	1000010010	2.30871E+02	-5.80431E-03	1.23228E-02	1.46444E-02	-3.63247E-02	-6.43423E-01	-7.64648E-01	PRIM
2.09072E-02	1000010010	1.35722E+01	-6.07106E-03	5.80317E-04	-6.92130E-04	-4.28981E-01	-5.80375E-01	6.92199E-01	1000010010	1.35722E+01	2.89773E-03	1.27143E-02	-1.51641E-02	-4.28981E-01	-5.80375E-01	6.92199E-01	PRIM
2.36049E-02	1000010010	5.51256E+00	-5.72585E-03	-5.95491E-04	-2.14210E-04	-7.74225E-01	5.95550E-01	2.14231E-01	1000010010	5.51256E+00	1.25496E-02	-1.46534E-02	-5.27111E-03	-7.74225E-01	5.95550E-01	2.14231E-01	PRIM
1.79480E-02	1000010010	6.77000E+00	-6.49481E-03	2.86366E-04	9.58106E-04	-5.18750E-03	-2.86366E-01	-9.58106E-01	1000010010	6.77000E+00	-6.40171E-03	5.42607E-03	1.81542E-02	-5.18750E-03	-2.86366E-01	-9.58106E-01	PRIM
1.30266E-02	1000010010	1.30816E+01	-7.38297E-03	-3.93300E-04	2.56294E-04	8.82966E-01	3.93300E-01	-2.56294E-01	1000010010	1.30816E+01	-1.88850E-02	-5.51666E-03	3.59493E-03	8.82966E-01	3.93300E-01	-2.56294E-01	PRIM
2.14858E-02	1000010010	5.04737E+00	-5.99417E-03	4.78684E-04	-7.17631E-04	-5.05833E-01	-4.78684E-01	7.17631E-01	1000010010	5.04737E+00	4.87409E-03	1.07636E-02	-1.61365E-02	-5.05833E-01	-4.78684E-01	7.17631E-01	PRIM
2.30312E-02	1000010010	1.24064E+01	-5.79659E-03	-7.09494E-04	-4.28891E-05	-7.03405E-01	7.09494E-01	4.28891E-02	1000010010	1.24064E+01	1.04037E-02	-1.70500E-02	-1.03068E-03	-7.03405E-01	7.09494E-01	4.28891E-02	PRIM
2.20798E-02	1000010010	8.23092E+00	-5.91699E-03	-4.36981E-04	6.84942E-04	-5.83012E-01	4.36981E-01	-6.84942E-01	1000010010	8.23092E+00	6.95576E-03	-1.00854E-02	1.58083E-02	-5.83012E-01	4.36981E-01	-6.84942E-01	PRIM
1.57430E-02	1000010010	5.93692E+00	-6.85570E-03	-7.68711E-04	5.31567E-04	3.55696E-01	7.68711E-01	-5.31567E-01	1000010010	5.93692E+00	-1.24554E-02	-1.28706E-02	8.90004E-03	3.55696E-01	7.68711E-01	-5.31567E-01	PRIM
1.95073E-02	1000010010	1.70648E+01	-6.26448E-03	-1.88944E-04	9.53221E-04	-2.35543E-01	1.88963E-01	-9.53317E-01	1000010010	1.70648E+01	-1.66968E-03	-3.87510E-03	1.95498E-02	-2.35543E-01	1.88963E-01	-9.53317E-01	PRIM
1.55872E-02	1000010010	1.59371E+01	-6.88311E-03	-3.69540E-04	8.46444E-04	3.83148E-01	3.69577E-01	-8.46529E-01	1000010010	1.59371E+01	-1.28553E-02	-6.13020E-03	1.40414E-02	3.83148E-01	3.69577E-01	-8.46529E-01	PRIM
1.60350E-02	1000010010	5.95683E+00	-6.80506E-03	-3.52893E-04	8.84536E-04	3.05062E-01	3.52893E-01	-8.84536E-01	1000010010	5.95683E+00	-1.16967E-02	-6.01154E-03	1.50681E-02	3.05062E-01	3.52893E-01	-8.84536E-01	PRIM
1.91095E-02	1000010010	8.47908E+00	-6.32158E-03	-1.53103E-04	-9.71971E-04	-1.78416E-01	1.53103E-01	9.71971E-01	1000010010	8.47908E+00	-2.91215E-03	-3.07882E-03	-1.95458E-02	-1.78416E-01	1.53103E-01	9.71971E-01	PRIM
2.13901E-02	1000010010	2.55929E+01	-6.00677E-03	-5.08139E-05	-8.68411E-04	-4.93234E-01	5.08139E-02	8.68411E-01	1000010010	2.55929E+01	4.54356E-03	-1.13773E-03	-1.94438E-02	-4.93234E-01	5.08139E-02	8.68411E-01	PRIM
1.97357E-02	1000010010	7.19921E+00	-6.23213E-03	4.45187E-04	-8.54313E-04	-2.67902E-01	-4.45232E-01	8.54399E-01	1000010010	7.19921E+00	-9.44891E-04	9.23216E-03	-1.77165E-02	-2.67902E-01	-4.45232E-01	8.54399E-01	PRIM
1.67287E-02	1000010010	6.58873E+00	-6.68849E-03	-6.96799E-04	-6.91911E-04	1.88512E-01	6.96869E-01	6.91980E-01	1000010010	6.58873E+00	-9.84205E-03	-1.23545E-02	-1.22678E-02	1.88512E-01	6.96869E-01	6.91980E-01	PRIM
