#	D	ID	E	X	Y	Z	Px	Py	Pz	ID0	E0	X0	Y0	Z0	P0x	P0y	P0z	tag
#
# D             Trajectory length [1 Mpc]
# ID/ID0/ID1    Particle type (PDG MC numbering scheme)
# E/E0/E1       Energy [1 EeV]
# X/X0/X1...    Position [1 Mpc]
# Px/P0x/P1x... Heading (unit vector of momentum)
# tag           Candidate tag can be given by the source feature (user defined tag) or by the following interaction process 
#	ES  	ElasticScattering 
#	EPP 	ElectronPairProduction 
#	EMPP	EMPairProduction
#	EMDP	EMDoublePairProduction
#	EMTP	EMTripletPairProduction 
#	EMIC	EMInverseComptonScattering
#	ND  	NuclearDecay
#	PD  	PhotoDisintegration
#	PPP  	PhotoPionProduction
#	SYN 	SynchrotronRadiation
#	PRIM/SEC	 primary / secondary particle
# no index = current, 0 = at source, 1 = at point of creation
#
# CRPropa version: 3.2-85-g7a40f1f1
#
1.90001E-02	1000010010	1.05372E+01	1.18468E-04	-1.08204E-04	-9.86943E-04	-1.18480E-01	1.08215E-01	9.87042E-01	1000010010	1.05372E+01	2.36961E-03	-2.16430E-03	-1.97408E-02	-1.18480E-01	1.08215E-01	9.87042E-01	PRIM
1.90000E-02	1000010010	7.91352E+00	-2.12541E-04	3.46694E-04	-9.13581E-04	2.12541E-01	-3.46694E-01	9.13581E-01	1000010010	7.91352E+00	-4.25081E-03	6.93388E-03	-1.82716E-02	2.12541E-01	-3.46694E-01	9.13581E-01	PRIM
1.90000E-02	1000010010	1.09949E+01	1.09303E-04	-3.10460E-05	9.93524E-04	-1.09303E-01	3.10460E-02	-9.93524E-01	1000010010	1.09949E+01	2.18606E-03	-6.20920E-04	1.98705E-02	-1.09303E-01	3.10460E-02	-9.93524E-01	PRIM
1.90000E-02	1000010010	6.40227E+00	-8.21934E-05	9.94917E-04	-5.81779E-05	8.21934E-02	-9.94917E-01	5.81779E-02	1000010010	6.40227E+00	-1.64387E-03	1.98983E-02	-1.16356E-03	8.21934E-02	-9.94917E-01	5.81779E-02	PRIM
1.90000E-02	1000010010	7.24295E+00	6.13373E-04	-3.84467E-04	-6.89898E-04	-6.13373E-01	3.84467E-01	6.89898E-01	1000010010	7.24295E+00	1.22675E-02	-7.68935E-03	-1.37980E-02	-6.13373E-01	3.84467E-01	6.89898E-01	PRIM
1.90000E-02	1000010010	8.46996E+00	4.15757E-04	-6.91767E-04	-5.90427E-04	-4.15757E-01	6.91767E-01	5.90427E-01	1000010010	8.46996E+00	8.31514E-03	-1.38353E-02	-1.18085E-02	-4.15757E-01	6.91767E-01	5.90427E-01	PRIM
1.90000E-02	1000010010	5.95659E+00	-7.99703E-04	8.22086E-05	5.94742E-04	7.99703E-01	-8.22086E-02	-5.94742E-01	1000010010	5.95659E+00	-1.59941E-02	1.64417E-03	1.18948E-02	7.99703E-01	-8.22086E-02	-5.94742E-01	PRIM
1.90000E-02	1000010010	5.55399E+00	-3.20085E-04	2.71303E-04	9.07711E-04	3.20085E-01	-2.71303E-01	-9.07711E-01	1000010010	5.55399E+00	-6.40171E-03	5.42607E-03	1.81542E-02	3.20085E-01	-2.71303E-01	-9.07711E-01	PRIM
1.90000E-02	1000010010	6.48424E+00	3.08332E-04	-8.27548E-05	9.47672E-04	-3.08332E-01	8.27548E-02	-9.47672E-01	1000010010	6.48424E+00	6.16665E-03	-1.65510E-03	1.89534E-02	-3.08332E-01	8.27548E-02	-9.47672E-01	PRIM
1.90000E-02	1000010010	8.47790E+00	6.38854E-04	3.76520E-04	6.70893E-04	-6.38854E-01	-3.76520E-01	-6.70893E-01	1000010010	8.47790E+00	1.27771E-02	7.53040E-03	1.34179E-02	-6.38854E-01	-3.76520E-01	-6.70893E-01	PRIM
1.90000E-02	1000010010	5.53778E+00	-8.15000E-04	-2.61245E-04	5.17228E-04	8.15000E-01	2.61245E-01	-5.17228E-01	1000010010	5.53778E+00	-1.63000E-02	-5.22490E-03	1.03446E-02	8.15000E-01	2.61245E-01	-5.17228E-01	PRIM
1.90000E-02	1000010010	2.02009E+01	-1.95480E-04	-7.41908E-04	-6.41374E-04	1.95480E-01	7.41908E-01	6.41374E-01	1000010010	2.02009E+01	-3.90961E-03	-1.48382E-02	-1.28275E-02	1.95480E-01	7.41908E-01	6.41374E-01	PRIM
1.90000E-02	1000010010	4.40041E+01	-8.96150E-04	4.27815E-04	1.17850E-04	8.96150E-01	-4.27815E-01	-1.17850E-01	1000010010	4.40041E+01	-1.79230E-02	8.55631E-03	2.35700E-03	8.96150E-01	-4.27815E-01	-1.17850E-01	PRIM
1.90000E-02	1000010010	6.92352E+00	-6.05683E-04	-7.81279E-04	1.50836E-04	6.05683E-01	7.81279E-01	-1.50836E-01	1000010010	6.92352E+00	-1.21137E-02	-1.56256E-02	3.01672E-03	6.05683E-01	7.81279E-01	-1.50836E-01	PRIM
1.90000E-02	1000010010	2.08494E+01	5.69643E-04	-5.26147E-04	-6.31408E-04	-5.69643E-01	5.26147E-01	6.31408E-01	1000010010	2.08494E+01	1.13929E-02	-1.05229E-02	-1.26282E-02	-5.69643E-01	5.26147E-01	6.31408E-01	PRIM
1.90000E-02	1000010010	8.69664E+00	-9.23921E-04	-1.66995E-04	-3.44212E-04	9.23921E-01	1.66995E-01	3.44212E-01	1000010010	8.69664E+00	-1.84784E-02	-3.33991E-03	-6.88424E-03	9.23921E-01	1.66995E-01	3.44212E-01	PRIM
1.90000E-02	1000010010	6.44200E+00	5.20183E-04	-8.52499E-04	-5.15338E-05	-5.20183E-01	8.52499E-01	5.15338E-02	1000010010	6.44200E+00	1.04037E-02	-1.70500E-02	-1.03068E-03	-5.20183E-01	8.52499E-01	5.15338E-02	PRIM
1.90000E-02	1000010010	2.70570E+01	-6.95355E-05	2.36591E-04	9.69118E-04	6.95355E-02	-2.36591E-01	-9.69118E-01	1000010010	2.70570E+01	-1.39071E-03	4.73183E-03	1.93824E-02	6.95355E-02	-2.36591E-01	-9.69118E-01	PRIM
1.90000E-02	1000010010	1.16933E+01	-5.85353E-04	-5.71078E-04	5.75527E-04	5.85353E-01	5.71078E-01	-5.75527E-01	1000010010	1.16933E+01	-1.17071E-02	-1.14216E-02	1.15105E-02	5.85353E-01	5.71078E-01	-5.75527E-01	PRIM
1.90001E-02	1000010010	7.55527E+00	2.32855E-05	8.32379E-04	5.53537E-04	-2.32878E-02	-8.32462E-01	-5.53592E-01	1000010010	7.55527E+00	4.65756E-04	1.66492E-02	1.10718E-02	-2.32878E-02	-8.32462E-01	-5.53592E-01	PRIM
1.90000E-02	1000010010	9.68604E+00	9.18680E-05	9.10883E-05	-9.91596E-04	-9.18680E-02	-9.10883E-02	9.91596E-01	1000010010	9.68604E+00	1.83736E-03	1.82177E-03	-1.98319E-02	-9.18680E-02	-9.10883E-02	9.91596E-01	PRIM
1.90000E-02	1000010010	6.94751E+00	1.09303E-04	-3.10460E-05	9.93524E-04	-1.09303E-01	3.10460E-02	-9.93524E-01	1000010010	6.94751E+00	2.18606E-03	-6.20920E-04	1.98705E-02	-1.09303E-01	3.10460E-02	-9.93524E-01	PRIM
1.90000E-02	1000010010	1.06466E+01	6.47243E-05	-8.68816E-05	9.94114E-04	-6.47243E-02	8.68816E-02	-9.94114E-01	1000010010	1.06466E+01	1.29449E-03	-1.73763E-03	1.98823E-02	-6.47243E-02	8.68816E-02	-9.94114E-01	PRIM
1.90000E-02	1000010010	1.06655E+01	-1.68897E-05	4.73709E-04	8.80519E-04	1.68897E-02	-4.73709E-01	-8.80519E-01	1000010010	1.06655E+01	-3.37793E-04	9.47418E-03	1.76104E-02	1.68897E-02	-4.73709E-01	-8.80519E-01	PRIM
1.90000E-02	1000010010	1.87316E+01	-7.07630E-05	-3.35373E-04	9.39424E-04	7.07630E-02	3.35373E-01	-9.39424E-01	1000010010	1.87316E+01	-1.41526E-03	-6.70747E-03	1.87885E-02	7.07630E-02	3.35373E-01	-9.39424E-01	PRIM
1.90001E-02	1000010010	6.51915E+00	2.06866E-04	-8.60985E-04	-4.64448E-04	-2.06886E-01	8.61071E-01	4.64495E-01	1000010010	6.51915E+00	4.13773E-03	-1.72214E-02	-9.28990E-03	-2.06886E-01	8.61071E-01	4.64495E-01	PRIM
1.90000E-02	1000010010	7.32135E+00	4.43791E-04	6.98956E-04	-5.60812E-04	-4.43791E-01	-6.98956E-01	5.60812E-01	1000010010	7.32135E+00	8.87583E-03	1.39791E-02	-1.12162E-02	-4.43791E-01	-6.98956E-01	5.60812E-01	PRIM
1.90000E-02	1000010010	2.21153E+01	-1.71587E-04	1.23673E-04	9.77376E-04	1.71587E-01	-1.23673E-01	-9.77376E-01	1000010010	2.21153E+01	-3.43174E-03	2.47345E-03	1.95475E-02	1.71587E-01	-1.23673E-01	-9.77376E-01	PRIM
1.90000E-02	1000010010	6.10356E+00	-6.52187E-05	-2.98666E-04	-9.52127E-04	6.52187E-02	2.98666E-01	9.52127E-01	1000010010	6.10356E+00	-1.30437E-03	-5.97331E-03	-1.90425E-02	6.52187E-02	2.98666E-01	9.52127E-01	PRIM
1.90000E-02	1000010010	6.92191E+00	2.00695E-04	-5.62256E-04	-8.02241E-04	-2.00695E-01	5.62256E-01	8.02241E-01	1000010010	6.92191E+00	4.01390E-03	-1.12451E-02	-1.60448E-02	-2.00695E-01	5.62256E-01	8.02241E-01	PRIM
1.90000E-02	1000010010	5.10401E+00	4.61219E-04	5.07514E-04	7.27809E-04	-4.61219E-01	-5.07514E-01	-7.27809E-01	1000010010	5.10401E+00	9.22438E-03	1.01503E-02	1.45562E-02	-4.61219E-01	-5.07514E-01	-7.27809E-01	PRIM
1.90000E-02	1000010010	1.58556E+01	-8.68525E-04	-1.66013E-04	4.67016E-04	8.68525E-01	1.66013E-01	-4.67016E-01	1000010010	1.58556E+01	-1.73705E-02	-3.32025E-03	9.34032E-03	8.68525E-01	1.66013E-01	-4.67016E-01	PRIM
1.90000E-02	1000010010	8.37591E+00	1.08091E-04	3.31301E-04	-9.37313E-04	-1.08091E-01	-3.31301E-01	9.37313E-01	1000010010	8.37591E+00	2.16182E-03	6.62601E-03	-1.87463E-02	-1.08091E-01	-3.31301E-01	9.37313E-01	PRIM
1.90000E-02	1000010010	5.36465E+00	2.41303E-05	-8.09519E-04	-5.86597E-04	-2.41303E-02	8.09519E-01	5.86597E-01	1000010010	5.36465E+00	4.82606E-04	-1.61904E-02	-1.17319E-02	-2.41303E-02	8.09519E-01	5.86597E-01	PRIM
1.90000E-02	1000010010	2.64203E+01	9.02208E-04	4.30711E-04	2.25456E-05	-9.02208E-01	-4.30711E-01	-2.25456E-02	1000010010	2.64203E+01	1.80442E-02	8.61423E-03	4.50912E-04	-9.02208E-01	-4.30711E-01	-2.25456E-02	PRIM
1.90000E-02	1000010010	6.18184E+00	-5.25521E-04	-7.41936E-04	-4.16364E-04	5.25521E-01	7.41936E-01	4.16364E-01	1000010010	6.18184E+00	-1.05104E-02	-1.48387E-02	-8.32727E-03	5.25521E-01	7.41936E-01	4.16364E-01	PRIM
1.90000E-02	1000010010	6.67158E+00	6.38854E-04	3.76520E-04	6.70893E-04	-6.38854E-01	-3.76520E-01	-6.70893E-01	1000010010	6.67158E+00	1.27771E-02	7.53040E-03	1.34179E-02	-6.38854E-01	-3.76520E-01	-6.70893E-01	PRIM
1.90000E-02	1000010010	6.37976E+00	7.85495E-04	5.53254E-04	2.77322E-04	-7.85495E-01	-5.53254E-01	-2.77322E-01	1000010010	6.37976E+00	1.57099E-02	1.10651E-02	5.54644E-03	-7.85495E-01	-5.53254E-01	-2.77322E-01	PRIM
1.90000E-02	1000010010	6.82977E+00	9.49854E-05	2.59888E-05	-9.95139E-04	-9.49854E-02	-2.59888E-02	9.95139E-01	1000010010	6.82977E+00	1.89971E-03	5.19776E-04	-1.99028E-02	-9.49854E-02	-2.59888E-02	9.95139E-01	PRIM
1.90001E-02	1000010010	6.02677E+00	1.18468E-04	-1.08204E-04	-9.86943E-04	-1.18480E-01	1.08215E-01	9.87042E-01	1000010010	6.02677E+00	2.36961E-03	-2.16430E-03	-1.97408E-02	-1.18480E-01	1.08215E-01	9.87042E-01	PRIM
1.90000E-02	1000010010	5.39394E+00	-9.27910E-04	1.23996E-04	-3.51580E-04	9.27910E-01	-1.23996E-01	3.51580E-01	1000010010	5.39394E+00	-1.85582E-02	2.47991E-03	-7.03160E-03	9.27910E-01	-1.23996E-01	3.51580E-01	PRIM
1.90001E-02	1000010010	1.11110E+01	-2.21122E-05	-8.38540E-05	9.96132E-04	2.21144E-02	8.38624E-02	-9.96232E-01	1000010010	1.11110E+01	-4.42289E-04	-1.67725E-03	1.99246E-02	2.21144E-02	8.38624E-02	-9.96232E-01	PRIM
1.90000E-02	1000010010	9.39868E+00	4.31400E-04	8.14861E-04	-3.87163E-04	-4.31400E-01	-8.14861E-01	3.87163E-01	1000010010	9.39868E+00	8.62801E-03	1.62972E-02	-7.74327E-03	-4.31400E-01	-8.14861E-01	3.87163E-01	PRIM
1.90000E-02	1000010010	1.11976E+01	-3.28633E-04	4.79860E-04	-8.13471E-04	3.28633E-01	-4.79860E-01	8.13471E-01	1000010010	1.11976E+01	-6.57267E-03	9.59720E-03	-1.62694E-02	3.28633E-01	-4.79860E-01	8.13471E-01	PRIM
1.90000E-02	1000010010	2.37340E+01	2.56680E-04	7.60240E-04	5.96784E-04	-2.56680E-01	-7.60240E-01	-5.96784E-01	1000010010	2.37340E+01	5.13359E-03	1.52048E-02	1.19357E-02	-2.56680E-01	-7.60240E-01	-5.96784E-01	PRIM
1.90000E-02	1000010010	7.93149E+01	-1.29509E-04	-9.23920E-04	-3.59999E-04	1.29509E-01	9.23920E-01	3.59999E-01	1000010010	7.93149E+01	-2.59018E-03	-1.84784E-02	-7.19997E-03	1.29509E-01	9.23920E-01	3.59999E-01	PRIM
1.90000E-02	1000010010	3.25739E+01	4.61219E-04	5.07514E-04	7.27809E-04	-4.61219E-01	-5.07514E-01	-7.27809E-01	1000010010	3.25739E+01	9.22438E-03	1.01503E-02	1.45562E-02	-4.61219E-01	-5.07514E-01	-7.27809E-01	PRIM
1.90000E-02	1000010010	1.02834E+02	-8.39826E-04	-3.25816E-06	5.42846E-04	8.39826E-01	3.25816E-03	-5.42846E-01	1000010010	1.02834E+02	-1.67965E-02	-6.51633E-05	1.08569E-02	8.39826E-01	3.25816E-03	-5.42846E-01	PRIM
1.90000E-02	1000010010	2.97797E+01	2.22492E-04	-5.28069E-04	8.19537E-04	-2.22492E-01	5.28069E-01	-8.19537E-01	1000010010	2.97797E+01	4.44985E-03	-1.05614E-02	1.63907E-02	-2.22492E-01	5.28069E-01	-8.19537E-01	PRIM
1.90000E-02	1000010010	1.58957E+01	-9.68032E-04	6.54906E-06	2.50740E-04	9.68032E-01	-6.54906E-03	-2.50740E-01	1000010010	1.58957E+01	-1.93606E-02	1.30981E-04	5.01480E-03	9.68032E-01	-6.54906E-03	-2.50740E-01	PRIM
1.90000E-02	1000010010	7.11639E+00	-4.80351E-05	-1.01819E-04	9.93643E-04	4.80351E-02	1.01819E-01	-9.93643E-01	1000010010	7.11639E+00	-9.60702E-04	-2.03639E-03	1.98729E-02	4.80351E-02	1.01819E-01	-9.93643E-01	PRIM
1.90000E-02	1000010010	6.08889E+00	9.59259E-04	1.36524E-04	-2.47354E-04	-9.59259E-01	-1.36524E-01	2.47354E-01	1000010010	6.08889E+00	1.91852E-02	2.73048E-03	-4.94708E-03	-9.59259E-01	-1.36524E-01	2.47354E-01	PRIM
1.90001E-02	1000010010	6.46764E+00	2.03760E-05	5.61129E-04	-8.27356E-04	-2.03780E-02	-5.61186E-01	8.27439E-01	1000010010	6.46764E+00	4.07560E-04	1.12237E-02	-1.65488E-02	-2.03780E-02	-5.61186E-01	8.27439E-01	PRIM
1.90000E-02	1000010010	1.37671E+01	6.13373E-04	-3.84467E-04	-6.89898E-04	-6.13373E-01	3.84467E-01	6.89898E-01	1000010010	1.37671E+01	1.22675E-02	-7.68935E-03	-1.37980E-02	-6.13373E-01	3.84467E-01	6.89898E-01	PRIM
1.90000E-02	1000010010	5.93238E+00	-9.79658E-05	2.77233E-04	9.55795E-04	9.79658E-02	-2.77233E-01	-9.55795E-01	1000010010	5.93238E+00	-1.95932E-03	5.54467E-03	1.91159E-02	9.79658E-02	-2.77233E-01	-9.55795E-01	PRIM
1.90000E-02	1000010010	5.49941E+01	6.12525E-04	-5.21960E-04	5.93608E-04	-6.12525E-01	5.21960E-01	-5.93608E-01	1000010010	5.49941E+01	1.22505E-02	-1.04392E-02	1.18722E-02	-6.12525E-01	5.21960E-01	-5.93608E-01	PRIM
1.90000E-02	1000010010	5.65107E+00	3.58564E-06	-1.68285E-05	9.99852E-04	-3.58564E-03	1.68285E-02	-9.99852E-01	1000010010	5.65107E+00	7.17128E-05	-3.36570E-04	1.99970E-02	-3.58564E-03	1.68285E-02	-9.99852E-01	PRIM
1.90000E-02	1000010010	5.69364E+00	-4.43235E-04	-7.44147E-04	4.99788E-04	4.43235E-01	7.44147E-01	-4.99788E-01	1000010010	5.69364E+00	-8.86470E-03	-1.48829E-02	9.99575E-03	4.43235E-01	7.44147E-01	-4.99788E-01	PRIM
1.90000E-02	1000010010	1.92627E+01	-6.42765E-04	-3.06510E-04	7.02072E-04	6.42765E-01	3.06510E-01	-7.02072E-01	1000010010	1.92627E+01	-1.28553E-02	-6.13020E-03	1.40414E-02	6.42765E-01	3.06510E-01	-7.02072E-01	PRIM
1.90000E-02	1000010010	1.20827E+01	3.57658E-04	8.53202E-04	3.79641E-04	-3.57658E-01	-8.53202E-01	-3.79641E-01	1000010010	1.20827E+01	7.15317E-03	1.70640E-02	7.59282E-03	-3.57658E-01	-8.53202E-01	-3.79641E-01	PRIM
1.90000E-02	1000010010	1.34397E+01	-9.33978E-04	-7.44817E-05	3.49483E-04	9.33978E-01	7.44817E-02	-3.49483E-01	1000010010	1.34397E+01	-1.86796E-02	-1.48963E-03	6.98966E-03	9.33978E-01	7.44817E-02	-3.49483E-01	PRIM
1.90000E-02	1000010010	5.34737E+00	-8.58356E-05	8.77618E-04	4.71614E-04	8.58356E-02	-8.77618E-01	-4.71614E-01	1000010010	5.34737E+00	-1.71671E-03	1.75524E-02	9.43227E-03	8.58356E-02	-8.77618E-01	-4.71614E-01	PRIM
1.90001E-02	1000010010	1.21121E+01	5.60608E-04	-4.62237E-04	-6.86917E-04	-5.60664E-01	4.62284E-01	6.86986E-01	1000010010	1.21121E+01	1.12133E-02	-9.24567E-03	-1.37397E-02	-5.60664E-01	4.62284E-01	6.86986E-01	PRIM
1.90000E-02	1000010010	8.86772E+00	4.25061E-04	2.90920E-04	-8.57140E-04	-4.25061E-01	-2.90920E-01	8.57140E-01	1000010010	8.86772E+00	8.50123E-03	5.81840E-03	-1.71428E-02	-4.25061E-01	-2.90920E-01	8.57140E-01	PRIM
1.90000E-02	1000010010	9.85527E+00	-1.95480E-04	-7.41908E-04	-6.41374E-04	1.95480E-01	7.41908E-01	6.41374E-01	1000010010	9.85527E+00	-3.90961E-03	-1.48382E-02	-1.28275E-02	1.95480E-01	7.41908E-01	6.41374E-01	PRIM
1.90000E-02	1000010010	1.13777E+01	-5.89581E-04	-5.03194E-04	6.31815E-04	5.89581E-01	5.03194E-01	-6.31815E-01	1000010010	1.13777E+01	-1.17916E-02	-1.00639E-02	1.26363E-02	5.89581E-01	5.03194E-01	-6.31815E-01	PRIM
1.90000E-02	1000010010	1.88862E+01	-1.71587E-04	1.23673E-04	9.77376E-04	1.71587E-01	-1.23673E-01	-9.77376E-01	1000010010	1.88862E+01	-3.43174E-03	2.47345E-03	1.95475E-02	1.71587E-01	-1.23673E-01	-9.77376E-01	PRIM
1.90000E-02	1000010010	7.00729E+00	-3.88079E-04	6.72892E-05	9.19166E-04	3.88079E-01	-6.72892E-02	-9.19166E-01	1000010010	7.00729E+00	-7.76158E-03	1.34578E-03	1.83833E-02	3.88079E-01	-6.72892E-02	-9.19166E-01	PRIM
1.90000E-02	1000010010	7.51116E+00	7.06463E-04	6.31050E-04	3.20447E-04	-7.06463E-01	-6.31050E-01	-3.20447E-01	1000010010	7.51116E+00	1.41293E-02	1.26210E-02	6.40894E-03	-7.06463E-01	-6.31050E-01	-3.20447E-01	PRIM
1.90000E-02	1000010010	6.20953E+00	2.37162E-04	-9.42969E-04	2.33588E-04	-2.37162E-01	9.42969E-01	-2.33588E-01	1000010010	6.20953E+00	4.74325E-03	-1.88594E-02	4.67177E-03	-2.37162E-01	9.42969E-01	-2.33588E-01	PRIM
1.90000E-02	1000010010	6.96451E+00	6.21546E-04	4.96850E-04	-6.05657E-04	-6.21546E-01	-4.96850E-01	6.05657E-01	1000010010	6.96451E+00	1.24309E-02	9.93700E-03	-1.21131E-02	-6.21546E-01	-4.96850E-01	6.05657E-01	PRIM
1.90000E-02	1000010010	9.58686E+00	1.08091E-04	3.31301E-04	-9.37313E-04	-1.08091E-01	-3.31301E-01	9.37313E-01	1000010010	9.58686E+00	2.16182E-03	6.62601E-03	-1.87463E-02	-1.08091E-01	-3.31301E-01	9.37313E-01	PRIM
1.90001E-02	1000010010	6.83708E+00	-2.21122E-05	-8.38540E-05	9.96132E-04	2.21144E-02	8.38624E-02	-9.96232E-01	1000010010	6.83708E+00	-4.42289E-04	-1.67725E-03	1.99246E-02	2.21144E-02	8.38624E-02	-9.96232E-01	PRIM
1.90001E-02	1000010010	1.20651E+01	1.69853E-04	3.25279E-04	9.30131E-04	-1.69870E-01	-3.25312E-01	-9.30224E-01	1000010010	1.20651E+01	3.39740E-03	6.50623E-03	1.86045E-02	-1.69870E-01	-3.25312E-01	-9.30224E-01	PRIM
1.90000E-02	1000010010	6.93075E+00	8.91679E-04	3.35922E-04	-3.03423E-04	-8.91679E-01	-3.35922E-01	3.03423E-01	1000010010	6.93075E+00	1.78336E-02	6.71843E-03	-6.06847E-03	-8.91679E-01	-3.35922E-01	3.03423E-01	PRIM
1.90000E-02	1000010010	1.71039E+01	2.38086E-04	-1.64243E-04	9.57256E-04	-2.38086E-01	1.64243E-01	-9.57256E-01	1000010010	1.71039E+01	4.76172E-03	-3.28486E-03	1.91451E-02	-2.38086E-01	1.64243E-01	-9.57256E-01	PRIM
1.90000E-02	1000010010	9.14013E+00	-5.89581E-04	-5.03194E-04	6.31815E-04	5.89581E-01	5.03194E-01	-6.31815E-01	1000010010	9.14013E+00	-1.17916E-02	-1.00639E-02	1.26363E-02	5.89581E-01	5.03194E-01	-6.31815E-01	PRIM
1.90001E-02	1000010010	5.04765E+00	-1.71267E-04	2.75875E-04	9.45706E-04	1.71284E-01	-2.75902E-01	-9.45801E-01	1000010010	5.04765E+00	-3.42569E-03	5.51804E-03	1.89160E-02	1.71284E-01	-2.75902E-01	-9.45801E-01	PRIM
1.90000E-02	1000010010	7.74399E+00	6.54546E-04	-7.31384E-04	1.91434E-04	-6.54546E-01	7.31384E-01	-1.91434E-01	1000010010	7.74399E+00	1.30909E-02	-1.46277E-02	3.82868E-03	-6.54546E-01	7.31384E-01	-1.91434E-01	PRIM
1.90000E-02	1000010010	3.12597E+01	-5.25521E-04	-7.41936E-04	-4.16364E-04	5.25521E-01	7.41936E-01	4.16364E-01	1000010010	3.12597E+01	-1.05104E-02	-1.48387E-02	-8.32727E-03	5.25521E-01	7.41936E-01	4.16364E-01	PRIM
1.90000E-02	1000010010	7.49589E+00	1.16594E-04	-2.04623E-04	9.71872E-04	-1.16594E-01	2.04623E-01	-9.71872E-01	1000010010	7.49589E+00	2.33189E-03	-4.09246E-03	1.94374E-02	-1.16594E-01	2.04623E-01	-9.71872E-01	PRIM
1.90001E-02	1000010010	5.73531E+00	1.18468E-04	-1.08204E-04	-9.86943E-04	-1.18480E-01	1.08215E-01	9.87042E-01	1000010010	5.73531E+00	2.36961E-03	-2.16430E-03	-1.97408E-02	-1.18480E-01	1.08215E-01	9.87042E-01	PRIM
1.90001E-02	1000010010	8.05294E+00	-9.19127E-04	3.86935E-04	7.27099E-05	9.19219E-01	-3.86974E-01	-7.27171E-02	1000010010	8.05294E+00	-1.83844E-02	7.73948E-03	1.45434E-03	9.19219E-01	-3.86974E-01	-7.27171E-02	PRIM
1.90000E-02	1000010010	6.83457E+00	-1.55081E-05	-7.76535E-05	9.96860E-04	1.55081E-02	7.76535E-02	-9.96860E-01	1000010010	6.83457E+00	-3.10163E-04	-1.55307E-03	1.99372E-02	1.55081E-02	7.76535E-02	-9.96860E-01	PRIM
1.90000E-02	1000010010	1.25272E+01	4.24045E-04	-4.06048E-04	-8.09513E-04	-4.24045E-01	4.06048E-01	8.09513E-01	1000010010	1.25272E+01	8.48091E-03	-8.12096E-03	-1.61903E-02	-4.24045E-01	4.06048E-01	8.09513E-01	PRIM
1.90000E-02	1000010010	3.32428E+01	-9.33978E-04	-7.44817E-05	3.49483E-04	9.33978E-01	7.44817E-02	-3.49483E-01	1000010010	3.32428E+01	-1.86796E-02	-1.48963E-03	6.98966E-03	9.33978E-01	7.44817E-02	-3.49483E-01	PRIM
1.90000E-02	1000010010	8.42238E+00	7.85495E-04	5.53254E-04	2.77322E-04	-7.85495E-01	-5.53254E-01	-2.77322E-01	1000010010	8.42238E+00	1.57099E-02	1.10651E-02	5.54644E-03	-7.85495E-01	-5.53254E-01	-2.77322E-01	PRIM
1.90000E-02	1000010010	7.38546E+00	2.84413E-04	-2.05131E-04	-9.36499E-04	-2.84413E-01	2.05131E-01	9.36499E-01	1000010010	7.38546E+00	5.68826E-03	-4.10263E-03	-1.87300E-02	-2.84413E-01	2.05131E-01	9.36499E-01	PRIM
1.90000E-02	1000010010	1.16191E+01	-9.49990E-04	1.95906E-04	-2.43188E-04	9.49990E-01	-1.95906E-01	2.43188E-01	1000010010	1.16191E+01	-1.89998E-02	3.91812E-03	-4.86375E-03	9.49990E-01	-1.95906E-01	2.43188E-01	PRIM
1.90001E-02	1000010010	2.23769E+01	-7.87229E-04	-6.02106E-04	-1.32437E-04	7.87308E-01	6.02166E-01	1.32450E-01	1000010010	2.23769E+01	-1.57462E-02	-1.20433E-02	-2.64901E-03	7.87308E-01	6.02166E-01	1.32450E-01	PRIM
1.90000E-02	1000010010	1.32120E+01	7.70740E-04	3.84835E-04	5.07801E-04	-7.70740E-01	-3.84835E-01	-5.07801E-01	1000010010	1.32120E+01	1.54148E-02	7.69670E-03	1.01560E-02	-7.70740E-01	-3.84835E-01	-5.07801E-01	PRIM
1.90000E-02	1000010010	5.19809E+00	-1.14430E-04	-2.15432E-05	9.93198E-04	1.14430E-01	2.15432E-02	-9.93198E-01	1000010010	5.19809E+00	-2.28859E-03	-4.30865E-04	1.98640E-02	1.14430E-01	2.15432E-02	-9.93198E-01	PRIM
1.90000E-02	1000010010	7.02911E+00	-1.58554E-04	2.83542E-04	-9.45761E-04	1.58554E-01	-2.83542E-01	9.45761E-01	1000010010	7.02911E+00	-3.17109E-03	5.67084E-03	-1.89152E-02	1.58554E-01	-2.83542E-01	9.45761E-01	PRIM
1.90000E-02	1000010010	1.47863E+01	5.15900E-05	2.21857E-05	-9.98422E-04	-5.15900E-02	-2.21857E-02	9.98422E-01	1000010010	1.47863E+01	1.03180E-03	4.43713E-04	-1.99684E-02	-5.15900E-02	-2.21857E-02	9.98422E-01	PRIM
1.90000E-02	1000010010	5.87853E+00	-7.07630E-05	-3.35373E-04	9.39424E-04	7.07630E-02	3.35373E-01	-9.39424E-01	1000010010	5.87853E+00	-1.41526E-03	-6.70747E-03	1.87885E-02	7.07630E-02	3.35373E-01	-9.39424E-01	PRIM
1.90000E-02	1000010010	6.08372E+00	3.57658E-04	8.53202E-04	3.79641E-04	-3.57658E-01	-8.53202E-01	-3.79641E-01	1000010010	6.08372E+00	7.15317E-03	1.70640E-02	7.59282E-03	-3.57658E-01	-8.53202E-01	-3.79641E-01	PRIM
1.90000E-02	1000010010	1.14291E+01	-2.51355E-04	6.69875E-05	9.65574E-04	2.51355E-01	-6.69875E-02	-9.65574E-01	1000010010	1.14291E+01	-5.02709E-03	1.33975E-03	1.93115E-02	2.51355E-01	-6.69875E-02	-9.65574E-01	PRIM
1.90000E-02	1000010010	6.31355E+00	5.24655E-04	-6.53214E-05	-8.48805E-04	-5.24655E-01	6.53214E-02	8.48805E-01	1000010010	6.31355E+00	1.04931E-02	-1.30643E-03	-1.69761E-02	-5.24655E-01	6.53214E-02	8.48805E-01	PRIM
1.90000E-02	1000010010	1.21659E+01	-1.02535E-04	2.11104E-05	-9.94505E-04	1.02535E-01	-2.11104E-02	9.94505E-01	1000010010	1.21659E+01	-2.05071E-03	4.22208E-04	-1.98901E-02	1.02535E-01	-2.11104E-02	9.94505E-01	PRIM
1.90000E-02	1000010010	7.31833E+00	9.02208E-04	4.30711E-04	2.25456E-05	-9.02208E-01	-4.30711E-01	-2.25456E-02	1000010010	7.31833E+00	1.80442E-02	8.61423E-03	4.50912E-04	-9.02208E-01	-4.30711E-01	-2.25456E-02	PRIM
1.90001E-02	1000010010	2.35517E+01	1.18468E-04	-1.08204E-04	-9.86943E-04	-1.18480E-01	1.08215E-01	9.87042E-01	1000010010	2.35517E+01	2.36961E-03	-2.16430E-03	-1.97408E-02	-1.18480E-01	1.08215E-01	9.87042E-01	PRIM
1.90000E-02	1000010010	5.12821E+00	-2.66740E-04	-3.93492E-04	8.79781E-04	2.66740E-01	3.93492E-01	-8.79781E-01	1000010010	5.12821E+00	-5.33479E-03	-7.86983E-03	1.75956E-02	2.66740E-01	3.93492E-01	-8.79781E-01	PRIM
1.90000E-02	1000010010	8.44296E+00	1.08091E-04	3.31301E-04	-9.37313E-04	-1.08091E-01	-3.31301E-01	9.37313E-01	1000010010	8.44296E+00	2.16182E-03	6.62601E-03	-1.87463E-02	-1.08091E-01	-3.31301E-01	9.37313E-01	PRIM
1.90001E-02	1000010010	2.47359E+01	2.03760E-05	5.61129E-04	-8.27356E-04	-2.03780E-02	-5.61186E-01	8.27439E-01	1000010010	2.47359E+01	4.07560E-04	1.12237E-02	-1.65488E-02	-2.03780E-02	-5.61186E-01	8.27439E-01	PRIM
1.90000E-02	1000010010	2.05713E+01	1.16594E-04	-2.04623E-04	9.71872E-04	-1.16594E-01	2.04623E-01	-9.71872E-01	1000010010	2.05713E+01	2.33189E-03	-4.09246E-03	1.94374E-02	-1.16594E-01	2.04623E-01	-9.71872E-01	PRIM
1.90000E-02	1000010010	1.08573E+01	8.91679E-04	3.35922E-04	-3.03423E-04	-8.91679E-01	-3.35922E-01	3.03423E-01	1000010010	1.08573E+01	1.78336E-02	6.71843E-03	-6.06847E-03	-8.91679E-01	-3.35922E-01	3.03423E-01	PRIM
1.90000E-02	1000010010	5.84978E+00	4.24045E-04	-4.06048E-04	-8.09513E-04	-4.24045E-01	4.06048E-01	8.09513E-01	1000010010	5.84978E+00	8.48091E-03	-8.12096E-03	-1.61903E-02	-4.24045E-01	4.06048E-01	8.09513E-01	PRIM
1.90000E-02	1000010010	6.14575E+00	1.11499E-04	9.31984E-04	3.44927E-04	-1.11499E-01	-9.31984E-01	-3.44927E-01	1000010010	6.14575E+00	2.22998E-03	1.86397E-02	6.89854E-03	-1.11499E-01	-9.31984E-01	-3.44927E-01	PRIM
1.90001E-02	1000010010	5.18734E+00	1.69853E-04	3.25279E-04	9.30131E-04	-1.69870E-01	-3.25312E-01	-9.30224E-01	1000010010	5.18734E+00	3.39740E-03	6.50623E-03	1.86045E-02	-1.69870E-01	-3.25312E-01	-9.30224E-01	PRIM
1.90000E-02	1000010010	2.32469E+01	2.43704E-04	5.38181E-04	-8.06827E-04	-2.43704E-01	-5.38181E-01	8.06827E-01	1000010010	2.32469E+01	4.87409E-03	1.07636E-02	-1.61365E-02	-2.43704E-01	-5.38181E-01	8.06827E-01	PRIM
1.90000E-02	1000010010	3.22231E+01	4.25061E-04	2.90920E-04	-8.57140E-04	-4.25061E-01	-2.90920E-01	8.57140E-01	1000010010	3.22231E+01	8.50123E-03	5.81840E-03	-1.71428E-02	-4.25061E-01	-2.90920E-01	8.57140E-01	PRIM
1.90001E-02	1000010010	6.30548E+00	2.32855E-05	8.32379E-04	5.53537E-04	-2.32878E-02	-8.32462E-01	-5.53592E-01	1000010010	6.30548E+00	4.65756E-04	1.66492E-02	1.10718E-02	-2.32878E-02	-8.32462E-01	-5.53592E-01	PRIM
1.90000E-02	1000010010	6.86740E+00	3.45187E-04	-3.55878E-04	-8.68445E-04	-3.45187E-01	3.55878E-01	8.68445E-01	1000010010	6.86740E+00	6.90375E-03	-7.11755E-03	-1.73689E-02	-3.45187E-01	3.55878E-01	8.68445E-01	PRIM
1.90000E-02	1000010010	1.36933E+01	3.30718E-05	-6.99612E-04	7.13757E-04	-3.30718E-02	6.99612E-01	-7.13757E-01	1000010010	1.36933E+01	6.61435E-04	-1.39922E-02	1.42751E-02	-3.30718E-02	6.99612E-01	-7.13757E-01	PRIM
1.90000E-02	1000010010	8.26377E+00	-4.54456E-04	-8.42851E-04	-2.88221E-04	4.54456E-01	8.42851E-01	2.88221E-01	1000010010	8.26377E+00	-9.08912E-03	-1.68570E-02	-5.76441E-03	4.54456E-01	8.42851E-01	2.88221E-01	PRIM
1.90000E-02	1000010010	6.12969E+00	-6.22772E-04	-6.43528E-04	4.45002E-04	6.22772E-01	6.43528E-01	-4.45002E-01	1000010010	6.12969E+00	-1.24554E-02	-1.28706E-02	8.90004E-03	6.22772E-01	6.43528E-01	-4.45002E-01	PRIM
1.90000E-02	1000010010	1.41816E+01	2.30068E-04	4.59639E-04	8.57788E-04	-2.30068E-01	-4.59639E-01	-8.57788E-01	1000010010	1.41816E+01	4.60136E-03	9.19278E-03	1.71558E-02	-2.30068E-01	-4.59639E-01	-8.57788E-01	PRIM
1.90000E-02	1000010010	3.93278E+01	1.87811E-04	-9.74067E-04	1.26177E-04	-1.87811E-01	9.74067E-01	-1.26177E-01	1000010010	3.93278E+01	3.75622E-03	-1.94813E-02	2.52354E-03	-1.87811E-01	9.74067E-01	-1.26177E-01	PRIM
1.90000E-02	1000010010	9.06554E+00	-2.63183E-05	-6.13523E-05	9.97769E-04	2.63183E-02	6.13523E-02	-9.97769E-01	1000010010	9.06554E+00	-5.26367E-04	-1.22705E-03	1.99554E-02	2.63183E-02	6.13523E-02	-9.97769E-01	PRIM
1.90000E-02	1000010010	1.78169E+01	7.13539E-06	-1.74961E-04	9.84549E-04	-7.13539E-03	1.74961E-01	-9.84549E-01	1000010010	1.78169E+01	1.42708E-04	-3.49922E-03	1.96910E-02	-7.13539E-03	1.74961E-01	-9.84549E-01	PRIM
1.90000E-02	1000010010	9.33611E+00	-1.71587E-04	1.23673E-04	9.77376E-04	1.71587E-01	-1.23673E-01	-9.77376E-01	1000010010	9.33611E+00	-3.43174E-03	2.47345E-03	1.95475E-02	1.71587E-01	-1.23673E-01	-9.77376E-01	PRIM
1.90001E-02	1000010010	6.96068E+00	-7.72683E-05	-5.16901E-05	-9.95569E-04	7.72761E-02	5.16952E-02	9.95669E-01	1000010010	6.96068E+00	-1.54552E-03	-1.03390E-03	-1.99134E-02	7.72761E-02	5.16952E-02	9.95669E-01	PRIM
1.90000E-02	1000010010	4.03098E+02	-5.53541E-06	1.84611E-05	9.99814E-04	5.53541E-03	-1.84611E-02	-9.99814E-01	1000010010	4.03098E+02	-1.10708E-04	3.69223E-04	1.99963E-02	5.53541E-03	-1.84611E-02	-9.99814E-01	PRIM
1.90000E-02	1000010010	1.41848E+01	-2.52272E-04	7.08715E-04	-6.58849E-04	2.52272E-01	-7.08715E-01	6.58849E-01	1000010010	1.41848E+01	-5.04544E-03	1.41743E-02	-1.31770E-02	2.52272E-01	-7.08715E-01	6.58849E-01	PRIM
1.90000E-02	1000010010	1.70804E+01	-1.71587E-04	1.23673E-04	9.77376E-04	1.71587E-01	-1.23673E-01	-9.77376E-01	1000010010	1.70804E+01	-3.43174E-03	2.47345E-03	1.95475E-02	1.71587E-01	-1.23673E-01	-9.77376E-01	PRIM
1.90000E-02	1000010010	4.14505E+01	-5.53541E-06	1.84611E-05	9.99814E-04	5.53541E-03	-1.84611E-02	-9.99814E-01	1000010010	4.14505E+01	-1.10708E-04	3.69223E-04	1.99963E-02	5.53541E-03	-1.84611E-02	-9.99814E-01	PRIM
1.90000E-02	1000010010	6.12201E+00	1.87811E-04	-9.74067E-04	1.26177E-04	-1.87811E-01	9.74067E-01	-1.26177E-01	1000010010	6.12201E+00	3.75622E-03	-1.94813E-02	2.52354E-03	-1.87811E-01	9.74067E-01	-1.26177E-01	PRIM
1.90000E-02	1000010010	7.25316E+00	-9.68032E-04	6.54906E-06	2.50740E-04	9.68032E-01	-6.54906E-03	-2.50740E-01	1000010010	7.25316E+00	-1.93606E-02	1.30981E-04	5.01480E-03	9.68032E-01	-6.54906E-03	-2.50740E-01	PRIM
1.90001E-02	1000010010	1.27240E+01	2.06866E-04	-8.60985E-04	-4.64448E-04	-2.06886E-01	8.61071E-01	4.64495E-01	1000010010	1.27240E+01	4.13773E-03	-1.72214E-02	-9.28990E-03	-2.06886E-01	8.61071E-01	4.64495E-01	PRIM
1.90000E-02	1000010010	1.39971E+01	1.98141E-05	-6.29228E-04	-7.76968E-04	-1.98141E-02	6.29228E-01	7.76968E-01	1000010010	1.39971E+01	3.96282E-04	-1.25846E-02	-1.55394E-02	-1.98141E-02	6.29228E-01	7.76968E-01	PRIM
1.90000E-02	1000010010	1.75821E+01	3.47788E-04	-5.04271E-04	7.90414E-04	-3.47788E-01	5.04271E-01	-7.90414E-01	1000010010	1.75821E+01	6.95576E-03	-1.00854E-02	1.58083E-02	-3.47788E-01	5.04271E-01	-7.90414E-01	PRIM
1.90001E-02	1000010010	6.92099E+00	-1.71267E-04	2.75875E-04	9.45706E-04	1.71284E-01	-2.75902E-01	-9.45801E-01	1000010010	6.92099E+00	-3.42569E-03	5.51804E-03	1.89160E-02	1.71284E-01	-2.75902E-01	-9.45801E-01	PRIM
1.90000E-02	1000010010	8.56102E+00	-1.45607E-04	-1.53941E-04	-9.77292E-04	1.45607E-01	1.53941E-01	9.77292E-01	1000010010	8.56102E+00	-2.91215E-03	-3.07882E-03	-1.95458E-02	1.45607E-01	1.53941E-01	9.77292E-01	PRIM
1.90001E-02	1000010010	5.82615E+00	-1.71267E-04	2.75875E-04	9.45706E-04	1.71284E-01	-2.75902E-01	-9.45801E-01	1000010010	5.82615E+00	-3.42569E-03	5.51804E-03	1.89160E-02	1.71284E-01	-2.75902E-01	-9.45801E-01	PRIM
1.90000E-02	1000010010	2.94854E+01	5.24655E-04	-6.53214E-05	-8.48805E-04	-5.24655E-01	6.53214E-02	8.48805E-01	1000010010	2.94854E+01	1.04931E-02	-1.30643E-03	-1.69761E-02	-5.24655E-01	6.53214E-02	8.48805E-01	PRIM
1.90000E-02	1000010010	1.89179E+01	-5.25521E-04	-7.41936E-04	-4.16364E-04	5.25521E-01	7.41936E-01	4.16364E-01	1000010010	1.89179E+01	-1.05104E-02	-1.48387E-02	-8.32727E-03	5.25521E-01	7.41936E-01	4.16364E-01	PRIM
1.90000E-02	1000010010	5.59827E+00	-8.58356E-05	8.77618E-04	4.71614E-04	8.58356E-02	-8.77618E-01	-4.71614E-01	1000010010	5.59827E+00	-1.71671E-03	1.75524E-02	9.43227E-03	8.58356E-02	-8.77618E-01	-4.71614E-01	PRIM
1.90000E-02	1000010010	1.37494E+01	-1.55081E-05	-7.76535E-05	9.96860E-04	1.55081E-02	7.76535E-02	-9.96860E-01	1000010010	1.37494E+01	-3.10163E-04	-1.55307E-03	1.99372E-02	1.55081E-02	7.76535E-02	-9.96860E-01	PRIM
1.90000E-02	1000010010	9.88193E+01	-1.29509E-04	-9.23920E-04	-3.59999E-04	1.29509E-01	9.23920E-01	3.59999E-01	1000010010	9.88193E+01	-2.59018E-03	-1.84784E-02	-7.19997E-03	1.29509E-01	9.23920E-01	3.59999E-01	PRIM
1.90000E-02	1000010010	6.67880E+00	-6.96594E-04	6.90907E-04	-1.93402E-04	6.96594E-01	-6.90907E-01	1.93402E-01	1000010010	6.67880E+00	-1.39319E-02	1.38181E-02	-3.86804E-03	6.96594E-01	-6.90907E-01	1.93402E-01	PRIM
1.90000E-02	1000010010	2.12802E+01	-2.98382E-04	-7.10542E-04	6.37258E-04	2.98382E-01	7.10542E-01	-6.37258E-01	1000010010	2.12802E+01	-5.96764E-03	-1.42108E-02	1.27452E-02	2.98382E-01	7.10542E-01	-6.37258E-01	PRIM
1.90000E-02	1000010010	5.53190E+00	-9.33254E-04	-2.65570E-04	2.41887E-04	9.33254E-01	2.65570E-01	-2.41887E-01	1000010010	5.53190E+00	-1.86651E-02	-5.31140E-03	4.83774E-03	9.33254E-01	2.65570E-01	-2.41887E-01	PRIM
1.90000E-02	1000010010	1.41869E+01	-1.02535E-04	2.11104E-05	-9.94505E-04	1.02535E-01	-2.11104E-02	9.94505E-01	1000010010	1.41869E+01	-2.05071E-03	4.22208E-04	-1.98901E-02	1.02535E-01	-2.11104E-02	9.94505E-01	PRIM
1.90000E-02	1000010010	6.98135E+00	2.67715E-04	4.69804E-04	8.41197E-04	-2.67715E-01	-4.69804E-01	-8.41197E-01	1000010010	6.98135E+00	5.35430E-03	9.39608E-03	1.68239E-02	-2.67715E-01	-4.69804E-01	-8.41197E-01	PRIM
1.90000E-02	1000010010	1.12552E+01	-7.99703E-04	8.22086E-05	5.94742E-04	7.99703E-01	-8.22086E-02	-5.94742E-01	1000010010	1.12552E+01	-1.59941E-02	1.64417E-03	1.18948E-02	7.99703E-01	-8.22086E-02	-5.94742E-01	PRIM
1.90000E-02	1000010010	7.81869E+00	4.43791E-04	6.98956E-04	-5.60812E-04	-4.43791E-01	-6.98956E-01	5.60812E-01	1000010010	7.81869E+00	8.87583E-03	1.39791E-02	-1.12162E-02	-4.43791E-01	-6.98956E-01	5.60812E-01	PRIM
1.90000E-02	1000010010	1.28112E+01	1.32550E-04	3.22747E-04	9.37158E-04	-1.32550E-01	-3.22747E-01	-9.37158E-01	1000010010	1.28112E+01	2.65100E-03	6.45494E-03	1.87432E-02	-1.32550E-01	-3.22747E-01	-9.37158E-01	PRIM
1.90000E-02	1000010010	5.85053E+00	-9.33978E-04	-7.44817E-05	3.49483E-04	9.33978E-01	7.44817E-02	-3.49483E-01	1000010010	5.85053E+00	-1.86796E-02	-1.48963E-03	6.98966E-03	9.33978E-01	7.44817E-02	-3.49483E-01	PRIM
1.90000E-02	1000010010	1.35678E+01	-3.43109E-04	-6.59355E-04	-6.68975E-04	3.43109E-01	6.59355E-01	6.68975E-01	1000010010	1.35678E+01	-6.86219E-03	-1.31871E-02	-1.33795E-02	3.43109E-01	6.59355E-01	6.68975E-01	PRIM
1.90000E-02	1000010010	5.28661E+00	-4.46335E-04	-4.42975E-04	-7.77533E-04	4.46335E-01	4.42975E-01	7.77533E-01	1000010010	5.28661E+00	-8.92670E-03	-8.85951E-03	-1.55507E-02	4.46335E-01	4.42975E-01	7.77533E-01	PRIM
1.90000E-02	1000010010	7.23717E+00	1.09303E-04	-3.10460E-05	9.93524E-04	-1.09303E-01	3.10460E-02	-9.93524E-01	1000010010	7.23717E+00	2.18606E-03	-6.20920E-04	1.98705E-02	-1.09303E-01	3.10460E-02	-9.93524E-01	PRIM
1.90000E-02	1000010010	2.26425E+01	-2.29283E-04	7.95834E-05	9.70101E-04	2.29283E-01	-7.95834E-02	-9.70101E-01	1000010010	2.26425E+01	-4.58565E-03	1.59167E-03	1.94020E-02	2.29283E-01	-7.95834E-02	-9.70101E-01	PRIM
1.90000E-02	1000010010	8.29534E+00	-1.19592E-04	8.61060E-04	4.94240E-04	1.19592E-01	-8.61060E-01	-4.94240E-01	1000010010	8.29534E+00	-2.39184E-03	1.72212E-02	9.88481E-03	1.19592E-01	-8.61060E-01	-4.94240E-01	PRIM
1.90000E-02	1000010010	1.27918E+01	-3.41173E-04	-4.97157E-04	7.97769E-04	3.41173E-01	4.97157E-01	-7.97769E-01	1000010010	1.27918E+01	-6.82346E-03	-9.94315E-03	1.59554E-02	3.41173E-01	4.97157E-01	-7.97769E-01	PRIM
1.90000E-02	1000010010	2.49587E+01	-1.19592E-04	8.61060E-04	4.94240E-04	1.19592E-01	-8.61060E-01	-4.94240E-01	1000010010	2.49587E+01	-2.39184E-03	1.72212E-02	9.88481E-03	1.19592E-01	-8.61060E-01	-4.94240E-01	PRIM
1.90000E-02	1000010010	7.03631E+00	6.13373E-04	-3.84467E-04	-6.89898E-04	-6.13373E-01	3.84467E-01	6.89898E-01	1000010010	7.03631E+00	1.22675E-02	-7.68935E-03	-1.37980E-02	-6.13373E-01	3.84467E-01	6.89898E-01	PRIM
1.90000E-02	1000010010	1.06165E+01	2.04171E-04	3.43996E-04	9.16505E-04	-2.04171E-01	-3.43996E-01	-9.16505E-01	1000010010	1.06165E+01	4.08343E-03	6.87992E-03	1.83301E-02	-2.04171E-01	-3.43996E-01	-9.16505E-01	PRIM
1.90000E-02	1000010010	5.68463E+00	-2.51355E-04	6.69875E-05	9.65574E-04	2.51355E-01	-6.69875E-02	-9.65574E-01	1000010010	5.68463E+00	-5.02709E-03	1.33975E-03	1.93115E-02	2.51355E-01	-6.69875E-02	-9.65574E-01	PRIM
1.90000E-02	1000010010	7.09692E+01	-3.17885E-04	-1.45919E-04	-9.36833E-04	3.17885E-01	1.45919E-01	9.36833E-01	1000010010	7.09692E+01	-6.35770E-03	-2.91838E-03	-1.87367E-02	3.17885E-01	1.45919E-01	9.36833E-01	PRIM
1.90001E-02	1000010010	1.02529E+01	2.03760E-05	5.61129E-04	-8.27356E-04	-2.03780E-02	-5.61186E-01	8.27439E-01	1000010010	1.02529E+01	4.07560E-04	1.12237E-02	-1.65488E-02	-2.03780E-02	-5.61186E-01	8.27439E-01	PRIM
1.90000E-02	1000010010	5.44955E+00	1.32550E-04	3.22747E-04	9.37158E-04	-1.32550E-01	-3.22747E-01	-9.37158E-01	1000010010	5.44955E+00	2.65100E-03	6.45494E-03	1.87432E-02	-1.32550E-01	-3.22747E-01	-9.37158E-01	PRIM
1.90000E-02	1000010010	1.56044E+01	2.30068E-04	4.59639E-04	8.57788E-04	-2.30068E-01	-4.59639E-01	-8.57788E-01	1000010010	1.56044E+01	4.60136E-03	9.19278E-03	1.71558E-02	-2.30068E-01	-4.59639E-01	-8.57788E-01	PRIM
1.90000E-02	1000010010	8.44972E+00	-2.63183E-05	-6.13523E-05	9.97769E-04	2.63183E-02	6.13523E-02	-9.97769E-01	1000010010	8.44972E+00	-5.26367E-04	-1.22705E-03	1.99554E-02	2.63183E-02	6.13523E-02	-9.97769E-01	PRIM
1.90000E-02	1000010010	4.27296E+01	-5.25521E-04	-7.41936E-04	-4.16364E-04	5.25521E-01	7.41936E-01	4.16364E-01	1000010010	4.27296E+01	-1.05104E-02	-1.48387E-02	-8.32727E-03	5.25521E-01	7.41936E-01	4.16364E-01	PRIM
1.90000E-02	1000010010	5.06519E+00	5.60010E-04	8.28432E-04	9.47097E-06	-5.60010E-01	-8.28432E-01	-9.47097E-03	1000010010	5.06519E+00	1.12002E-02	1.65686E-02	1.89419E-04	-5.60010E-01	-8.28432E-01	-9.47097E-03	PRIM
1.90000E-02	1000010010	6.14860E+00	-5.03441E-04	7.58275E-04	4.14206E-04	5.03441E-01	-7.58275E-01	-4.14206E-01	1000010010	6.14860E+00	-1.00688E-02	1.51655E-02	8.28413E-03	5.03441E-01	-7.58275E-01	-4.14206E-01	PRIM
1.90000E-02	1000010010	1.23614E+01	4.11904E-05	1.69024E-04	-9.84751E-04	-4.11904E-02	-1.69024E-01	9.84751E-01	1000010010	1.23614E+01	8.23808E-04	3.38048E-03	-1.96950E-02	-4.11904E-02	-1.69024E-01	9.84751E-01	PRIM
1.90000E-02	1000010010	1.09219E+01	6.19063E-04	-4.16422E-04	-6.65848E-04	-6.19063E-01	4.16422E-01	6.65848E-01	1000010010	1.09219E+01	1.23813E-02	-8.32843E-03	-1.33170E-02	-6.19063E-01	4.16422E-01	6.65848E-01	PRIM
1.90000E-02	1000010010	8.50638E+00	-8.21934E-05	9.94917E-04	-5.81779E-05	8.21934E-02	-9.94917E-01	5.81779E-02	1000010010	8.50638E+00	-1.64387E-03	1.98983E-02	-1.16356E-03	8.21934E-02	-9.94917E-01	5.81779E-02	PRIM
1.90000E-02	1000010010	7.81699E+00	-5.03441E-04	7.58275E-04	4.14206E-04	5.03441E-01	-7.58275E-01	-4.14206E-01	1000010010	7.81699E+00	-1.00688E-02	1.51655E-02	8.28413E-03	5.03441E-01	-7.58275E-01	-4.14206E-01	PRIM
1.90000E-02	1000010010	6.73893E+00	-1.73714E-06	-2.73558E-05	9.99624E-04	1.73714E-03	2.73558E-02	-9.99624E-01	1000010010	6.73893E+00	-3.47428E-05	-5.47116E-04	1.99925E-02	1.73714E-03	2.73558E-02	-9.99624E-01	PRIM
1.90000E-02	1000010010	1.19861E+01	-4.46335E-04	-4.42975E-04	-7.77533E-04	4.46335E-01	4.42975E-01	7.77533E-01	1000010010	1.19861E+01	-8.92670E-03	-8.85951E-03	-1.55507E-02	4.46335E-01	4.42975E-01	7.77533E-01	PRIM
1.90000E-02	1000010010	5.95729E+00	-5.53541E-06	1.84611E-05	9.99814E-04	5.53541E-03	-1.84611E-02	-9.99814E-01	1000010010	5.95729E+00	-1.10708E-04	3.69223E-04	1.99963E-02	5.53541E-03	-1.84611E-02	-9.99814E-01	PRIM
1.90000E-02	1000010010	5.84236E+00	1.11499E-04	9.31984E-04	3.44927E-04	-1.11499E-01	-9.31984E-01	-3.44927E-01	1000010010	5.84236E+00	2.22998E-03	1.86397E-02	6.89854E-03	-1.11499E-01	-9.31984E-01	-3.44927E-01	PRIM
1.90000E-02	1000010010	5.82891E+00	-5.89581E-04	-5.03194E-04	6.31815E-04	5.89581E-01	5.03194E-01	-6.31815E-01	1000010010	5.82891E+00	-1.17916E-02	-1.00639E-02	1.26363E-02	5.89581E-01	5.03194E-01	-6.31815E-01	PRIM
1.90000E-02	1000010010	6.55351E+00	-9.79310E-04	-1.13179E-04	-1.67757E-04	9.79310E-01	1.13179E-01	1.67757E-01	1000010010	6.55351E+00	-1.95862E-02	-2.26358E-03	-3.35515E-03	9.79310E-01	1.13179E-01	1.67757E-01	PRIM
1.90000E-02	1000010010	5.28274E+00	-9.49990E-04	1.95906E-04	-2.43188E-04	9.49990E-01	-1.95906E-01	2.43188E-01	1000010010	5.28274E+00	-1.89998E-02	3.91812E-03	-4.86375E-03	9.49990E-01	-1.95906E-01	2.43188E-01	PRIM
1.90000E-02	1000010010	1.32905E+02	2.41303E-05	-8.09519E-04	-5.86597E-04	-2.41303E-02	8.09519E-01	5.86597E-01	1000010010	1.32905E+02	4.82606E-04	-1.61904E-02	-1.17319E-02	-2.41303E-02	8.09519E-01	5.86597E-01	PRIM
1.90000E-02	1000010010	1.81295E+01	4.61219E-04	5.07514E-04	7.27809E-04	-4.61219E-01	-5.07514E-01	-7.27809E-01	1000010010	1.81295E+01	9.22438E-03	1.01503E-02	1.45562E-02	-4.61219E-01	-5.07514E-01	-7.27809E-01	PRIM
1.90000E-02	1000010010	9.83120E+00	-8.34840E-05	-1.93755E-04	9.77491E-04	8.34840E-02	1.93755E-01	-9.77491E-01	1000010010	9.83120E+00	-1.66968E-03	-3.87510E-03	1.95498E-02	8.34840E-02	1.93755E-01	-9.77491E-01	PRIM
1.90000E-02	1000010010	1.02024E+01	-9.68032E-04	6.54906E-06	2.50740E-04	9.68032E-01	-6.54906E-03	-2.50740E-01	1000010010	1.02024E+01	-1.93606E-02	1.30981E-04	5.01480E-03	9.68032E-01	-6.54906E-03	-2.50740E-01	PRIM
1.90000E-02	1000010010	5.59944E+00	5.50865E-04	1.48152E-04	8.21340E-04	-5.50865E-01	-1.48152E-01	-8.21340E-01	1000010010	5.59944E+00	1.10173E-02	2.96304E-03	1.64268E-02	-5.50865E-01	-1.48152E-01	-8.21340E-01	PRIM
1.90000E-02	1000010010	4.23119E+01	-2.51355E-04	6.69875E-05	9.65574E-04	2.51355E-01	-6.69875E-02	-9.65574E-01	1000010010	4.23119E+01	-5.02709E-03	1.33975E-03	1.93115E-02	2.51355E-01	-6.69875E-02	-9.65574E-01	PRIM
1.90000E-02	1000010010	1.61425E+01	-3.73463E-05	7.63676E-04	-6.44518E-04	3.73463E-02	-7.63676E-01	6.44518E-01	1000010010	1.61425E+01	-7.46927E-04	1.52735E-02	-1.28904E-02	3.73463E-02	-7.63676E-01	6.44518E-01	PRIM
1.90000E-02	1000010010	1.21216E+01	-3.22370E-04	-1.18344E-04	-9.39187E-04	3.22370E-01	1.18344E-01	9.39187E-01	1000010010	1.21216E+01	-6.44741E-03	-2.36689E-03	-1.87837E-02	3.22370E-01	1.18344E-01	9.39187E-01	PRIM
1.90000E-02	1000010010	7.04091E+00	2.67715E-04	4.69804E-04	8.41197E-04	-2.67715E-01	-4.69804E-01	-8.41197E-01	1000010010	7.04091E+00	5.35430E-03	9.39608E-03	1.68239E-02	-2.67715E-01	-4.69804E-01	-8.41197E-01	PRIM
1.90000E-02	1000010010	6.69907E+00	8.35408E-04	-3.58318E-04	-4.16775E-04	-8.35408E-01	3.58318E-01	4.16775E-01	1000010010	6.69907E+00	1.67082E-02	-7.16635E-03	-8.33550E-03	-8.35408E-01	3.58318E-01	4.16775E-01	PRIM
1.90000E-02	1000010010	4.95025E+01	-1.02535E-04	2.11104E-05	-9.94505E-04	1.02535E-01	-2.11104E-02	9.94505E-01	1000010010	4.95025E+01	-2.05071E-03	4.22208E-04	-1.98901E-02	1.02535E-01	-2.11104E-02	9.94505E-01	PRIM
1.90001E-02	1000010010	9.84621E+00	-9.44155E-04	-2.75805E-04	1.79729E-04	9.44250E-01	2.75833E-01	-1.79747E-01	1000010010	9.84621E+00	-1.88850E-02	-5.51666E-03	3.59493E-03	9.44250E-01	2.75833E-01	-1.79747E-01	PRIM
1.90000E-02	1000010010	8.31875E+00	3.61899E-04	-8.31782E-04	4.20913E-04	-3.61899E-01	8.31782E-01	-4.20913E-01	1000010010	8.31875E+00	7.23798E-03	-1.66356E-02	8.41826E-03	-3.61899E-01	8.31782E-01	-4.20913E-01	PRIM
1.90000E-02	1000010010	5.85038E+00	-5.59956E-05	2.34336E-04	-9.70542E-04	5.59956E-02	-2.34336E-01	9.70542E-01	1000010010	5.85038E+00	-1.11991E-03	4.68673E-03	-1.94108E-02	5.59956E-02	-2.34336E-01	9.70542E-01	PRIM
1.90000E-02	1000010010	7.34630E+00	8.65090E-04	-1.24309E-04	-4.85969E-04	-8.65090E-01	1.24309E-01	4.85969E-01	1000010010	7.34630E+00	1.73018E-02	-2.48618E-03	-9.71939E-03	-8.65090E-01	1.24309E-01	4.85969E-01	PRIM
1.90000E-02	1000010010	2.24319E+01	-7.07630E-05	-3.35373E-04	9.39424E-04	7.07630E-02	3.35373E-01	-9.39424E-01	1000010010	2.24319E+01	-1.41526E-03	-6.70747E-03	1.87885E-02	7.07630E-02	3.35373E-01	-9.39424E-01	PRIM
1.90000E-02	1000010010	7.00506E+00	9.09651E-05	-2.05660E-04	9.74387E-04	-9.09651E-02	2.05660E-01	-9.74387E-01	1000010010	7.00506E+00	1.81930E-03	-4.11321E-03	1.94877E-02	-9.09651E-02	2.05660E-01	-9.74387E-01	PRIM
1.90000E-02	1000010010	7.14255E+00	-6.22772E-04	-6.43528E-04	4.45002E-04	6.22772E-01	6.43528E-01	-4.45002E-01	1000010010	7.14255E+00	-1.24554E-02	-1.28706E-02	8.90004E-03	6.22772E-01	6.43528E-01	-4.45002E-01	PRIM
1.90000E-02	1000010010	5.09734E+00	9.59259E-04	1.36524E-04	-2.47354E-04	-9.59259E-01	-1.36524E-01	2.47354E-01	1000010010	5.09734E+00	1.91852E-02	2.73048E-03	-4.94708E-03	-9.59259E-01	-1.36524E-01	2.47354E-01	PRIM
1.90001E-02	1000010010	5.03967E+00	3.68880E-04	9.93845E-05	9.24040E-04	-3.68917E-01	-9.93944E-02	-9.24133E-01	1000010010	5.03967E+00	7.37833E-03	1.98789E-03	1.84827E-02	-3.68917E-01	-9.93944E-02	-9.24133E-01	PRIM
1.90000E-02	1000010010	2.72188E+01	-2.66740E-04	-3.93492E-04	8.79781E-04	2.66740E-01	3.93492E-01	-8.79781E-01	1000010010	2.72188E+01	-5.33479E-03	-7.86983E-03	1.75956E-02	2.66740E-01	3.93492E-01	-8.79781E-01	PRIM
1.90000E-02	1000010010	4.66340E+01	9.49854E-05	2.59888E-05	-9.95139E-04	-9.49854E-02	-2.59888E-02	9.95139E-01	1000010010	4.66340E+01	1.89971E-03	5.19776E-04	-1.99028E-02	-9.49854E-02	-2.59888E-02	9.95139E-01	PRIM
1.90001E-02	1000010010	1.06423E+01	2.32855E-05	8.32379E-04	5.53537E-04	-2.32878E-02	-8.32462E-01	-5.53592E-01	1000010010	1.06423E+01	4.65756E-04	1.66492E-02	1.10718E-02	-2.32878E-02	-8.32462E-01	-5.53592E-01	PRIM
1.90001E-02	1000010010	1.36850E+01	-9.51089E-04	-3.03416E-04	5.62825E-05	9.51184E-01	3.03446E-01	-5.62882E-02	1000010010	1.36850E+01	-1.90237E-02	-6.06893E-03	1.12576E-03	9.51184E-01	3.03446E-01	-5.62882E-02	PRIM
1.90000E-02	1000010010	7.34668E+00	1.59032E-04	3.06780E-04	9.38400E-04	-1.59032E-01	-3.06780E-01	-9.38400E-01	1000010010	7.34668E+00	3.18063E-03	6.13561E-03	1.87680E-02	-1.59032E-01	-3.06780E-01	-9.38400E-01	PRIM
1.90001E-02	1000010010	7.21064E+00	-9.98974E-05	-3.28988E-05	9.94353E-04	9.99074E-02	3.29021E-02	-9.94453E-01	1000010010	7.21064E+00	-1.99815E-03	-6.58041E-04	1.98891E-02	9.99074E-02	3.29021E-02	-9.94453E-01	PRIM
1.90000E-02	1000010010	8.43884E+00	-8.58356E-05	8.77618E-04	4.71614E-04	8.58356E-02	-8.77618E-01	-4.71614E-01	1000010010	8.43884E+00	-1.71671E-03	1.75524E-02	9.43227E-03	8.58356E-02	-8.77618E-01	-4.71614E-01	PRIM
1.90000E-02	1000010010	8.69016E+00	-6.27176E-04	-3.24485E-05	7.78201E-04	6.27176E-01	3.24485E-02	-7.78201E-01	1000010010	8.69016E+00	-1.25435E-02	-6.48970E-04	1.55640E-02	6.27176E-01	3.24485E-02	-7.78201E-01	PRIM
1.90000E-02	1000010010	5.08661E+00	-1.58554E-04	2.83542E-04	-9.45761E-04	1.58554E-01	-2.83542E-01	9.45761E-01	1000010010	5.08661E+00	-3.17109E-03	5.67084E-03	-1.89152E-02	1.58554E-01	-2.83542E-01	9.45761E-01	PRIM
1.90000E-02	1000010010	1.63050E+01	8.40255E-04	5.27376E-04	1.25881E-04	-8.40255E-01	-5.27376E-01	-1.25881E-01	1000010010	1.63050E+01	1.68051E-02	1.05475E-02	2.51761E-03	-8.40255E-01	-5.27376E-01	-1.25881E-01	PRIM
1.90001E-02	1000010010	1.52514E+01	-9.98974E-05	-3.28988E-05	9.94353E-04	9.99074E-02	3.29021E-02	-9.94453E-01	1000010010	1.52514E+01	-1.99815E-03	-6.58041E-04	1.98891E-02	9.99074E-02	3.29021E-02	-9.94453E-01	PRIM
1.90000E-02	1000010010	8.04510E+00	-4.10186E-04	-9.01736E-04	-1.36454E-04	4.10186E-01	9.01736E-01	1.36454E-01	1000010010	8.04510E+00	-8.20372E-03	-1.80347E-02	-2.72908E-03	4.10186E-01	9.01736E-01	1.36454E-01	PRIM
1.90000E-02	1000010010	6.03743E+00	-6.63130E-04	6.34124E-04	3.97674E-04	6.63130E-01	-6.34124E-01	-3.97674E-01	1000010010	6.03743E+00	-1.32626E-02	1.26825E-02	7.95348E-03	6.63130E-01	-6.34124E-01	-3.97674E-01	PRIM
1.90000E-02	1000010010	7.39710E+00	-8.68525E-04	-1.66013E-04	4.67016E-04	8.68525E-01	1.66013E-01	-4.67016E-01	1000010010	7.39710E+00	-1.73705E-02	-3.32025E-03	9.34032E-03	8.68525E-01	1.66013E-01	-4.67016E-01	PRIM
1.90000E-02	1000010010	9.80181E+00	9.09651E-05	-2.05660E-04	9.74387E-04	-9.09651E-02	2.05660E-01	-9.74387E-01	1000010010	9.80181E+00	1.81930E-03	-4.11321E-03	1.94877E-02	-9.09651E-02	2.05660E-01	-9.74387E-01	PRIM
1.90000E-02	1000010010	5.33250E+00	4.43791E-04	6.98956E-04	-5.60812E-04	-4.43791E-01	-6.98956E-01	5.60812E-01	1000010010	5.33250E+00	8.87583E-03	1.39791E-02	-1.12162E-02	-4.43791E-01	-6.98956E-01	5.60812E-01	PRIM
1.90000E-02	1000010010	5.78527E+00	7.06334E-05	-6.49080E-04	-7.57434E-04	-7.06334E-02	6.49080E-01	7.57434E-01	1000010010	5.78527E+00	1.41267E-03	-1.29816E-02	-1.51487E-02	-7.06334E-02	6.49080E-01	7.57434E-01	PRIM
1.90000E-02	1000010010	5.66685E+00	-2.63183E-05	-6.13523E-05	9.97769E-04	2.63183E-02	6.13523E-02	-9.97769E-01	1000010010	5.66685E+00	-5.26367E-04	-1.22705E-03	1.99554E-02	2.63183E-02	6.13523E-02	-9.97769E-01	PRIM
1.90000E-02	1000010010	1.76220E+01	-3.01232E-04	4.83005E-04	-8.22171E-04	3.01232E-01	-4.83005E-01	8.22171E-01	1000010010	1.76220E+01	-6.02465E-03	9.66010E-03	-1.64434E-02	3.01232E-01	-4.83005E-01	8.22171E-01	PRIM
1.90000E-02	1000010010	5.91007E+00	-1.58554E-04	2.83542E-04	-9.45761E-04	1.58554E-01	-2.83542E-01	9.45761E-01	1000010010	5.91007E+00	-3.17109E-03	5.67084E-03	-1.89152E-02	1.58554E-01	-2.83542E-01	9.45761E-01	PRIM
1.90000E-02	1000010010	6.97157E+00	-1.73714E-06	-2.73558E-05	9.99624E-04	1.73714E-03	2.73558E-02	-9.99624E-01	1000010010	6.97157E+00	-3.47428E-05	-5.47116E-04	1.99925E-02	1.73714E-03	2.73558E-02	-9.99624E-01	PRIM
1.90000E-02	1000010010	1.22661E+01	2.09001E-05	1.93982E-04	-9.80782E-04	-2.09001E-02	-1.93982E-01	9.80782E-01	1000010010	1.22661E+01	4.18002E-04	3.87964E-03	-1.96156E-02	-2.09001E-02	-1.93982E-01	9.80782E-01	PRIM
1.90000E-02	1000010010	5.74987E+00	-9.49990E-04	1.95906E-04	-2.43188E-04	9.49990E-01	-1.95906E-01	2.43188E-01	1000010010	5.74987E+00	-1.89998E-02	3.91812E-03	-4.86375E-03	9.49990E-01	-1.95906E-01	2.43188E-01	PRIM
1.90001E-02	1000010010	5.31617E+00	-6.42644E-04	7.49885E-04	-1.56462E-04	6.42709E-01	-7.49960E-01	1.56477E-01	1000010010	5.31617E+00	-1.28542E-02	1.49992E-02	-3.12955E-03	6.42709E-01	-7.49960E-01	1.56477E-01	PRIM
1.90000E-02	1000010010	6.82742E+00	-9.49990E-04	1.95906E-04	-2.43188E-04	9.49990E-01	-1.95906E-01	2.43188E-01	1000010010	6.82742E+00	-1.89998E-02	3.91812E-03	-4.86375E-03	9.49990E-01	-1.95906E-01	2.43188E-01	PRIM
1.90000E-02	1000010010	1.24678E+01	2.43704E-04	5.38181E-04	-8.06827E-04	-2.43704E-01	-5.38181E-01	8.06827E-01	1000010010	1.24678E+01	4.87409E-03	1.07636E-02	-1.61365E-02	-2.43704E-01	-5.38181E-01	8.06827E-01	PRIM
1.90000E-02	1000010010	1.00492E+01	7.13539E-06	-1.74961E-04	9.84549E-04	-7.13539E-03	1.74961E-01	-9.84549E-01	1000010010	1.00492E+01	1.42708E-04	-3.49922E-03	1.96910E-02	-7.13539E-03	1.74961E-01	-9.84549E-01	PRIM
1.90000E-02	1000010010	2.39053E+01	-1.71587E-04	1.23673E-04	9.77376E-04	1.71587E-01	-1.23673E-01	-9.77376E-01	1000010010	2.39053E+01	-3.43174E-03	2.47345E-03	1.95475E-02	1.71587E-01	-1.23673E-01	-9.77376E-01	PRIM
1.90000E-02	1000010010	6.80264E+00	1.16594E-04	-2.04623E-04	9.71872E-04	-1.16594E-01	2.04623E-01	-9.71872E-01	1000010010	6.80264E+00	2.33189E-03	-4.09246E-03	1.94374E-02	-1.16594E-01	2.04623E-01	-9.71872E-01	PRIM
1.90001E-02	1000010010	1.19393E+01	8.12491E-04	-5.66041E-04	1.38766E-04	-8.12572E-01	5.66098E-01	-1.38779E-01	1000010010	1.19393E+01	1.62514E-02	-1.13220E-02	2.77559E-03	-8.12572E-01	5.66098E-01	-1.38779E-01	PRIM
1.90000E-02	1000010010	1.35893E+01	-1.55081E-05	-7.76535E-05	9.96860E-04	1.55081E-02	7.76535E-02	-9.96860E-01	1000010010	1.35893E+01	-3.10163E-04	-1.55307E-03	1.99372E-02	1.55081E-02	7.76535E-02	-9.96860E-01	PRIM
1.90000E-02	1000010010	6.17254E+00	-6.27176E-04	-3.24485E-05	7.78201E-04	6.27176E-01	3.24485E-02	-7.78201E-01	1000010010	6.17254E+00	-1.25435E-02	-6.48970E-04	1.55640E-02	6.27176E-01	3.24485E-02	-7.78201E-01	PRIM
1.90000E-02	1000010010	5.31000E+00	-4.43235E-04	-7.44147E-04	4.99788E-04	4.43235E-01	7.44147E-01	-4.99788E-01	1000010010	5.31000E+00	-8.86470E-03	-1.48829E-02	9.99575E-03	4.43235E-01	7.44147E-01	-4.99788E-01	PRIM
1.90000E-02	1000010010	5.38416E+00	8.35408E-04	-3.58318E-04	-4.16775E-04	-8.35408E-01	3.58318E-01	4.16775E-01	1000010010	5.38416E+00	1.67082E-02	-7.16635E-03	-8.33550E-03	-8.35408E-01	3.58318E-01	4.16775E-01	PRIM
1.90001E-02	1000010010	5.39058E+00	-9.19127E-04	3.86935E-04	7.27099E-05	9.19219E-01	-3.86974E-01	-7.27171E-02	1000010010	5.39058E+00	-1.83844E-02	7.73948E-03	1.45434E-03	9.19219E-01	-3.86974E-01	-7.27171E-02	PRIM
1.90000E-02	1000010010	1.68645E+01	-7.07630E-05	-3.35373E-04	9.39424E-04	7.07630E-02	3.35373E-01	-9.39424E-01	1000010010	1.68645E+01	-1.41526E-03	-6.70747E-03	1.87885E-02	7.07630E-02	3.35373E-01	-9.39424E-01	PRIM
1.90000E-02	1000010010	1.55113E+01	-2.98326E-04	6.53927E-04	-6.95256E-04	2.98326E-01	-6.53927E-01	6.95256E-01	1000010010	1.55113E+01	-5.96653E-03	1.30785E-02	-1.39051E-02	2.98326E-01	-6.53927E-01	6.95256E-01	PRIM
1.90000E-02	1000010010	7.22276E+00	6.12525E-04	-5.21960E-04	5.93608E-04	-6.12525E-01	5.21960E-01	-5.93608E-01	1000010010	7.22276E+00	1.22505E-02	-1.04392E-02	1.18722E-02	-6.12525E-01	5.21960E-01	-5.93608E-01	PRIM
1.90000E-02	1000010010	1.15433E+01	2.54582E-04	-1.14780E-04	-9.60215E-04	-2.54582E-01	1.14780E-01	9.60215E-01	1000010010	1.15433E+01	5.09165E-03	-2.29560E-03	-1.92043E-02	-2.54582E-01	1.14780E-01	9.60215E-01	PRIM
1.90000E-02	1000010010	7.80526E+00	3.45187E-04	-3.55878E-04	-8.68445E-04	-3.45187E-01	3.55878E-01	8.68445E-01	1000010010	7.80526E+00	6.90375E-03	-7.11755E-03	-1.73689E-02	-3.45187E-01	3.55878E-01	8.68445E-01	PRIM
1.90000E-02	1000010010	5.23569E+00	-6.27176E-04	-3.24485E-05	7.78201E-04	6.27176E-01	3.24485E-02	-7.78201E-01	1000010010	5.23569E+00	-1.25435E-02	-6.48970E-04	1.55640E-02	6.27176E-01	3.24485E-02	-7.78201E-01	PRIM
1.90001E-02	1000010010	6.64591E+00	-9.98974E-05	-3.28988E-05	9.94353E-04	9.99074E-02	3.29021E-02	-9.94453E-01	1000010010	6.64591E+00	-1.99815E-03	-6.58041E-04	1.98891E-02	9.99074E-02	3.29021E-02	-9.94453E-01	PRIM
1.90001E-02	1000010010	1.25618E+01	-9.19127E-04	3.86935E-04	7.27099E-05	9.19219E-01	-3.86974E-01	-7.27171E-02	1000010010	1.25618E+01	-1.83844E-02	7.73948E-03	1.45434E-03	9.19219E-01	-3.86974E-01	-7.27171E-02	PRIM
1.90000E-02	1000010010	1.55401E+01	2.37162E-04	-9.42969E-04	2.33588E-04	-2.37162E-01	9.42969E-01	-2.33588E-01	1000010010	1.55401E+01	4.74325E-03	-1.88594E-02	4.67177E-03	-2.37162E-01	9.42969E-01	-2.33588E-01	PRIM
1.90000E-02	1000010010	6.46370E+00	8.80189E-05	-6.13766E-05	9.94226E-04	-8.80189E-02	6.13766E-02	-9.94226E-01	1000010010	6.46370E+00	1.76038E-03	-1.22753E-03	1.98845E-02	-8.80189E-02	6.13766E-02	-9.94226E-01	PRIM
1.90000E-02	1000010010	1.62363E+01	-3.88079E-04	6.72892E-05	9.19166E-04	3.88079E-01	-6.72892E-02	-9.19166E-01	1000010010	1.62363E+01	-7.76158E-03	1.34578E-03	1.83833E-02	3.88079E-01	-6.72892E-02	-9.19166E-01	PRIM
1.90000E-02	1000010010	7.65936E+00	-9.68032E-04	6.54906E-06	2.50740E-04	9.68032E-01	-6.54906E-03	-2.50740E-01	1000010010	7.65936E+00	-1.93606E-02	1.30981E-04	5.01480E-03	9.68032E-01	-6.54906E-03	-2.50740E-01	PRIM
1.90001E-02	1000010010	1.01888E+01	4.34006E-04	-6.95449E-04	-5.72528E-04	-4.34050E-01	6.95519E-01	5.72586E-01	1000010010	1.01888E+01	8.68099E-03	-1.39104E-02	-1.14517E-02	-4.34050E-01	6.95519E-01	5.72586E-01	PRIM
1.90000E-02	1000010010	2.29310E+01	2.00695E-04	-5.62256E-04	-8.02241E-04	-2.00695E-01	5.62256E-01	8.02241E-01	1000010010	2.29310E+01	4.01390E-03	-1.12451E-02	-1.60448E-02	-2.00695E-01	5.62256E-01	8.02241E-01	PRIM
1.90000E-02	1000010010	5.47217E+00	5.50865E-04	1.48152E-04	8.21340E-04	-5.50865E-01	-1.48152E-01	-8.21340E-01	1000010010	5.47217E+00	1.10173E-02	2.96304E-03	1.64268E-02	-5.50865E-01	-1.48152E-01	-8.21340E-01	PRIM
1.90000E-02	1000010010	5.87583E+00	-5.25521E-04	-7.41936E-04	-4.16364E-04	5.25521E-01	7.41936E-01	4.16364E-01	1000010010	5.87583E+00	-1.05104E-02	-1.48387E-02	-8.32727E-03	5.25521E-01	7.41936E-01	4.16364E-01	PRIM
1.90000E-02	1000010010	9.29782E+00	7.06463E-04	6.31050E-04	3.20447E-04	-7.06463E-01	-6.31050E-01	-3.20447E-01	1000010010	9.29782E+00	1.41293E-02	1.26210E-02	6.40894E-03	-7.06463E-01	-6.31050E-01	-3.20447E-01	PRIM
1.90000E-02	1000010010	2.34222E+01	1.16594E-04	-2.04623E-04	9.71872E-04	-1.16594E-01	2.04623E-01	-9.71872E-01	1000010010	2.34222E+01	2.33189E-03	-4.09246E-03	1.94374E-02	-1.16594E-01	2.04623E-01	-9.71872E-01	PRIM
1.90000E-02	1000010010	5.87555E+00	2.09001E-05	1.93982E-04	-9.80782E-04	-2.09001E-02	-1.93982E-01	9.80782E-01	1000010010	5.87555E+00	4.18002E-04	3.87964E-03	-1.96156E-02	-2.09001E-02	-1.93982E-01	9.80782E-01	PRIM
1.90000E-02	1000010010	7.73550E+00	1.44886E-04	6.35716E-04	-7.58204E-04	-1.44886E-01	-6.35716E-01	7.58204E-01	1000010010	7.73550E+00	2.89773E-03	1.27143E-02	-1.51641E-02	-1.44886E-01	-6.35716E-01	7.58204E-01	PRIM
1.90000E-02	1000010010	1.30440E+02	3.57658E-04	8.53202E-04	3.79641E-04	-3.57658E-01	-8.53202E-01	-3.79641E-01	1000010010	1.30440E+02	7.15317E-03	1.70640E-02	7.59282E-03	-3.57658E-01	-8.53202E-01	-3.79641E-01	PRIM
1.90000E-02	1000010010	2.95540E+01	4.67096E-05	1.40095E-05	9.98810E-04	-4.67096E-02	-1.40095E-02	-9.98810E-01	1000010010	2.95540E+01	9.34191E-04	2.80190E-04	1.99762E-02	-4.67096E-02	-1.40095E-02	-9.98810E-01	PRIM
1.90001E-02	1000010010	5.71398E+00	-7.72683E-05	-5.16901E-05	-9.95569E-04	7.72761E-02	5.16952E-02	9.95669E-01	1000010010	5.71398E+00	-1.54552E-03	-1.03390E-03	-1.99134E-02	7.72761E-02	5.16952E-02	9.95669E-01	PRIM
1.90000E-02	1000010010	5.54640E+00	-3.41173E-04	-4.97157E-04	7.97769E-04	3.41173E-01	4.97157E-01	-7.97769E-01	1000010010	5.54640E+00	-6.82346E-03	-9.94315E-03	1.59554E-02	3.41173E-01	4.97157E-01	-7.97769E-01	PRIM
1.90000E-02	1000010010	7.88013E+00	6.19063E-04	-4.16422E-04	-6.65848E-04	-6.19063E-01	4.16422E-01	6.65848E-01	1000010010	7.88013E+00	1.23813E-02	-8.32843E-03	-1.33170E-02	-6.19063E-01	4.16422E-01	6.65848E-01	PRIM
1.90000E-02	1000010010	5.66437E+00	-5.59956E-05	2.34336E-04	-9.70542E-04	5.59956E-02	-2.34336E-01	9.70542E-01	1000010010	5.66437E+00	-1.11991E-03	4.68673E-03	-1.94108E-02	5.59956E-02	-2.34336E-01	9.70542E-01	PRIM
1.90000E-02	1000010010	6.02778E+00	-1.29509E-04	-9.23920E-04	-3.59999E-04	1.29509E-01	9.23920E-01	3.59999E-01	1000010010	6.02778E+00	-2.59018E-03	-1.84784E-02	-7.19997E-03	1.29509E-01	9.23920E-01	3.59999E-01	PRIM
1.90000E-02	1000010010	5.99871E+01	-2.52262E-04	6.80592E-04	6.87865E-04	2.52262E-01	-6.80592E-01	-6.87865E-01	1000010010	5.99871E+01	-5.04525E-03	1.36118E-02	1.37573E-02	2.52262E-01	-6.80592E-01	-6.87865E-01	PRIM
1.90000E-02	1000010010	6.77856E+00	-9.27910E-04	1.23996E-04	-3.51580E-04	9.27910E-01	-1.23996E-01	3.51580E-01	1000010010	6.77856E+00	-1.85582E-02	2.47991E-03	-7.03160E-03	9.27910E-01	-1.23996E-01	3.51580E-01	PRIM
1.90000E-02	1000010010	7.26835E+00	2.67715E-04	4.69804E-04	8.41197E-04	-2.67715E-01	-4.69804E-01	-8.41197E-01	1000010010	7.26835E+00	5.35430E-03	9.39608E-03	1.68239E-02	-2.67715E-01	-4.69804E-01	-8.41197E-01	PRIM
1.90000E-02	1000010010	5.91780E+00	8.65090E-04	-1.24309E-04	-4.85969E-04	-8.65090E-01	1.24309E-01	4.85969E-01	1000010010	5.91780E+00	1.73018E-02	-2.48618E-03	-9.71939E-03	-8.65090E-01	1.24309E-01	4.85969E-01	PRIM
1.90001E-02	1000010010	6.88516E+00	1.69853E-04	3.25279E-04	9.30131E-04	-1.69870E-01	-3.25312E-01	-9.30224E-01	1000010010	6.88516E+00	3.39740E-03	6.50623E-03	1.86045E-02	-1.69870E-01	-3.25312E-01	-9.30224E-01	PRIM
1.90000E-02	1000010010	9.48488E+00	-6.27176E-04	-3.24485E-05	7.78201E-04	6.27176E-01	3.24485E-02	-7.78201E-01	1000010010	9.48488E+00	-1.25435E-02	-6.48970E-04	1.55640E-02	6.27176E-01	3.24485E-02	-7.78201E-01	PRIM
1.90000E-02	1000010010	1.27358E+02	-2.68436E-04	-2.44049E-04	-9.31870E-04	2.68436E-01	2.44049E-01	9.31870E-01	1000010010	1.27358E+02	-5.36871E-03	-4.88099E-03	-1.86374E-02	2.68436E-01	2.44049E-01	9.31870E-01	PRIM
1.90000E-02	1000010010	2.72639E+01	-1.29509E-04	-9.23920E-04	-3.59999E-04	1.29509E-01	9.23920E-01	3.59999E-01	1000010010	2.72639E+01	-2.59018E-03	-1.84784E-02	-7.19997E-03	1.29509E-01	9.23920E-01	3.59999E-01	PRIM
1.90000E-02	1000010010	1.92519E+01	-6.42765E-04	-3.06510E-04	7.02072E-04	6.42765E-01	3.06510E-01	-7.02072E-01	1000010010	1.92519E+01	-1.28553E-02	-6.13020E-03	1.40414E-02	6.42765E-01	3.06510E-01	-7.02072E-01	PRIM
1.90000E-02	1000010010	2.01147E+01	6.47243E-05	-8.68816E-05	9.94114E-04	-6.47243E-02	8.68816E-02	-9.94114E-01	1000010010	2.01147E+01	1.29449E-03	-1.73763E-03	1.98823E-02	-6.47243E-02	8.68816E-02	-9.94114E-01	PRIM
1.90000E-02	1000010010	8.32613E+00	-4.92103E-04	-6.17726E-04	-6.13392E-04	4.92103E-01	6.17726E-01	6.13392E-01	1000010010	8.32613E+00	-9.84205E-03	-1.23545E-02	-1.22678E-02	4.92103E-01	6.17726E-01	6.13392E-01	PRIM
1.90000E-02	1000010010	2.24266E+01	3.57658E-04	8.53202E-04	3.79641E-04	-3.57658E-01	-8.53202E-01	-3.79641E-01	1000010010	2.24266E+01	7.15317E-03	1.70640E-02	7.59282E-03	-3.57658E-01	-8.53202E-01	-3.79641E-01	PRIM
1.90000E-02	1000010010	5.97779E+00	-3.97226E-04	5.97179E-04	-6.96842E-04	3.97226E-01	-5.97179E-01	6.96842E-01	1000010010	5.97779E+00	-7.94452E-03	1.19436E-02	-1.39368E-02	3.97226E-01	-5.97179E-01	6.96842E-01	PRIM
1.90000E-02	1000010010	6.95902E+00	5.20183E-04	-8.52499E-04	-5.15338E-05	-5.20183E-01	8.52499E-01	5.15338E-02	1000010010	6.95902E+00	1.04037E-02	-1.70500E-02	-1.03068E-03	-5.20183E-01	8.52499E-01	5.15338E-02	PRIM
1.90001E-02	1000010010	1.85227E+01	-7.72683E-05	-5.16901E-05	-9.95569E-04	7.72761E-02	5.16952E-02	9.95669E-01	1000010010	1.85227E+01	-1.54552E-03	-1.03390E-03	-1.99134E-02	7.72761E-02	5.16952E-02	9.95669E-01	PRIM
1.90000E-02	1000010010	6.46089E+00	4.24045E-04	-4.06048E-04	-8.09513E-04	-4.24045E-01	4.06048E-01	8.09513E-01	1000010010	6.46089E+00	8.48091E-03	-8.12096E-03	-1.61903E-02	-4.24045E-01	4.06048E-01	8.09513E-01	PRIM
1.90000E-02	1000010010	1.48835E+01	1.98141E-05	-6.29228E-04	-7.76968E-04	-1.98141E-02	6.29228E-01	7.76968E-01	1000010010	1.48835E+01	3.96282E-04	-1.25846E-02	-1.55394E-02	-1.98141E-02	6.29228E-01	7.76968E-01	PRIM
1.90000E-02	1000010010	5.86577E+00	4.02403E-05	9.91722E-04	-1.21932E-04	-4.02403E-02	-9.91722E-01	1.21932E-01	1000010010	5.86577E+00	8.04805E-04	1.98344E-02	-2.43864E-03	-4.02403E-02	-9.91722E-01	1.21932E-01	PRIM
1.90000E-02	1000010010	1.20395E+01	6.27482E-04	-7.32669E-04	-2.63555E-04	-6.27482E-01	7.32669E-01	2.63555E-01	1000010010	1.20395E+01	1.25496E-02	-1.46534E-02	-5.27111E-03	-6.27482E-01	7.32669E-01	2.63555E-01	PRIM
1.90000E-02	1000010010	2.89487E+01	-1.19592E-04	8.61060E-04	4.94240E-04	1.19592E-01	-8.61060E-01	-4.94240E-01	1000010010	2.89487E+01	-2.39184E-03	1.72212E-02	9.88481E-03	1.19592E-01	-8.61060E-01	-4.94240E-01	PRIM
1.90001E-02	1000010010	7.39543E+00	2.03760E-05	5.61129E-04	-8.27356E-04	-2.03780E-02	-5.61186E-01	8.27439E-01	1000010010	7.39543E+00	4.07560E-04	1.12237E-02	-1.65488E-02	-2.03780E-02	-5.61186E-01	8.27439E-01	PRIM
1.90000E-02	1000010010	7.30180E+00	8.80189E-05	-6.13766E-05	9.94226E-04	-8.80189E-02	6.13766E-02	-9.94226E-01	1000010010	7.30180E+00	1.76038E-03	-1.22753E-03	1.98845E-02	-8.80189E-02	6.13766E-02	-9.94226E-01	PRIM
1.90000E-02	1000010010	8.43558E+00	1.87811E-04	-9.74067E-04	1.26177E-04	-1.87811E-01	9.74067E-01	-1.26177E-01	1000010010	8.43558E+00	3.75622E-03	-1.94813E-02	2.52354E-03	-1.87811E-01	9.74067E-01	-1.26177E-01	PRIM
1.90000E-02	1000010010	1.50100E+01	-3.22370E-04	-1.18344E-04	-9.39187E-04	3.22370E-01	1.18344E-01	9.39187E-01	1000010010	1.50100E+01	-6.44741E-03	-2.36689E-03	-1.87837E-02	3.22370E-01	1.18344E-01	9.39187E-01	PRIM
1.90000E-02	1000010010	4.29320E+01	-1.95480E-04	-7.41908E-04	-6.41374E-04	1.95480E-01	7.41908E-01	6.41374E-01	1000010010	4.29320E+01	-3.90961E-03	-1.48382E-02	-1.28275E-02	1.95480E-01	7.41908E-01	6.41374E-01	PRIM
1.90000E-02	1000010010	7.39584E+00	6.13373E-04	-3.84467E-04	-6.89898E-04	-6.13373E-01	3.84467E-01	6.89898E-01	1000010010	7.39584E+00	1.22675E-02	-7.68935E-03	-1.37980E-02	-6.13373E-01	3.84467E-01	6.89898E-01	PRIM
1.90000E-02	1000010010	6.39878E+00	-9.27910E-04	1.23996E-04	-3.51580E-04	9.27910E-01	-1.23996E-01	3.51580E-01	1000010010	6.39878E+00	-1.85582E-02	2.47991E-03	-7.03160E-03	9.27910E-01	-1.23996E-01	3.51580E-01	PRIM
1.90000E-02	1000010010	7.34503E+00	-9.33978E-04	-7.44817E-05	3.49483E-04	9.33978E-01	7.44817E-02	-3.49483E-01	1000010010	7.34503E+00	-1.86796E-02	-1.48963E-03	6.98966E-03	9.33978E-01	7.44817E-02	-3.49483E-01	PRIM
1.90000E-02	1000010010	5.43104E+01	6.38854E-04	3.76520E-04	6.70893E-04	-6.38854E-01	-3.76520E-01	-6.70893E-01	1000010010	5.43104E+01	1.27771E-02	7.53040E-03	1.34179E-02	-6.38854E-01	-3.76520E-01	-6.70893E-01	PRIM
1.90000E-02	1000010010	4.56973E+01	2.43704E-04	5.38181E-04	-8.06827E-04	-2.43704E-01	-5.38181E-01	8.06827E-01	1000010010	4.56973E+01	4.87409E-03	1.07636E-02	-1.61365E-02	-2.43704E-01	-5.38181E-01	8.06827E-01	PRIM
1.90000E-02	1000010010	2.48041E+01	-4.72446E-05	4.61608E-04	-8.85825E-04	4.72446E-02	-4.61608E-01	8.85825E-01	1000010010	2.48041E+01	-9.44891E-04	9.23216E-03	-1.77165E-02	4.72446E-02	-4.61608E-01	8.85825E-01	PRIM
1.90001E-02	1000010010	9.45477E+00	-7.67041E-04	-6.27643E-04	-1.32332E-04	7.67118E-01	6.27706E-01	1.32346E-01	1000010010	9.45477E+00	-1.53424E-02	-1.25541E-02	-2.64691E-03	7.67118E-01	6.27706E-01	1.32346E-01	PRIM
1.90000E-02	1000010010	5.13183E+00	6.13373E-04	-3.84467E-04	-6.89898E-04	-6.13373E-01	3.84467E-01	6.89898E-01	1000010010	5.13183E+00	1.22675E-02	-7.68935E-03	-1.37980E-02	-6.13373E-01	3.84467E-01	6.89898E-01	PRIM
1.90000E-02	1000010010	5.80980E+00	-4.10186E-04	-9.01736E-04	-1.36454E-04	4.10186E-01	9.01736E-01	1.36454E-01	1000010010	5.80980E+00	-8.20372E-03	-1.80347E-02	-2.72908E-03	4.10186E-01	9.01736E-01	1.36454E-01	PRIM
1.90000E-02	1000010010	1.14029E+01	-2.98382E-04	-7.10542E-04	6.37258E-04	2.98382E-01	7.10542E-01	-6.37258E-01	1000010010	1.14029E+01	-5.96764E-03	-1.42108E-02	1.27452E-02	2.98382E-01	7.10542E-01	-6.37258E-01	PRIM
1.90000E-02	1000010010	7.14884E+00	-3.97226E-04	5.97179E-04	-6.96842E-04	3.97226E-01	-5.97179E-01	6.96842E-01	1000010010	7.14884E+00	-7.94452E-03	1.19436E-02	-1.39368E-02	3.97226E-01	-5.97179E-01	6.96842E-01	PRIM
1.90000E-02	1000010010	9.44369E+00	-3.28633E-04	4.79860E-04	-8.13471E-04	3.28633E-01	-4.79860E-01	8.13471E-01	1000010010	9.44369E+00	-6.57267E-03	9.59720E-03	-1.62694E-02	3.28633E-01	-4.79860E-01	8.13471E-01	PRIM
1.90000E-02	1000010010	6.77158E+00	-2.63183E-05	-6.13523E-05	9.97769E-04	2.63183E-02	6.13523E-02	-9.97769E-01	1000010010	6.77158E+00	-5.26367E-04	-1.22705E-03	1.99554E-02	2.63183E-02	6.13523E-02	-9.97769E-01	PRIM
1.90000E-02	1000010010	9.56008E+00	4.15322E-04	4.82576E-04	-7.71121E-04	-4.15322E-01	-4.82576E-01	7.71121E-01	1000010010	9.56008E+00	8.30643E-03	9.65153E-03	-1.54224E-02	-4.15322E-01	-4.82576E-01	7.71121E-01	PRIM
1.90000E-02	1000010010	7.80112E+00	6.54546E-04	-7.31384E-04	1.91434E-04	-6.54546E-01	7.31384E-01	-1.91434E-01	1000010010	7.80112E+00	1.30909E-02	-1.46277E-02	3.82868E-03	-6.54546E-01	7.31384E-01	-1.91434E-01	PRIM
1.90000E-02	1000010010	6.78808E+00	-3.01232E-04	4.83005E-04	-8.22171E-04	3.01232E-01	-4.83005E-01	8.22171E-01	1000010010	6.78808E+00	-6.02465E-03	9.66010E-03	-1.64434E-02	3.01232E-01	-4.83005E-01	8.22171E-01	PRIM
1.90001E-02	1000010010	1.04871E+01	1.69853E-04	3.25279E-04	9.30131E-04	-1.69870E-01	-3.25312E-01	-9.30224E-01	1000010010	1.04871E+01	3.39740E-03	6.50623E-03	1.86045E-02	-1.69870E-01	-3.25312E-01	-9.30224E-01	PRIM
1.90000E-02	1000010010	1.24741E+01	-7.14610E-04	4.90154E-04	-4.99081E-04	7.14610E-01	-4.90154E-01	4.99081E-01	1000010010	1.24741E+01	-1.42922E-02	9.80309E-03	-9.98161E-03	7.14610E-01	-4.90154E-01	4.99081E-01	PRIM
1.90000E-02	1000010010	5.21969E+00	2.38086E-04	-1.64243E-04	9.57256E-04	-2.38086E-01	1.64243E-01	-9.57256E-01	1000010010	5.21969E+00	4.76172E-03	-3.28486E-03	1.91451E-02	-2.38086E-01	1.64243E-01	-9.57256E-01	PRIM
1.90000E-02	1000010010	3.75640E+02	-1.14775E-04	-7.15595E-04	6.89022E-04	1.14775E-01	7.15595E-01	-6.89022E-01	1000010010	3.75640E+02	-2.29551E-03	-1.43119E-02	1.37804E-02	1.14775E-01	7.15595E-01	-6.89022E-01	PRIM
1.90000E-02	1000010010	2.36711E+01	-2.98326E-04	6.53927E-04	-6.95256E-04	2.98326E-01	-6.53927E-01	6.95256E-01	1000010010	2.36711E+01	-5.96653E-03	1.30785E-02	-1.39051E-02	2.98326E-01	-6.53927E-01	6.95256E-01	PRIM
1.90000E-02	1000010010	5.77641E+00	2.41303E-05	-8.09519E-04	-5.86597E-04	-2.41303E-02	8.09519E-01	5.86597E-01	1000010010	5.77641E+00	4.82606E-04	-1.61904E-02	-1.17319E-02	-2.41303E-02	8.09519E-01	5.86597E-01	PRIM
1.90000E-02	1000010010	1.47422E+01	-2.65024E-04	6.89102E-04	6.74463E-04	2.65024E-01	-6.89102E-01	-6.74463E-01	1000010010	1.47422E+01	-5.30048E-03	1.37820E-02	1.34893E-02	2.65024E-01	-6.89102E-01	-6.74463E-01	PRIM
1.90000E-02	1000010010	3.85123E+01	-5.85353E-04	-5.71078E-04	5.75527E-04	5.85353E-01	5.71078E-01	-5.75527E-01	1000010010	3.85123E+01	-1.17071E-02	-1.14216E-02	1.15105E-02	5.85353E-01	5.71078E-01	-5.75527E-01	PRIM
1.90001E-02	1000010010	1.05275E+01	-9.19127E-04	3.86935E-04	7.27099E-05	9.19219E-01	-3.86974E-01	-7.27171E-02	1000010010	1.05275E+01	-1.83844E-02	7.73948E-03	1.45434E-03	9.19219E-01	-3.86974E-01	-7.27171E-02	PRIM
1.90000E-02	1000010010	1.09252E+01	-2.12541E-04	3.46694E-04	-9.13581E-04	2.12541E-01	-3.46694E-01	9.13581E-01	1000010010	1.09252E+01	-4.25081E-03	6.93388E-03	-1.82716E-02	2.12541E-01	-3.46694E-01	9.13581E-01	PRIM
1.90000E-02	1000010010	5.35911E+00	-6.63130E-04	6.34124E-04	3.97674E-04	6.63130E-01	-6.34124E-01	-3.97674E-01	1000010010	5.35911E+00	-1.32626E-02	1.26825E-02	7.95348E-03	6.63130E-01	-6.34124E-01	-3.97674E-01	PRIM
1.90000E-02	1000010010	1.02979E+01	3.45187E-04	-3.55878E-04	-8.68445E-04	-3.45187E-01	3.55878E-01	8.68445E-01	1000010010	1.02979E+01	6.90375E-03	-7.11755E-03	-1.73689E-02	-3.45187E-01	3.55878E-01	8.68445E-01	PRIM
1.90000E-02	1000010010	7.58816E+00	-9.23921E-04	-1.66995E-04	-3.44212E-04	9.23921E-01	1.66995E-01	3.44212E-01	1000010010	7.58816E+00	-1.84784E-02	-3.33991E-03	-6.88424E-03	9.23921E-01	1.66995E-01	3.44212E-01	PRIM
1.90000E-02	1000010010	5.87674E+00	-1.19592E-04	8.61060E-04	4.94240E-04	1.19592E-01	-8.61060E-01	-4.94240E-01	1000010010	5.87674E+00	-2.39184E-03	1.72212E-02	9.88481E-03	1.19592E-01	-8.61060E-01	-4.94240E-01	PRIM
1.90001E-02	1000010010	9.60049E+00	-2.21122E-05	-8.38540E-05	9.96132E-04	2.21144E-02	8.38624E-02	-9.96232E-01	1000010010	9.60049E+00	-4.42289E-04	-1.67725E-03	1.99246E-02	2.21144E-02	8.38624E-02	-9.96232E-01	PRIM
1.90000E-02	1000010010	9.27552E+00	7.65346E-05	-9.42566E-04	-3.25133E-04	-7.65346E-02	9.42566E-01	3.25133E-01	1000010010	9.27552E+00	1.53069E-03	-1.88513E-02	-6.50266E-03	-7.65346E-02	9.42566E-01	3.25133E-01	PRIM
1.90000E-02	1000010010	1.33393E+01	6.27482E-04	-7.32669E-04	-2.63555E-04	-6.27482E-01	7.32669E-01	2.63555E-01	1000010010	1.33393E+01	1.25496E-02	-1.46534E-02	-5.27111E-03	-6.27482E-01	7.32669E-01	2.63555E-01	PRIM
1.90000E-02	1000010010	9.09858E+00	-6.45939E-04	5.88545E-04	-4.86186E-04	6.45939E-01	-5.88545E-01	4.86186E-01	1000010010	9.09858E+00	-1.29188E-02	1.17709E-02	-9.72372E-03	6.45939E-01	-5.88545E-01	4.86186E-01	PRIM
1.90001E-02	1000010010	1.64168E+01	-6.42644E-04	7.49885E-04	-1.56462E-04	6.42709E-01	-7.49960E-01	1.56477E-01	1000010010	1.64168E+01	-1.28542E-02	1.49992E-02	-3.12955E-03	6.42709E-01	-7.49960E-01	1.56477E-01	PRIM
1.90000E-02	1000010010	1.08387E+01	4.61219E-04	5.07514E-04	7.27809E-04	-4.61219E-01	-5.07514E-01	-7.27809E-01	1000010010	1.08387E+01	9.22438E-03	1.01503E-02	1.45562E-02	-4.61219E-01	-5.07514E-01	-7.27809E-01	PRIM
1.90000E-02	1000010010	9.37784E+00	6.47243E-05	-8.68816E-05	9.94114E-04	-6.47243E-02	8.68816E-02	-9.94114E-01	1000010010	9.37784E+00	1.29449E-03	-1.73763E-03	1.98823E-02	-6.47243E-02	8.68816E-02	-9.94114E-01	PRIM
1.90001E-02	1000010010	6.88104E+00	-9.98974E-05	-3.28988E-05	9.94353E-04	9.99074E-02	3.29021E-02	-9.94453E-01	1000010010	6.88104E+00	-1.99815E-03	-6.58041E-04	1.98891E-02	9.99074E-02	3.29021E-02	-9.94453E-01	PRIM
1.90000E-02	1000010010	6.20655E+00	-2.29283E-04	7.95834E-05	9.70101E-04	2.29283E-01	-7.95834E-02	-9.70101E-01	1000010010	6.20655E+00	-4.58565E-03	1.59167E-03	1.94020E-02	2.29283E-01	-7.95834E-02	-9.70101E-01	PRIM
1.90000E-02	1000010010	6.31977E+00	-1.45051E-04	-1.59507E-04	9.76482E-04	1.45051E-01	1.59507E-01	-9.76482E-01	1000010010	6.31977E+00	-2.90103E-03	-3.19015E-03	1.95296E-02	1.45051E-01	1.59507E-01	-9.76482E-01	PRIM
1.90000E-02	1000010010	6.56671E+00	-9.23921E-04	-1.66995E-04	-3.44212E-04	9.23921E-01	1.66995E-01	3.44212E-01	1000010010	6.56671E+00	-1.84784E-02	-3.33991E-03	-6.88424E-03	9.23921E-01	1.66995E-01	3.44212E-01	PRIM
1.90000E-02	1000010010	1.14713E+01	-2.69075E-04	5.00782E-04	8.22688E-04	2.69075E-01	-5.00782E-01	-8.22688E-01	1000010010	1.14713E+01	-5.38150E-03	1.00156E-02	1.64538E-02	2.69075E-01	-5.00782E-01	-8.22688E-01	PRIM
1.90000E-02	1000010010	1.08204E+01	1.52221E-05	5.83194E-04	-8.12190E-04	-1.52221E-02	-5.83194E-01	8.12190E-01	1000010010	1.08204E+01	3.04442E-04	1.16639E-02	-1.62438E-02	-1.52221E-02	-5.83194E-01	8.12190E-01	PRIM
1.90000E-02	1000010010	6.85695E+00	4.15757E-04	-6.91767E-04	-5.90427E-04	-4.15757E-01	6.91767E-01	5.90427E-01	1000010010	6.85695E+00	8.31514E-03	-1.38353E-02	-1.18085E-02	-4.15757E-01	6.91767E-01	5.90427E-01	PRIM
1.90000E-02	1000010010	7.28548E+00	2.00695E-04	-5.62256E-04	-8.02241E-04	-2.00695E-01	5.62256E-01	8.02241E-01	1000010010	7.28548E+00	4.01390E-03	-1.12451E-02	-1.60448E-02	-2.00695E-01	5.62256E-01	8.02241E-01	PRIM
1.90000E-02	1000010010	6.33946E+00	5.15900E-05	2.21857E-05	-9.98422E-04	-5.15900E-02	-2.21857E-02	9.98422E-01	1000010010	6.33946E+00	1.03180E-03	4.43713E-04	-1.99684E-02	-5.15900E-02	-2.21857E-02	9.98422E-01	PRIM
1.90000E-02	1000010010	5.51035E+00	7.45163E-04	-6.15488E-05	-6.64036E-04	-7.45163E-01	6.15488E-02	6.64036E-01	1000010010	5.51035E+00	1.49033E-02	-1.23098E-03	-1.32807E-02	-7.45163E-01	6.15488E-02	6.64036E-01	PRIM
1.90000E-02	1000010010	8.21547E+00	3.35544E-04	6.34916E-04	6.95910E-04	-3.35544E-01	-6.34916E-01	-6.95910E-01	1000010010	8.21547E+00	6.71088E-03	1.26983E-02	1.39182E-02	-3.35544E-01	-6.34916E-01	-6.95910E-01	PRIM
1.90000E-02	1000010010	4.94472E+01	-9.21580E-04	3.77029E-04	9.24095E-05	9.21580E-01	-3.77029E-01	-9.24095E-02	1000010010	4.94472E+01	-1.84316E-02	7.54057E-03	1.84819E-03	9.21580E-01	-3.77029E-01	-9.24095E-02	PRIM
1.90000E-02	1000010010	3.57024E+01	-2.51355E-04	6.69875E-05	9.65574E-04	2.51355E-01	-6.69875E-02	-9.65574E-01	1000010010	3.57024E+01	-5.02709E-03	1.33975E-03	1.93115E-02	2.51355E-01	-6.69875E-02	-9.65574E-01	PRIM
1.90000E-02	1000010010	1.39601E+01	-4.92103E-04	-6.17726E-04	-6.13392E-04	4.92103E-01	6.17726E-01	6.13392E-01	1000010010	1.39601E+01	-9.84205E-03	-1.23545E-02	-1.22678E-02	4.92103E-01	6.17726E-01	6.13392E-01	PRIM
1.90000E-02	1000010010	7.91410E+00	-6.96594E-04	6.90907E-04	-1.93402E-04	6.96594E-01	-6.90907E-01	1.93402E-01	1000010010	7.91410E+00	-1.39319E-02	1.38181E-02	-3.86804E-03	6.96594E-01	-6.90907E-01	1.93402E-01	PRIM
1.90000E-02	1000010010	3.77782E+01	-8.15000E-04	-2.61245E-04	5.17228E-04	8.15000E-01	2.61245E-01	-5.17228E-01	1000010010	3.77782E+01	-1.63000E-02	-5.22490E-03	1.03446E-02	8.15000E-01	2.61245E-01	-5.17228E-01	PRIM
1.90000E-02	1000010010	8.96720E+00	8.35408E-04	-3.58318E-04	-4.16775E-04	-8.35408E-01	3.58318E-01	4.16775E-01	1000010010	8.96720E+00	1.67082E-02	-7.16635E-03	-8.33550E-03	-8.35408E-01	3.58318E-01	4.16775E-01	PRIM
1.90000E-02	1000010010	9.75907E+00	5.60010E-04	8.28432E-04	9.47097E-06	-5.60010E-01	-8.28432E-01	-9.47097E-03	1000010010	9.75907E+00	1.12002E-02	1.65686E-02	1.89419E-04	-5.60010E-01	-8.28432E-01	-9.47097E-03	PRIM
1.90001E-02	1000010010	2.97412E+01	4.34006E-04	-6.95449E-04	-5.72528E-04	-4.34050E-01	6.95519E-01	5.72586E-01	1000010010	2.97412E+01	8.68099E-03	-1.39104E-02	-1.14517E-02	-4.34050E-01	6.95519E-01	5.72586E-01	PRIM
1.90000E-02	1000010010	2.00201E+02	2.43704E-04	5.38181E-04	-8.06827E-04	-2.43704E-01	-5.38181E-01	8.06827E-01	1000010010	2.00201E+02	4.87409E-03	1.07636E-02	-1.61365E-02	-2.43704E-01	-5.38181E-01	8.06827E-01	PRIM
1.90000E-02	1000010010	1.13393E+01	-1.73714E-06	-2.73558E-05	9.99624E-04	1.73714E-03	2.73558E-02	-9.99624E-01	1000010010	1.13393E+01	-3.47428E-05	-5.47116E-04	1.99925E-02	1.73714E-03	2.73558E-02	-9.99624E-01	PRIM
1.90000E-02	1000010010	1.73942E+01	4.15322E-04	4.82576E-04	-7.71121E-04	-4.15322E-01	-4.82576E-01	7.71121E-01	1000010010	1.73942E+01	8.30643E-03	9.65153E-03	-1.54224E-02	-4.15322E-01	-4.82576E-01	7.71121E-01	PRIM
1.90000E-02	1000010010	5.85805E+00	1.16594E-04	-2.04623E-04	9.71872E-04	-1.16594E-01	2.04623E-01	-9.71872E-01	1000010010	5.85805E+00	2.33189E-03	-4.09246E-03	1.94374E-02	-1.16594E-01	2.04623E-01	-9.71872E-01	PRIM
1.90000E-02	1000010010	7.68435E+00	3.58564E-06	-1.68285E-05	9.99852E-04	-3.58564E-03	1.68285E-02	-9.99852E-01	1000010010	7.68435E+00	7.17128E-05	-3.36570E-04	1.99970E-02	-3.58564E-03	1.68285E-02	-9.99852E-01	PRIM
1.90000E-02	1000010010	1.82224E+01	-9.23921E-04	-1.66995E-04	-3.44212E-04	9.23921E-01	1.66995E-01	3.44212E-01	1000010010	1.82224E+01	-1.84784E-02	-3.33991E-03	-6.88424E-03	9.23921E-01	1.66995E-01	3.44212E-01	PRIM
1.90000E-02	1000010010	1.04665E+01	5.69643E-04	-5.26147E-04	-6.31408E-04	-5.69643E-01	5.26147E-01	6.31408E-01	1000010010	1.04665E+01	1.13929E-02	-1.05229E-02	-1.26282E-02	-5.69643E-01	5.26147E-01	6.31408E-01	PRIM
1.90000E-02	1000010010	5.54981E+00	2.27178E-04	-5.68864E-05	-9.72190E-04	-2.27178E-01	5.68864E-02	9.72190E-01	1000010010	5.54981E+00	4.54356E-03	-1.13773E-03	-1.94438E-02	-2.27178E-01	5.68864E-02	9.72190E-01	PRIM
1.90000E-02	1000010010	1.81539E+01	3.61899E-04	-8.31782E-04	4.20913E-04	-3.61899E-01	8.31782E-01	-4.20913E-01	1000010010	1.81539E+01	7.23798E-03	-1.66356E-02	8.41826E-03	-3.61899E-01	8.31782E-01	-4.20913E-01	PRIM
1.90000E-02	1000010010	7.09450E+00	-3.95972E-04	8.27606E-04	3.97838E-04	3.95972E-01	-8.27606E-01	-3.97838E-01	1000010010	7.09450E+00	-7.91944E-03	1.65521E-02	7.95675E-03	3.95972E-01	-8.27606E-01	-3.97838E-01	PRIM
1.90000E-02	1000010010	2.14240E+01	9.02208E-04	4.30711E-04	2.25456E-05	-9.02208E-01	-4.30711E-01	-2.25456E-02	1000010010	2.14240E+01	1.80442E-02	8.61423E-03	4.50912E-04	-9.02208E-01	-4.30711E-01	-2.25456E-02	PRIM
1.90000E-02	1000010010	1.20838E+01	-6.27176E-04	-3.24485E-05	7.78201E-04	6.27176E-01	3.24485E-02	-7.78201E-01	1000010010	1.20838E+01	-1.25435E-02	-6.48970E-04	1.55640E-02	6.27176E-01	3.24485E-02	-7.78201E-01	PRIM
1.90000E-02	1000010010	6.05580E+00	-8.96150E-04	4.27815E-04	1.17850E-04	8.96150E-01	-4.27815E-01	-1.17850E-01	1000010010	6.05580E+00	-1.79230E-02	8.55631E-03	2.35700E-03	8.96150E-01	-4.27815E-01	-1.17850E-01	PRIM
1.90000E-02	1000010010	4.42417E+01	5.69643E-04	-5.26147E-04	-6.31408E-04	-5.69643E-01	5.26147E-01	6.31408E-01	1000010010	4.42417E+01	1.13929E-02	-1.05229E-02	-1.26282E-02	-5.69643E-01	5.26147E-01	6.31408E-01	PRIM
1.90001E-02	1000010010	1.35637E+01	-6.42644E-04	7.49885E-04	-1.56462E-04	6.42709E-01	-7.49960E-01	1.56477E-01	1000010010	1.35637E+01	-1.28542E-02	1.49992E-02	-3.12955E-03	6.42709E-01	-7.49960E-01	1.56477E-01	PRIM
1.90000E-02	1000010010	6.56190E+00	-8.15000E-04	-2.61245E-04	5.17228E-04	8.15000E-01	2.61245E-01	-5.17228E-01	1000010010	6.56190E+00	-1.63000E-02	-5.22490E-03	1.03446E-02	8.15000E-01	2.61245E-01	-5.17228E-01	PRIM
1.90000E-02	1000010010	6.74412E+00	3.47788E-04	-5.04271E-04	7.90414E-04	-3.47788E-01	5.04271E-01	-7.90414E-01	1000010010	6.74412E+00	6.95576E-03	-1.00854E-02	1.58083E-02	-3.47788E-01	5.04271E-01	-7.90414E-01	PRIM
1.90000E-02	1000010010	1.25520E+01	9.02208E-04	4.30711E-04	2.25456E-05	-9.02208E-01	-4.30711E-01	-2.25456E-02	1000010010	1.25520E+01	1.80442E-02	8.61423E-03	4.50912E-04	-9.02208E-01	-4.30711E-01	-2.25456E-02	PRIM
1.90000E-02	1000010010	5.79440E+00	6.12525E-04	-5.21960E-04	5.93608E-04	-6.12525E-01	5.21960E-01	-5.93608E-01	1000010010	5.79440E+00	1.22505E-02	-1.04392E-02	1.18722E-02	-6.12525E-01	5.21960E-01	-5.93608E-01	PRIM
1.90000E-02	1000010010	2.22542E+01	3.30718E-05	-6.99612E-04	7.13757E-04	-3.30718E-02	6.99612E-01	-7.13757E-01	1000010010	2.22542E+01	6.61435E-04	-1.39922E-02	1.42751E-02	-3.30718E-02	6.99612E-01	-7.13757E-01	PRIM
1.90000E-02	1000010010	6.75623E+00	-2.12541E-04	3.46694E-04	-9.13581E-04	2.12541E-01	-3.46694E-01	9.13581E-01	1000010010	6.75623E+00	-4.25081E-03	6.93388E-03	-1.82716E-02	2.12541E-01	-3.46694E-01	9.13581E-01	PRIM
1.90000E-02	1000010010	5.94826E+00	4.25061E-04	2.90920E-04	-8.57140E-04	-4.25061E-01	-2.90920E-01	8.57140E-01	1000010010	5.94826E+00	8.50123E-03	5.81840E-03	-1.71428E-02	-4.25061E-01	-2.90920E-01	8.57140E-01	PRIM
1.90000E-02	1000010010	9.05726E+00	2.82637E-04	-7.42023E-04	6.07880E-04	-2.82637E-01	7.42023E-01	-6.07880E-01	1000010010	9.05726E+00	5.65274E-03	-1.48405E-02	1.21576E-02	-2.82637E-01	7.42023E-01	-6.07880E-01	PRIM
1.90000E-02	1000010010	8.55900E+00	-1.19592E-04	8.61060E-04	4.94240E-04	1.19592E-01	-8.61060E-01	-4.94240E-01	1000010010	8.55900E+00	-2.39184E-03	1.72212E-02	9.88481E-03	1.19592E-01	-8.61060E-01	-4.94240E-01	PRIM
1.90000E-02	1000010010	1.97731E+01	-3.97840E-04	8.93237E-04	-2.09408E-04	3.97840E-01	-8.93237E-01	2.09408E-01	1000010010	1.97731E+01	-7.95680E-03	1.78647E-02	-4.18816E-03	3.97840E-01	-8.93237E-01	2.09408E-01	PRIM
1.90000E-02	1000010010	7.72079E+01	-1.58554E-04	2.83542E-04	-9.45761E-04	1.58554E-01	-2.83542E-01	9.45761E-01	1000010010	7.72079E+01	-3.17109E-03	5.67084E-03	-1.89152E-02	1.58554E-01	-2.83542E-01	9.45761E-01	PRIM
1.90000E-02	1000010010	5.36131E+00	3.35544E-04	6.34916E-04	6.95910E-04	-3.35544E-01	-6.34916E-01	-6.95910E-01	1000010010	5.36131E+00	6.71088E-03	1.26983E-02	1.39182E-02	-3.35544E-01	-6.34916E-01	-6.95910E-01	PRIM
1.90000E-02	1000010010	6.23088E+00	-4.44625E-04	-2.14199E-04	8.69728E-04	4.44625E-01	2.14199E-01	-8.69728E-01	1000010010	6.23088E+00	-8.89251E-03	-4.28399E-03	1.73946E-02	4.44625E-01	2.14199E-01	-8.69728E-01	PRIM
1.90000E-02	1000010010	7.62984E+00	-8.68525E-04	-1.66013E-04	4.67016E-04	8.68525E-01	1.66013E-01	-4.67016E-01	1000010010	7.62984E+00	-1.73705E-02	-3.32025E-03	9.34032E-03	8.68525E-01	1.66013E-01	-4.67016E-01	PRIM
1.90000E-02	1000010010	7.41065E+00	-3.28633E-04	4.79860E-04	-8.13471E-04	3.28633E-01	-4.79860E-01	8.13471E-01	1000010010	7.41065E+00	-6.57267E-03	9.59720E-03	-1.62694E-02	3.28633E-01	-4.79860E-01	8.13471E-01	PRIM
1.90000E-02	1000010010	9.49910E+00	-2.66740E-04	-3.93492E-04	8.79781E-04	2.66740E-01	3.93492E-01	-8.79781E-01	1000010010	9.49910E+00	-5.33479E-03	-7.86983E-03	1.75956E-02	2.66740E-01	3.93492E-01	-8.79781E-01	PRIM
1.90000E-02	1000010010	1.09336E+01	-8.15000E-04	-2.61245E-04	5.17228E-04	8.15000E-01	2.61245E-01	-5.17228E-01	1000010010	1.09336E+01	-1.63000E-02	-5.22490E-03	1.03446E-02	8.15000E-01	2.61245E-01	-5.17228E-01	PRIM
1.90001E-02	1000010010	1.14016E+01	-7.67041E-04	-6.27643E-04	-1.32332E-04	7.67118E-01	6.27706E-01	1.32346E-01	1000010010	1.14016E+01	-1.53424E-02	-1.25541E-02	-2.64691E-03	7.67118E-01	6.27706E-01	1.32346E-01	PRIM
1.90000E-02	1000010010	6.12497E+00	3.47788E-04	-5.04271E-04	7.90414E-04	-3.47788E-01	5.04271E-01	-7.90414E-01	1000010010	6.12497E+00	6.95576E-03	-1.00854E-02	1.58083E-02	-3.47788E-01	5.04271E-01	-7.90414E-01	PRIM
1.90001E-02	1000010010	1.64003E+01	-3.97290E-04	-4.21343E-05	9.16616E-04	3.97330E-01	4.21385E-02	-9.16708E-01	1000010010	1.64003E+01	-7.94659E-03	-8.42770E-04	1.83342E-02	3.97330E-01	4.21385E-02	-9.16708E-01	PRIM
1.90000E-02	1000010010	7.66075E+00	-1.45607E-04	-1.53941E-04	-9.77292E-04	1.45607E-01	1.53941E-01	9.77292E-01	1000010010	7.66075E+00	-2.91215E-03	-3.07882E-03	-1.95458E-02	1.45607E-01	1.53941E-01	9.77292E-01	PRIM
1.90001E-02	1000010010	9.54177E+00	1.18468E-04	-1.08204E-04	-9.86943E-04	-1.18480E-01	1.08215E-01	9.87042E-01	1000010010	9.54177E+00	2.36961E-03	-2.16430E-03	-1.97408E-02	-1.18480E-01	1.08215E-01	9.87042E-01	PRIM
1.90001E-02	1000010010	3.24242E+02	2.32855E-05	8.32379E-04	5.53537E-04	-2.32878E-02	-8.32462E-01	-5.53592E-01	1000010010	3.24242E+02	4.65756E-04	1.66492E-02	1.10718E-02	-2.32878E-02	-8.32462E-01	-5.53592E-01	PRIM
1.90000E-02	1000010010	5.52559E+00	-3.17885E-04	-1.45919E-04	-9.36833E-04	3.17885E-01	1.45919E-01	9.36833E-01	1000010010	5.52559E+00	-6.35770E-03	-2.91838E-03	-1.87367E-02	3.17885E-01	1.45919E-01	9.36833E-01	PRIM
1.90001E-02	1000010010	5.40270E+00	-1.71267E-04	2.75875E-04	9.45706E-04	1.71284E-01	-2.75902E-01	-9.45801E-01	1000010010	5.40270E+00	-3.42569E-03	5.51804E-03	1.89160E-02	1.71284E-01	-2.75902E-01	-9.45801E-01	PRIM
1.90000E-02	1000010010	3.47785E+01	-5.19996E-04	-7.46034E-04	4.15978E-04	5.19996E-01	7.46034E-01	-4.15978E-01	1000010010	3.47785E+01	-1.03999E-02	-1.49207E-02	8.31955E-03	5.19996E-01	7.46034E-01	-4.15978E-01	PRIM
1.90000E-02	1000010010	5.57774E+00	4.24045E-04	-4.06048E-04	-8.09513E-04	-4.24045E-01	4.06048E-01	8.09513E-01	1000010010	5.57774E+00	8.48091E-03	-8.12096E-03	-1.61903E-02	-4.24045E-01	4.06048E-01	8.09513E-01	PRIM
1.90000E-02	1000010010	6.97945E+00	-3.73463E-05	7.63676E-04	-6.44518E-04	3.73463E-02	-7.63676E-01	6.44518E-01	1000010010	6.97945E+00	-7.46927E-04	1.52735E-02	-1.28904E-02	3.73463E-02	-7.63676E-01	6.44518E-01	PRIM
1.90000E-02	1000010010	8.10487E+00	4.24045E-04	-4.06048E-04	-8.09513E-04	-4.24045E-01	4.06048E-01	8.09513E-01	1000010010	8.10487E+00	8.48091E-03	-8.12096E-03	-1.61903E-02	-4.24045E-01	4.06048E-01	8.09513E-01	PRIM
1.90000E-02	1000010010	3.35997E+01	-1.02535E-04	2.11104E-05	-9.94505E-04	1.02535E-01	-2.11104E-02	9.94505E-01	1000010010	3.35997E+01	-2.05071E-03	4.22208E-04	-1.98901E-02	1.02535E-01	-2.11104E-02	9.94505E-01	PRIM
1.90000E-02	1000010010	5.04984E+00	4.43791E-04	6.98956E-04	-5.60812E-04	-4.43791E-01	-6.98956E-01	5.60812E-01	1000010010	5.04984E+00	8.87583E-03	1.39791E-02	-1.12162E-02	-4.43791E-01	-6.98956E-01	5.60812E-01	PRIM
1.90000E-02	1000010010	2.22256E+01	5.04961E-04	1.38190E-04	8.52008E-04	-5.04961E-01	-1.38190E-01	-8.52008E-01	1000010010	2.22256E+01	1.00992E-02	2.76380E-03	1.70402E-02	-5.04961E-01	-1.38190E-01	-8.52008E-01	PRIM
1.90000E-02	1000010010	1.56251E+01	-1.45607E-04	-1.53941E-04	-9.77292E-04	1.45607E-01	1.53941E-01	9.77292E-01	1000010010	1.56251E+01	-2.91215E-03	-3.07882E-03	-1.95458E-02	1.45607E-01	1.53941E-01	9.77292E-01	PRIM
1.90000E-02	1000010010	5.37788E+00	-8.58356E-05	8.77618E-04	4.71614E-04	8.58356E-02	-8.77618E-01	-4.71614E-01	1000010010	5.37788E+00	-1.71671E-03	1.75524E-02	9.43227E-03	8.58356E-02	-8.77618E-01	-4.71614E-01	PRIM
1.90000E-02	1000010010	1.16507E+01	-5.19996E-04	-7.46034E-04	4.15978E-04	5.19996E-01	7.46034E-01	-4.15978E-01	1000010010	1.16507E+01	-1.03999E-02	-1.49207E-02	8.31955E-03	5.19996E-01	7.46034E-01	-4.15978E-01	PRIM
1.90000E-02	1000010010	6.79443E+00	9.92421E-04	1.17664E-04	3.54244E-05	-9.92421E-01	-1.17664E-01	-3.54244E-02	1000010010	6.79443E+00	1.98484E-02	2.35328E-03	7.08487E-04	-9.92421E-01	-1.17664E-01	-3.54244E-02	PRIM
1.90000E-02	1000010010	8.89197E+00	2.41303E-05	-8.09519E-04	-5.86597E-04	-2.41303E-02	8.09519E-01	5.86597E-01	1000010010	8.89197E+00	4.82606E-04	-1.61904E-02	-1.17319E-02	-2.41303E-02	8.09519E-01	5.86597E-01	PRIM
1.90000E-02	1000010010	8.27289E+00	9.92421E-04	1.17664E-04	3.54244E-05	-9.92421E-01	-1.17664E-01	-3.54244E-02	1000010010	8.27289E+00	1.98484E-02	2.35328E-03	7.08487E-04	-9.92421E-01	-1.17664E-01	-3.54244E-02	PRIM
1.90000E-02	1000010010	4.54171E+01	7.13539E-06	-1.74961E-04	9.84549E-04	-7.13539E-03	1.74961E-01	-9.84549E-01	1000010010	4.54171E+01	1.42708E-04	-3.49922E-03	1.96910E-02	-7.13539E-03	1.74961E-01	-9.84549E-01	PRIM
1.90000E-02	1000010010	6.39180E+00	2.09001E-05	1.93982E-04	-9.80782E-04	-2.09001E-02	-1.93982E-01	9.80782E-01	1000010010	6.39180E+00	4.18002E-04	3.87964E-03	-1.96156E-02	-2.09001E-02	-1.93982E-01	9.80782E-01	PRIM
1.90000E-02	1000010010	7.81711E+00	-2.65024E-04	6.89102E-04	6.74463E-04	2.65024E-01	-6.89102E-01	-6.74463E-01	1000010010	7.81711E+00	-5.30048E-03	1.37820E-02	1.34893E-02	2.65024E-01	-6.89102E-01	-6.74463E-01	PRIM
1.90000E-02	1000010010	6.84199E+00	-9.21580E-04	3.77029E-04	9.24095E-05	9.21580E-01	-3.77029E-01	-9.24095E-02	1000010010	6.84199E+00	-1.84316E-02	7.54057E-03	1.84819E-03	9.21580E-01	-3.77029E-01	-9.24095E-02	PRIM
1.90000E-02	1000010010	1.09292E+01	3.47788E-04	-5.04271E-04	7.90414E-04	-3.47788E-01	5.04271E-01	-7.90414E-01	1000010010	1.09292E+01	6.95576E-03	-1.00854E-02	1.58083E-02	-3.47788E-01	5.04271E-01	-7.90414E-01	PRIM
1.90000E-02	1000010010	9.42498E+00	2.56680E-04	7.60240E-04	5.96784E-04	-2.56680E-01	-7.60240E-01	-5.96784E-01	1000010010	9.42498E+00	5.13359E-03	1.52048E-02	1.19357E-02	-2.56680E-01	-7.60240E-01	-5.96784E-01	PRIM
1.90000E-02	1000010010	6.24051E+00	-4.92103E-04	-6.17726E-04	-6.13392E-04	4.92103E-01	6.17726E-01	6.13392E-01	1000010010	6.24051E+00	-9.84205E-03	-1.23545E-02	-1.22678E-02	4.92103E-01	6.17726E-01	6.13392E-01	PRIM
