#	D	ID	E	X	Y	Z	Px	Py	Pz	ID0	E0	X0	Y0	Z0	P0x	P0y	P0z	tag
#
# D             Trajectory length [1 Mpc]
# ID/ID0/ID1    Particle type (PDG MC numbering scheme)
# E/E0/E1       Energy [1 EeV]
# X/X0/X1...    Position [1 Mpc]
# Px/P0x/P1x... Heading (unit vector of momentum)
# tag           Candidate tag can be given by the source feature (user defined tag) or by the following interaction process 
#	ES  	ElasticScattering 
#	EPP 	ElectronPairProduction 
#	EMPP	EMPairProduction
#	EMDP	EMDoublePairProduction
#	EMTP	EMTripletPairProduction 
#	EMIC	EMInverseComptonScattering
#	ND  	NuclearDecay
#	PD  	PhotoDisintegration
#	PPP  	PhotoPionProduction
#	SYN 	SynchrotronRadiation
#	PRIM/SEC	 primary / secondary particle
# no index = current, 0 = at source, 1 = at point of creation
#
# CRPropa version: 3.2-85-g7a40f1f1
#
1.57348E-02	1000010010	2.77738E+01	-4.41934E-03	-3.29651E-04	2.14817E-04	9.19339E-01	3.29651E-01	-2.14817E-01	1000010010	2.77738E+01	-1.88850E-02	-5.51666E-03	3.59493E-03	9.19339E-01	3.29651E-01	-2.14817E-01	PRIM
1.89055E-02	1000010010	3.47714E+01	-3.43914E-03	-2.16455E-05	9.97912E-04	-6.08580E-02	2.16455E-02	-9.97912E-01	1000010010	3.47714E+01	-2.28859E-03	-4.30865E-04	1.98640E-02	-6.08580E-02	2.16455E-02	-9.97912E-01	PRIM
1.63289E-02	1000010010	6.99151E+00	-4.22099E-03	9.48802E-05	6.86415E-04	7.20994E-01	-9.48802E-02	-6.86415E-01	1000010010	6.99151E+00	-1.59941E-02	1.64417E-03	1.18948E-02	7.20994E-01	-9.48802E-02	-6.86415E-01	PRIM
1.89043E-02	1000010010	6.28888E+01	-3.43949E-03	-7.19035E-04	6.92334E-04	-6.05140E-02	7.19035E-01	-6.92334E-01	1000010010	6.28888E+01	-2.29551E-03	-1.43119E-02	1.37804E-02	-6.05140E-02	7.19035E-01	-6.92334E-01	PRIM
2.09761E-02	1000010010	8.50804E+00	-2.88124E-03	1.25752E-04	7.75322E-04	-6.18821E-01	-1.25764E-01	-7.75399E-01	1000010010	8.50804E+00	1.00992E-02	2.76380E-03	1.70402E-02	-6.18821E-01	-1.25764E-01	-7.75399E-01	PRIM
1.93564E-02	1000010010	1.63285E+01	-3.31311E-03	5.72985E-04	-7.97972E-04	-1.86892E-01	-5.72985E-01	7.97972E-01	1000010010	1.63285E+01	3.04442E-04	1.16639E-02	-1.62438E-02	-1.86892E-01	-5.72985E-01	7.97972E-01	PRIM
1.90058E-02	1000010010	6.17405E+00	-3.41086E-03	8.77362E-04	4.71476E-04	-8.91384E-02	-8.77362E-01	-4.71476E-01	1000010010	6.17405E+00	-1.71671E-03	1.75524E-02	9.43227E-03	-8.91384E-02	-8.77362E-01	-4.71476E-01	PRIM
1.78353E-02	1000010010	5.63625E+00	-3.75015E-03	8.67211E-04	-4.30314E-04	2.50175E-01	-8.67298E-01	4.30357E-01	1000010010	5.63625E+00	-8.21210E-03	1.63357E-02	-8.10586E-03	2.50175E-01	-8.67298E-01	4.30357E-01	PRIM
1.92980E-02	1000010010	1.75490E+01	-3.32928E-03	-2.69543E-05	9.84951E-04	-1.70720E-01	2.69543E-02	-9.84951E-01	1000010010	1.75490E+01	-3.47428E-05	-5.47116E-04	1.99925E-02	-1.70720E-01	2.69543E-02	-9.84951E-01	PRIM
1.90778E-02	1000010010	1.32507E+01	-3.39064E-03	-2.97508E-04	-9.48436E-04	-1.09356E-01	2.97508E-01	9.48436E-01	1000010010	1.32507E+01	-1.30437E-03	-5.97331E-03	-1.90425E-02	-1.09356E-01	2.97508E-01	9.48436E-01	PRIM
2.08235E-02	1000010010	7.59528E+00	-2.92058E-03	-7.30840E-04	-3.60757E-04	-5.79420E-01	7.30840E-01	3.60757E-01	1000010010	7.59528E+00	9.14497E-03	-1.59495E-02	-7.87297E-03	-5.79420E-01	7.30840E-01	3.60757E-01	PRIM
1.81374E-02	1000010010	1.86766E+01	-3.66056E-03	5.01488E-04	-8.50136E-04	1.60558E-01	-5.01488E-01	8.50136E-01	1000010010	1.86766E+01	-6.57267E-03	9.59720E-03	-1.62694E-02	1.60558E-01	-5.01488E-01	8.50136E-01	PRIM
1.82478E-02	1000010010	3.81593E+01	-3.62820E-03	-7.38311E-04	6.62163E-04	1.28204E-01	7.38311E-01	-6.62163E-01	1000010010	3.81593E+01	-5.96764E-03	-1.42108E-02	1.27452E-02	1.28204E-01	7.38311E-01	-6.62163E-01	PRIM
1.97084E-02	1000010010	5.39221E+00	-3.21656E-03	-1.04513E-04	-9.53278E-04	-2.83441E-01	1.04513E-01	9.53278E-01	1000010010	5.39221E+00	2.36961E-03	-2.16430E-03	-1.97408E-02	-2.83441E-01	1.04513E-01	9.53278E-01	PRIM
2.13629E-02	1000010010	5.30584E+00	-2.78231E-03	-6.55256E-04	-2.35708E-04	-7.17692E-01	6.55256E-01	2.35708E-01	1000010010	5.30584E+00	1.25496E-02	-1.46534E-02	-5.27111E-03	-7.17692E-01	6.55256E-01	2.35708E-01	PRIM
1.92980E-02	1000010010	8.51327E+00	-3.32928E-03	-2.69543E-05	9.84951E-04	-1.70720E-01	2.69543E-02	-9.84951E-01	1000010010	8.51327E+00	-3.47428E-05	-5.47116E-04	1.99925E-02	-1.70720E-01	2.69543E-02	-9.84951E-01	PRIM
1.92505E-02	1000010010	5.63154E+00	-3.34250E-03	-7.66856E-05	9.84435E-04	-1.57520E-01	7.66933E-02	-9.84533E-01	1000010010	5.63154E+00	-3.10163E-04	-1.55307E-03	1.99372E-02	-1.57520E-01	7.66933E-02	-9.84533E-01	PRIM
1.74032E-02	1000010010	5.51568E+00	-3.88094E-03	-8.06313E-04	-4.52491E-04	3.80935E-01	8.06313E-01	4.52491E-01	1000010010	5.51568E+00	-1.05104E-02	-1.48387E-02	-8.32727E-03	3.80935E-01	8.06313E-01	4.52491E-01	PRIM
1.74870E-02	1000010010	1.84530E+01	-3.85532E-03	8.20334E-04	4.48106E-04	3.55321E-01	-8.20334E-01	-4.48106E-01	1000010010	1.84530E+01	-1.00688E-02	1.51655E-02	8.28413E-03	3.55321E-01	-8.20334E-01	-4.48106E-01	PRIM
1.90141E-02	1000010010	7.98650E+00	-3.40855E-03	-1.93619E-04	9.76805E-04	-9.14518E-02	1.93619E-01	-9.76805E-01	1000010010	7.98650E+00	-1.66968E-03	-3.87510E-03	1.95498E-02	-9.14518E-02	1.93619E-01	-9.76805E-01	PRIM
1.77136E-02	1000010010	7.53565E+01	-3.78667E-03	-7.95303E-04	5.34145E-04	2.86675E-01	7.95303E-01	-5.34145E-01	1000010010	7.53565E+01	-8.86470E-03	-1.48829E-02	9.99575E-03	2.86675E-01	7.95303E-01	-5.34145E-01	PRIM
1.86185E-02	1000010010	1.22468E+02	-3.52088E-03	-7.56262E-04	-6.53783E-04	2.08786E-02	7.56338E-01	6.53848E-01	1000010010	1.22468E+02	-3.90961E-03	-1.48382E-02	-1.28275E-02	2.08786E-02	7.56338E-01	6.53848E-01	PRIM
1.58198E-02	1000010010	1.07243E+02	-4.39044E-03	-1.98552E-04	-4.09256E-04	8.90531E-01	1.98571E-01	4.09297E-01	1000010010	1.07243E+02	-1.84784E-02	-3.33991E-03	-6.88424E-03	8.90531E-01	1.98571E-01	4.09297E-01	PRIM
1.74536E-02	1000010010	7.31888E+00	-3.86550E-03	8.16610E-05	-9.27221E-04	3.65504E-01	-8.16610E-02	9.27221E-01	1000010010	7.31888E+00	-1.02449E-02	1.50694E-03	-1.71106E-02	3.65504E-01	-8.16610E-02	9.27221E-01	PRIM
2.21751E-02	1000010010	9.61944E+00	-2.57946E-03	2.89899E-04	-2.61853E-04	-9.20539E-01	-2.89899E-01	2.61853E-01	1000010010	9.61944E+00	1.78336E-02	6.71843E-03	-6.06847E-03	-9.20539E-01	-2.89899E-01	2.61853E-01	PRIM
1.70125E-02	1000010010	2.49760E+01	-4.00202E-03	-3.60255E-05	8.63988E-04	5.02073E-01	3.60291E-02	-8.64074E-01	1000010010	2.49760E+01	-1.25435E-02	-6.48970E-04	1.55640E-02	5.02073E-01	3.60291E-02	-8.64074E-01	PRIM
1.70295E-02	1000010010	1.15481E+01	-3.99671E-03	-7.13862E-04	4.93638E-04	4.96711E-01	7.13862E-01	-4.93638E-01	1000010010	1.15481E+01	-1.24554E-02	-1.28706E-02	8.90004E-03	4.96711E-01	7.13862E-01	-4.93638E-01	PRIM
1.87046E-02	1000010010	5.73048E+00	-3.49623E-03	2.80039E-04	9.59981E-04	-3.77127E-03	-2.80039E-01	-9.59981E-01	1000010010	5.73048E+00	-3.42569E-03	5.51804E-03	1.89160E-02	-3.77127E-03	-2.80039E-01	-9.59981E-01	PRIM
1.90781E-02	1000010010	1.11528E+01	-3.39056E-03	8.72074E-04	4.76981E-04	-1.09437E-01	-8.72074E-01	-4.76981E-01	1000010010	1.11528E+01	-1.30271E-03	1.75096E-02	9.57687E-03	-1.09437E-01	-8.72074E-01	-4.76981E-01	PRIM
2.16347E-02	1000010010	2.39754E+01	-2.71383E-03	5.81017E-04	-2.10148E-04	-7.86245E-01	-5.81075E-01	2.10169E-01	1000010010	2.39754E+01	1.42963E-02	1.31524E-02	-4.75709E-03	-7.86245E-01	-5.81075E-01	2.10169E-01	PRIM
1.60487E-02	1000010010	2.06148E+01	-4.31358E-03	-1.94751E-04	5.47863E-04	8.13584E-01	1.94751E-01	-5.47863E-01	1000010010	2.06148E+01	-1.73705E-02	-3.32025E-03	9.34032E-03	8.13584E-01	1.94751E-01	-5.47863E-01	PRIM
1.84180E-02	1000010010	1.73482E+01	-3.57864E-03	6.89951E-05	9.94512E-04	7.86429E-02	-6.89951E-02	-9.94512E-01	1000010010	1.73482E+01	-5.02709E-03	1.33975E-03	1.93115E-02	7.86429E-02	-6.89951E-02	-9.94512E-01	PRIM
2.03405E-02	1000010010	6.85611E+00	-3.04703E-03	-7.75566E-05	8.88145E-04	-4.52972E-01	7.75566E-02	-8.88145E-01	1000010010	6.85611E+00	6.16665E-03	-1.65510E-03	1.89534E-02	-4.52972E-01	7.75566E-02	-8.88145E-01	PRIM
2.13629E-02	1000010010	1.52343E+01	-2.78231E-03	-6.55256E-04	-2.35708E-04	-7.17692E-01	6.55256E-01	2.35708E-01	1000010010	1.52343E+01	1.25496E-02	-1.46534E-02	-5.27111E-03	-7.17692E-01	6.55256E-01	2.35708E-01	PRIM
2.01274E-02	1000010010	5.32541E+00	-3.10364E-03	5.09461E-04	-7.63772E-04	-3.96361E-01	-5.09461E-01	7.63772E-01	1000010010	5.32541E+00	4.87409E-03	1.07636E-02	-1.61365E-02	-3.96361E-01	-5.09461E-01	7.63772E-01	PRIM
2.11812E-02	1000010010	5.84972E+00	-2.82865E-03	-4.74363E-04	-5.69265E-04	-6.71422E-01	4.74411E-01	5.69322E-01	1000010010	5.84972E+00	1.13929E-02	-1.05229E-02	-1.26282E-02	-6.71422E-01	4.74411E-01	5.69322E-01	PRIM
1.70015E-02	1000010010	5.51227E+00	-4.00548E-03	4.24362E-04	-7.51270E-04	5.05480E-01	-4.24362E-01	7.51270E-01	1000010010	5.51227E+00	-1.25994E-02	7.63915E-03	-1.35240E-02	5.05480E-01	-4.24362E-01	7.51270E-01	PRIM
1.84147E-02	1000010010	6.81902E+00	-3.57960E-03	7.30080E-04	-6.78710E-04	7.96015E-02	-7.30080E-01	6.78710E-01	1000010010	6.81902E+00	-5.04544E-03	1.41743E-02	-1.31770E-02	7.96015E-02	-7.30080E-01	6.78710E-01	PRIM
1.78826E-02	1000010010	5.84738E+00	-3.73603E-03	9.46095E-04	-2.21800E-04	2.36027E-01	-9.46095E-01	2.21800E-01	1000010010	5.84738E+00	-7.95680E-03	1.78647E-02	-4.18816E-03	2.36027E-01	-9.46095E-01	2.21800E-01	PRIM
1.89565E-02	1000010010	5.43385E+00	-3.42474E-03	-3.29737E-05	9.96619E-04	-7.52562E-02	3.29737E-02	-9.96619E-01	1000010010	5.43385E+00	-1.99815E-03	-6.58041E-04	1.98891E-02	-7.52562E-02	3.29737E-02	-9.96619E-01	PRIM
1.94422E-02	1000010010	5.30607E+00	-3.28942E-03	9.70270E-04	-1.19294E-04	-2.10584E-01	-9.70270E-01	1.19294E-01	1000010010	5.30607E+00	8.04805E-04	1.98344E-02	-2.43864E-03	-2.10584E-01	-9.70270E-01	1.19294E-01	PRIM
2.03405E-02	1000010010	8.88178E+00	-3.04703E-03	-7.75566E-05	8.88145E-04	-4.52972E-01	7.75566E-02	-8.88145E-01	1000010010	8.88178E+00	6.16665E-03	-1.65510E-03	1.89534E-02	-4.52972E-01	7.75566E-02	-8.88145E-01	PRIM
1.90058E-02	1000010010	6.58807E+00	-3.41086E-03	8.77362E-04	4.71476E-04	-8.91384E-02	-8.77362E-01	-4.71476E-01	1000010010	6.58807E+00	-1.71671E-03	1.75524E-02	9.43227E-03	-8.91384E-02	-8.77362E-01	-4.71476E-01	PRIM
1.81603E-02	1000010010	6.28013E+00	-3.65383E-03	-1.23531E-04	-9.80345E-04	1.53829E-01	1.23531E-01	9.80345E-01	1000010010	6.28013E+00	-6.44741E-03	-2.36689E-03	-1.87837E-02	1.53829E-01	1.23531E-01	9.80345E-01	PRIM
1.94643E-02	1000010010	5.37133E+00	-3.28332E-03	1.36916E-05	9.76147E-04	-2.16679E-01	-1.36916E-02	-9.76147E-01	1000010010	5.37133E+00	9.34191E-04	2.80190E-04	1.99762E-02	-2.16679E-01	-1.36916E-02	-9.76147E-01	PRIM
1.90141E-02	1000010010	8.30576E+00	-3.40855E-03	-1.93619E-04	9.76805E-04	-9.14518E-02	1.93619E-01	-9.76805E-01	1000010010	8.30576E+00	-1.66968E-03	-3.87510E-03	1.95498E-02	-9.14518E-02	1.93619E-01	-9.76805E-01	PRIM
1.87956E-02	1000010010	5.54858E+00	-3.47030E-03	-1.55531E-04	-9.87385E-04	-2.96961E-02	1.55531E-01	9.87385E-01	1000010010	5.54858E+00	-2.91215E-03	-3.07882E-03	-1.95458E-02	-2.96961E-02	1.55531E-01	9.87385E-01	PRIM
1.88874E-02	1000010010	9.88830E+01	-3.44428E-03	8.65937E-04	4.97040E-04	-5.57218E-02	-8.65937E-01	-4.97040E-01	1000010010	9.88830E+01	-2.39184E-03	1.72212E-02	9.88481E-03	-5.57218E-02	-8.65937E-01	-4.97040E-01	PRIM
1.71742E-02	1000010010	5.12279E+00	-3.95158E-03	-6.28450E-04	6.33346E-04	4.51578E-01	6.28450E-01	-6.33346E-01	1000010010	5.12279E+00	-1.17071E-02	-1.14216E-02	1.15105E-02	4.51578E-01	6.28450E-01	-6.33346E-01	PRIM
1.98814E-02	1000010010	1.82988E+01	-3.16969E-03	3.11581E-04	8.90960E-04	-3.30314E-01	-3.11581E-01	-8.90960E-01	1000010010	1.82988E+01	3.39740E-03	6.50623E-03	1.86045E-02	-3.30314E-01	-3.11581E-01	-8.90960E-01	PRIM
1.89565E-02	1000010010	5.34761E+00	-3.42474E-03	-3.29737E-05	9.96619E-04	-7.52562E-02	3.29737E-02	-9.96619E-01	1000010010	5.34761E+00	-1.99815E-03	-6.58041E-04	1.98891E-02	-7.52562E-02	3.29737E-02	-9.96619E-01	PRIM
2.21859E-02	1000010010	9.01542E+00	-2.57681E-03	3.75703E-04	8.10049E-05	-9.23193E-01	-3.75703E-01	-8.10049E-02	1000010010	9.01542E+00	1.79051E-02	8.71101E-03	1.87817E-03	-9.23193E-01	-3.75703E-01	-8.10049E-02	PRIM
1.87046E-02	1000010010	2.13056E+01	-3.49623E-03	2.80039E-04	9.59981E-04	-3.77127E-03	-2.80039E-01	-9.59981E-01	1000010010	2.13056E+01	-3.42569E-03	5.51804E-03	1.89160E-02	-3.77127E-03	-2.80039E-01	-9.59981E-01	PRIM
2.22070E-02	1000010010	6.74802E+00	-2.57174E-03	3.71156E-04	1.94281E-05	-9.28353E-01	-3.71193E-01	-1.94301E-02	1000010010	6.74802E+00	1.80442E-02	8.61423E-03	4.50912E-04	-9.28353E-01	-3.71193E-01	-1.94301E-02	PRIM
1.78849E-02	1000010010	6.39552E+00	-3.73535E-03	6.32442E-04	-7.37989E-04	2.35348E-01	-6.32442E-01	7.37989E-01	1000010010	6.39552E+00	-7.94452E-03	1.19436E-02	-1.39368E-02	2.35348E-01	-6.32442E-01	7.37989E-01	PRIM
1.74536E-02	1000010010	1.81067E+01	-3.86550E-03	8.16610E-05	-9.27221E-04	3.65504E-01	-8.16610E-02	9.27221E-01	1000010010	1.81067E+01	-1.02449E-02	1.50694E-03	-1.71106E-02	3.65504E-01	-8.16610E-02	9.27221E-01	PRIM
1.89043E-02	1000010010	6.11540E+00	-3.43949E-03	-7.19035E-04	6.92334E-04	-6.05140E-02	7.19035E-01	-6.92334E-01	1000010010	6.11540E+00	-2.29551E-03	-1.43119E-02	1.37804E-02	-6.05140E-02	7.19035E-01	-6.92334E-01	PRIM
1.83564E-02	1000010010	1.73267E+01	-3.59654E-03	-2.52165E-04	-9.62856E-04	9.65426E-02	2.52165E-01	9.62856E-01	1000010010	1.73267E+01	-5.36871E-03	-4.88099E-03	-1.86374E-02	9.65426E-02	2.52165E-01	9.62856E-01	PRIM
1.92457E-02	1000010010	2.23183E+01	-3.34382E-03	4.67915E-04	8.69750E-04	-1.56192E-01	-4.67962E-01	-8.69837E-01	1000010010	2.23183E+01	-3.37793E-04	9.47418E-03	1.76104E-02	-1.56192E-01	-4.67962E-01	-8.69837E-01	PRIM
1.98450E-02	1000010010	5.06453E+00	-3.17951E-03	2.94344E-04	9.00360E-04	-3.20491E-01	-2.94344E-01	-9.00360E-01	1000010010	5.06453E+00	3.18063E-03	6.13561E-03	1.87680E-02	-3.20491E-01	-2.94344E-01	-9.00360E-01	PRIM
1.94810E-02	1000010010	5.13680E+00	-3.27873E-03	2.16646E-05	-9.74972E-04	-2.21268E-01	-2.16646E-02	9.74972E-01	1000010010	5.13680E+00	1.03180E-03	4.43713E-04	-1.99684E-02	-2.21268E-01	-2.16646E-02	9.74972E-01	PRIM
1.81687E-02	1000010010	9.78377E+00	-3.65138E-03	2.83069E-04	9.47078E-04	1.51378E-01	-2.83069E-01	-9.47078E-01	1000010010	9.78377E+00	-6.40171E-03	5.42607E-03	1.81542E-02	1.51378E-01	-2.83069E-01	-9.47078E-01	PRIM
1.82478E-02	1000010010	7.67433E+00	-3.62820E-03	-7.38311E-04	6.62163E-04	1.28204E-01	7.38311E-01	-6.62163E-01	1000010010	7.67433E+00	-5.96764E-03	-1.42108E-02	1.27452E-02	1.28204E-01	7.38311E-01	-6.62163E-01	PRIM
1.93870E-02	1000010010	1.39705E+01	-3.30465E-03	-7.94154E-04	-5.75463E-04	-1.95351E-01	7.94154E-01	5.75463E-01	1000010010	1.39705E+01	4.82606E-04	-1.61904E-02	-1.17319E-02	-1.95351E-01	7.94154E-01	5.75463E-01	PRIM
1.88874E-02	1000010010	9.57995E+00	-3.44428E-03	8.65937E-04	4.97040E-04	-5.57218E-02	-8.65937E-01	-4.97040E-01	1000010010	9.57995E+00	-2.39184E-03	1.72212E-02	9.88481E-03	-5.57218E-02	-8.65937E-01	-4.97040E-01	PRIM
1.70125E-02	1000010010	5.10951E+00	-4.00202E-03	-3.60255E-05	8.63988E-04	5.02073E-01	3.60291E-02	-8.64074E-01	1000010010	5.10951E+00	-1.25435E-02	-6.48970E-04	1.55640E-02	5.02073E-01	3.60291E-02	-8.64074E-01	PRIM
1.93285E-02	1000010010	5.38096E+00	-3.32081E-03	-1.72134E-04	9.68638E-04	-1.79192E-01	1.72134E-01	-9.68638E-01	1000010010	5.38096E+00	1.42708E-04	-3.49922E-03	1.96910E-02	-1.79192E-01	1.72134E-01	-9.68638E-01	PRIM
2.13984E-02	1000010010	8.66994E+00	-2.77329E-03	3.36202E-04	5.99054E-04	-7.26706E-01	-3.36202E-01	-5.99054E-01	1000010010	8.66994E+00	1.27771E-02	7.53040E-03	1.34179E-02	-7.26706E-01	-3.36202E-01	-5.99054E-01	PRIM
2.07404E-02	1000010010	5.12528E+00	-2.94214E-03	7.49627E-04	-3.56169E-04	-5.57855E-01	-7.49627E-01	3.56169E-01	1000010010	5.12528E+00	8.62801E-03	1.62972E-02	-7.74327E-03	-5.57855E-01	-7.49627E-01	3.56169E-01	PRIM
1.87498E-02	1000010010	5.29072E+00	-3.48335E-03	2.87106E-04	-9.57650E-04	-1.66540E-02	-2.87135E-01	9.57745E-01	1000010010	5.29072E+00	-3.17109E-03	5.67084E-03	-1.89152E-02	-1.66540E-02	-2.87135E-01	9.57745E-01	PRIM
1.74536E-02	1000010010	5.23790E+00	-3.86550E-03	8.16610E-05	-9.27221E-04	3.65504E-01	-8.16610E-02	9.27221E-01	1000010010	5.23790E+00	-1.02449E-02	1.50694E-03	-1.71106E-02	3.65504E-01	-8.16610E-02	9.27221E-01	PRIM
1.81767E-02	1000010010	7.25484E+00	-3.64902E-03	-1.52183E-04	-9.77053E-04	1.49019E-01	1.52183E-01	9.77053E-01	1000010010	7.25484E+00	-6.35770E-03	-2.91838E-03	-1.87367E-02	1.49019E-01	1.52183E-01	9.77053E-01	PRIM
1.55875E-02	1000010010	1.10160E+01	-4.46978E-03	-1.36463E-04	-2.02269E-04	9.69776E-01	1.36463E-01	2.02269E-01	1000010010	1.10160E+01	-1.95862E-02	-2.26358E-03	-3.35515E-03	9.69776E-01	1.36463E-01	2.02269E-01	PRIM
2.00822E-02	1000010010	4.82340E+01	-3.11573E-03	4.36044E-04	8.13756E-04	-3.84275E-01	-4.36044E-01	-8.13756E-01	1000010010	4.82340E+01	4.60136E-03	9.19278E-03	1.71558E-02	-3.84275E-01	-4.36044E-01	-8.13756E-01	PRIM
2.11812E-02	1000010010	1.63640E+01	-2.82865E-03	-4.74363E-04	-5.69265E-04	-6.71422E-01	4.74411E-01	5.69322E-01	1000010010	1.63640E+01	1.13929E-02	-1.05229E-02	-1.26282E-02	-6.71422E-01	4.74411E-01	5.69322E-01	PRIM
1.92457E-02	1000010010	6.97737E+00	-3.34382E-03	4.67915E-04	8.69750E-04	-1.56192E-01	-4.67962E-01	-8.69837E-01	1000010010	6.97737E+00	-3.37793E-04	9.47418E-03	1.76104E-02	-1.56192E-01	-4.67962E-01	-8.69837E-01	PRIM
1.94455E-02	1000010010	8.03837E+00	-3.28852E-03	1.65341E-04	-9.63296E-04	-2.11480E-01	-1.65341E-01	9.63296E-01	1000010010	8.03837E+00	8.23808E-04	3.38048E-03	-1.96950E-02	-2.11480E-01	-1.65341E-01	9.63296E-01	PRIM
1.92848E-02	1000010010	9.64412E+00	-3.33292E-03	1.82019E-05	9.85774E-04	-1.67085E-01	-1.82019E-02	-9.85774E-01	1000010010	9.64412E+00	-1.10708E-04	3.69223E-04	1.99963E-02	-1.67085E-01	-1.82019E-02	-9.85774E-01	PRIM
1.81603E-02	1000010010	5.37007E+00	-3.65383E-03	-1.23531E-04	-9.80345E-04	1.53829E-01	1.23531E-01	9.80345E-01	1000010010	5.37007E+00	-6.44741E-03	-2.36689E-03	-1.87837E-02	1.53829E-01	1.23531E-01	9.80345E-01	PRIM
2.11527E-02	1000010010	2.32513E+01	-2.83583E-03	-4.17361E-04	-6.20227E-04	-6.64175E-01	4.17361E-01	6.20227E-01	1000010010	2.32513E+01	1.12133E-02	-9.24567E-03	-1.37397E-02	-6.64175E-01	4.17361E-01	6.20227E-01	PRIM
1.96733E-02	1000010010	6.93267E+00	-3.22616E-03	3.20480E-04	-9.06698E-04	-2.73872E-01	-3.20512E-01	9.06789E-01	1000010010	6.93267E+00	2.16182E-03	6.62601E-03	-1.87463E-02	-2.73872E-01	-3.20512E-01	9.06789E-01	PRIM
1.92276E-02	1000010010	8.51974E+00	-3.34883E-03	-8.29190E-05	9.85025E-04	-1.51166E-01	8.29190E-02	-9.85025E-01	1000010010	8.51974E+00	-4.42289E-04	-1.67725E-03	1.99246E-02	-1.51166E-01	8.29190E-02	-9.85025E-01	PRIM
1.63789E-02	1000010010	2.54480E+01	-4.20466E-03	-6.92984E-04	-1.52426E-04	7.04655E-01	6.92984E-01	1.52426E-01	1000010010	2.54480E+01	-1.57462E-02	-1.20433E-02	-2.64901E-03	7.04655E-01	6.92984E-01	1.52426E-01	PRIM
2.10386E-02	1000010010	1.34800E+01	-2.86507E-03	-5.92790E-05	-7.70288E-04	-6.34935E-01	5.92790E-02	7.70288E-01	1000010010	1.34800E+01	1.04931E-02	-1.30643E-03	-1.69761E-02	-6.34935E-01	5.92790E-02	7.70288E-01	PRIM
1.63789E-02	1000010010	2.86402E+01	-4.20466E-03	-6.92984E-04	-1.52426E-04	7.04655E-01	6.92984E-01	1.52426E-01	1000010010	2.86402E+01	-1.57462E-02	-1.20433E-02	-2.64901E-03	7.04655E-01	6.92984E-01	1.52426E-01	PRIM
1.90628E-02	1000010010	5.45308E+00	-3.39487E-03	2.35851E-04	9.66085E-04	-1.05134E-01	-2.35851E-01	-9.66085E-01	1000010010	5.45308E+00	-1.39071E-03	4.73183E-03	1.93824E-02	-1.05134E-01	-2.35851E-01	-9.66085E-01	PRIM
1.80325E-02	1000010010	7.77828E+00	-3.69150E-03	-3.54725E-04	-9.15149E-04	1.91502E-01	3.54725E-01	9.15149E-01	1000010010	7.77828E+00	-7.14476E-03	-6.75130E-03	-1.74176E-02	1.91502E-01	3.54725E-01	9.15149E-01	PRIM
1.81767E-02	1000010010	1.01026E+01	-3.64902E-03	-1.52183E-04	-9.77053E-04	1.49019E-01	1.52183E-01	9.77053E-01	1000010010	1.01026E+01	-6.35770E-03	-2.91838E-03	-1.87367E-02	1.49019E-01	1.52183E-01	9.77053E-01	PRIM
1.90186E-02	1000010010	1.23173E+01	-3.40728E-03	9.93994E-04	-5.81240E-05	-9.27206E-02	-9.93994E-01	5.81240E-02	1000010010	1.23173E+01	-1.64387E-03	1.98983E-02	-1.16356E-03	-9.27206E-02	-9.93994E-01	5.81240E-02	PRIM
1.82774E-02	1000010010	8.36403E+00	-3.61953E-03	6.39232E-04	7.59667E-04	1.19534E-01	-6.39232E-01	-7.59667E-01	1000010010	8.36403E+00	-5.80431E-03	1.23228E-02	1.46444E-02	1.19534E-01	-6.39232E-01	-7.59667E-01	PRIM
1.92505E-02	1000010010	1.87648E+01	-3.34250E-03	-7.66856E-05	9.84435E-04	-1.57520E-01	7.66933E-02	-9.84533E-01	1000010010	1.87648E+01	-3.10163E-04	-1.55307E-03	1.99372E-02	-1.57520E-01	7.66933E-02	-9.84533E-01	PRIM
2.00726E-02	1000010010	7.41223E+00	-3.11829E-03	-5.39908E-05	-9.22705E-04	-3.81707E-01	5.39908E-02	9.22705E-01	1000010010	7.41223E+00	4.54356E-03	-1.13773E-03	-1.94438E-02	-3.81707E-01	5.39908E-02	9.22705E-01	PRIM
2.03405E-02	1000010010	5.94513E+00	-3.04703E-03	-7.75566E-05	8.88145E-04	-4.52972E-01	7.75566E-02	-8.88145E-01	1000010010	5.94513E+00	6.16665E-03	-1.65510E-03	1.89534E-02	-4.52972E-01	7.75566E-02	-8.88145E-01	PRIM
1.92457E-02	1000010010	3.70609E+01	-3.34382E-03	4.67915E-04	8.69750E-04	-1.56192E-01	-4.67962E-01	-8.69837E-01	1000010010	3.70609E+01	-3.37793E-04	9.47418E-03	1.76104E-02	-1.56192E-01	-4.67962E-01	-8.69837E-01	PRIM
2.02560E-02	1000010010	8.02550E+00	-3.06941E-03	-6.98177E-04	5.71959E-04	-4.30595E-01	6.98177E-01	-5.71959E-01	1000010010	8.02550E+00	5.65274E-03	-1.48405E-02	1.21576E-02	-4.30595E-01	6.98177E-01	-5.71959E-01	PRIM
2.01089E-02	1000010010	9.60663E+00	-3.10865E-03	-1.55600E-04	9.06882E-04	-3.91387E-01	1.55615E-01	-9.06973E-01	1000010010	9.60663E+00	4.76172E-03	-3.28486E-03	1.91451E-02	-3.91387E-01	1.55615E-01	-9.06973E-01	PRIM
1.70295E-02	1000010010	1.83751E+01	-3.99671E-03	-7.13862E-04	4.93638E-04	4.96711E-01	7.13862E-01	-4.93638E-01	1000010010	1.83751E+01	-1.24554E-02	-1.28706E-02	8.90004E-03	4.96711E-01	7.13862E-01	-4.93638E-01	PRIM
1.92276E-02	1000010010	6.04814E+00	-3.34883E-03	-8.29190E-05	9.85025E-04	-1.51166E-01	8.29190E-02	-9.85025E-01	1000010010	6.04814E+00	-4.42289E-04	-1.67725E-03	1.99246E-02	-1.51166E-01	8.29190E-02	-9.85025E-01	PRIM
1.61661E-02	1000010010	1.23620E+01	-4.27458E-03	-3.79605E-06	6.32463E-04	7.74581E-01	3.79605E-03	-6.32463E-01	1000010010	1.23620E+01	-1.67965E-02	-6.51633E-05	1.08569E-02	7.74581E-01	3.79605E-03	-6.32463E-01	PRIM
1.57778E-02	1000010010	8.85517E+00	-4.40474E-03	-8.87863E-05	4.16603E-04	9.04743E-01	8.87863E-02	-4.16603E-01	1000010010	8.85517E+00	-1.86796E-02	-1.48963E-03	6.98966E-03	9.04743E-01	8.87863E-02	-4.16603E-01	PRIM
1.91101E-02	1000010010	5.28122E+00	-3.38166E-03	2.33032E-04	-9.65138E-04	-1.18354E-01	-2.33055E-01	9.65235E-01	1000010010	5.28122E+00	-1.11991E-03	4.68673E-03	-1.94108E-02	-1.18354E-01	-2.33055E-01	9.65235E-01	PRIM
1.78353E-02	1000010010	9.47991E+00	-3.75015E-03	8.67211E-04	-4.30314E-04	2.50175E-01	-8.67298E-01	4.30357E-01	1000010010	9.47991E+00	-8.21210E-03	1.63357E-02	-8.10586E-03	2.50175E-01	-8.67298E-01	4.30357E-01	PRIM
1.90778E-02	1000010010	7.68730E+00	-3.39064E-03	-2.97508E-04	-9.48436E-04	-1.09356E-01	2.97508E-01	9.48436E-01	1000010010	7.68730E+00	-1.30437E-03	-5.97331E-03	-1.90425E-02	-1.09356E-01	2.97508E-01	9.48436E-01	PRIM
2.19349E-02	1000010010	1.27445E+01	-2.63880E-03	-4.93656E-04	1.21020E-04	-8.61196E-01	4.93656E-01	-1.21020E-01	1000010010	1.27445E+01	1.62514E-02	-1.13220E-02	2.77559E-03	-8.61196E-01	4.93656E-01	-1.21020E-01	PRIM
2.11507E-02	1000010010	6.40908E+00	-2.83635E-03	7.47997E-04	8.55141E-06	-6.63647E-01	-7.47997E-01	-8.55141E-03	1000010010	6.40908E+00	1.12002E-02	1.65686E-02	1.89419E-04	-6.63647E-01	-7.47997E-01	-8.55141E-03	PRIM
2.24774E-02	1000010010	6.16074E+00	-2.50549E-03	1.00236E-04	3.01774E-05	-9.94506E-01	-1.00236E-01	-3.01774E-02	1000010010	6.16074E+00	1.98484E-02	2.35328E-03	7.08487E-04	-9.94506E-01	-1.00236E-01	-3.01774E-02	PRIM
1.78895E-02	1000010010	1.56709E+01	-3.73396E-03	8.76259E-04	4.21226E-04	2.33962E-01	-8.76259E-01	-4.21226E-01	1000010010	1.56709E+01	-7.91944E-03	1.65521E-02	7.95675E-03	2.33962E-01	-8.76259E-01	-4.21226E-01	PRIM
1.87975E-02	1000010010	1.72188E+01	-3.46975E-03	-1.61139E-04	9.86468E-04	-3.02549E-02	1.61139E-01	-9.86468E-01	1000010010	1.72188E+01	-2.90103E-03	-3.19015E-03	1.95296E-02	-3.02549E-02	1.61139E-01	-9.86468E-01	PRIM
2.08362E-02	1000010010	6.28120E+00	-2.91728E-03	4.64837E-04	6.66607E-04	-5.82719E-01	-4.64837E-01	-6.66607E-01	1000010010	6.28120E+00	9.22438E-03	1.01503E-02	1.45562E-02	-5.82719E-01	-4.64837E-01	-6.66607E-01	PRIM
1.77136E-02	1000010010	1.03757E+01	-3.78667E-03	-7.95303E-04	5.34145E-04	2.86675E-01	7.95303E-01	-5.34145E-01	1000010010	1.03757E+01	-8.86470E-03	-1.48829E-02	9.99575E-03	2.86675E-01	7.95303E-01	-5.34145E-01	PRIM
1.74032E-02	1000010010	6.57742E+00	-3.88094E-03	-8.06313E-04	-4.52491E-04	3.80935E-01	8.06313E-01	4.52491E-01	1000010010	6.57742E+00	-1.05104E-02	-1.48387E-02	-8.32727E-03	3.80935E-01	8.06313E-01	4.52491E-01	PRIM
1.58393E-02	1000010010	6.57641E+00	-4.38382E-03	4.59564E-04	8.63578E-05	8.83911E-01	-4.59610E-01	-8.63664E-02	1000010010	6.57641E+00	-1.83844E-02	7.73948E-03	1.45434E-03	8.83911E-01	-4.59610E-01	-8.63664E-02	PRIM
1.87498E-02	1000010010	1.45837E+01	-3.48335E-03	2.87106E-04	-9.57650E-04	-1.66540E-02	-2.87135E-01	9.57745E-01	1000010010	1.45837E+01	-3.17109E-03	5.67084E-03	-1.89152E-02	-1.66540E-02	-2.87135E-01	9.57745E-01	PRIM
1.97020E-02	1000010010	1.62190E+01	-3.21829E-03	-1.97684E-04	9.38916E-04	-2.81706E-01	1.97684E-01	-9.38916E-01	1000010010	1.62190E+01	2.33189E-03	-4.09246E-03	1.94374E-02	-2.81706E-01	1.97684E-01	-9.38916E-01	PRIM
1.92980E-02	1000010010	3.59627E+01	-3.32928E-03	-2.69543E-05	9.84951E-04	-1.70720E-01	2.69543E-02	-9.84951E-01	1000010010	3.59627E+01	-3.47428E-05	-5.47116E-04	1.99925E-02	-1.70720E-01	2.69543E-02	-9.84951E-01	PRIM
1.74243E-02	1000010010	5.57341E+00	-3.87447E-03	-8.09761E-04	4.51511E-04	3.74504E-01	8.09842E-01	-4.51556E-01	1000010010	5.57341E+00	-1.03999E-02	-1.49207E-02	8.31955E-03	3.74504E-01	8.09842E-01	-4.51556E-01	PRIM
1.82774E-02	1000010010	8.79045E+00	-3.61953E-03	6.39232E-04	7.59667E-04	1.19534E-01	-6.39232E-01	-7.59667E-01	1000010010	8.79045E+00	-5.80431E-03	1.23228E-02	1.46444E-02	1.19534E-01	-6.39232E-01	-7.59667E-01	PRIM
1.98814E-02	1000010010	4.09404E+01	-3.16969E-03	3.11581E-04	8.90960E-04	-3.30314E-01	-3.11581E-01	-8.90960E-01	1000010010	4.09404E+01	3.39740E-03	6.50623E-03	1.86045E-02	-3.30314E-01	-3.11581E-01	-8.90960E-01	PRIM
1.77085E-02	1000010010	1.26241E+01	-3.78821E-03	-2.28965E-04	9.29682E-04	2.88241E-01	2.28988E-01	-9.29775E-01	1000010010	1.26241E+01	-8.89251E-03	-4.28399E-03	1.73946E-02	2.88241E-01	2.28988E-01	-9.29775E-01	PRIM
1.77085E-02	1000010010	1.30254E+01	-3.78821E-03	-2.28965E-04	9.29682E-04	2.88241E-01	2.28988E-01	-9.29775E-01	1000010010	1.30254E+01	-8.89251E-03	-4.28399E-03	1.73946E-02	2.88241E-01	2.28988E-01	-9.29775E-01	PRIM
1.98450E-02	1000010010	2.97819E+01	-3.17951E-03	2.94344E-04	9.00360E-04	-3.20491E-01	-2.94344E-01	-9.00360E-01	1000010010	2.97819E+01	3.18063E-03	6.13561E-03	1.87680E-02	-3.20491E-01	-2.94344E-01	-9.00360E-01	PRIM
1.78368E-02	1000010010	1.06850E+01	-3.74971E-03	-9.57421E-04	-1.44880E-04	2.49710E-01	9.57421E-01	1.44880E-01	1000010010	1.06850E+01	-8.20372E-03	-1.80347E-02	-2.72908E-03	2.49710E-01	9.57421E-01	1.44880E-01	PRIM
1.90585E-02	1000010010	8.01455E+00	-3.39607E-03	-3.34395E-04	9.36684E-04	-1.03933E-01	3.34395E-01	-9.36684E-01	1000010010	8.01455E+00	-1.41526E-03	-6.70747E-03	1.87885E-02	-1.03933E-01	3.34395E-01	-9.36684E-01	PRIM
1.93285E-02	1000010010	8.98837E+00	-3.32081E-03	-1.72134E-04	9.68638E-04	-1.79192E-01	1.72134E-01	-9.68638E-01	1000010010	8.98837E+00	1.42708E-04	-3.49922E-03	1.96910E-02	-1.79192E-01	1.72134E-01	-9.68638E-01	PRIM
2.02068E-02	1000010010	6.40655E+00	-3.08248E-03	4.43068E-04	7.93326E-04	-4.17521E-01	-4.43068E-01	-7.93326E-01	1000010010	6.40655E+00	5.35430E-03	9.39608E-03	1.68239E-02	-4.17521E-01	-4.43068E-01	-7.93326E-01	PRIM
1.85575E-02	1000010010	1.12162E+01	-3.53839E-03	3.54539E-04	-9.34253E-04	3.83902E-02	-3.54539E-01	9.34253E-01	1000010010	1.12162E+01	-4.25081E-03	6.93388E-03	-1.82716E-02	3.83902E-02	-3.54539E-01	9.34253E-01	PRIM
1.60487E-02	1000010010	6.76638E+00	-4.31358E-03	-1.94751E-04	5.47863E-04	8.13584E-01	1.94751E-01	-5.47863E-01	1000010010	6.76638E+00	-1.73705E-02	-3.32025E-03	9.34032E-03	8.13584E-01	1.94751E-01	-5.47863E-01	PRIM
1.95100E-02	1000010010	8.93038E+00	-3.27076E-03	1.82914E-05	9.73199E-04	-2.29236E-01	-1.82914E-02	-9.73199E-01	1000010010	8.93038E+00	1.20164E-03	3.75158E-04	1.99603E-02	-2.29236E-01	-1.82914E-02	-9.73199E-01	PRIM
2.07803E-02	1000010010	5.73033E+00	-2.93179E-03	6.41825E-04	-5.14972E-04	-5.68212E-01	-6.41825E-01	5.14972E-01	1000010010	5.73033E+00	8.87583E-03	1.39791E-02	-1.12162E-02	-5.68212E-01	-6.41825E-01	5.14972E-01	PRIM
1.72851E-02	1000010010	3.14490E+01	-3.91723E-03	-8.79631E-04	-2.27961E-04	4.17275E-01	8.79719E-01	2.27984E-01	1000010010	3.14490E+01	-1.11299E-02	-1.60856E-02	-4.16868E-03	4.17275E-01	8.79719E-01	2.27984E-01	PRIM
1.97560E-02	1000010010	7.00770E+00	-3.20368E-03	3.10962E-04	9.02938E-04	-2.96350E-01	-3.10993E-01	-9.03028E-01	1000010010	7.00770E+00	2.65100E-03	6.45494E-03	1.87432E-02	-2.96350E-01	-3.10993E-01	-9.03028E-01	PRIM
1.72851E-02	1000010010	1.70122E+01	-3.91723E-03	-8.79631E-04	-2.27961E-04	4.17275E-01	8.79719E-01	2.27984E-01	1000010010	1.70122E+01	-1.11299E-02	-1.60856E-02	-4.16868E-03	4.17275E-01	8.79719E-01	2.27984E-01	PRIM
2.02042E-02	1000010010	1.62557E+01	-3.08319E-03	9.07614E-04	5.00403E-05	-4.16812E-01	-9.07614E-01	-5.00403E-02	1000010010	1.62557E+01	5.33815E-03	1.92452E-02	1.06106E-03	-4.16812E-01	-9.07614E-01	-5.00403E-02	PRIM
2.06900E-02	1000010010	7.88350E+00	-2.95527E-03	-6.37867E-04	-5.44424E-04	-5.44728E-01	6.37867E-01	5.44424E-01	1000010010	7.88350E+00	8.31514E-03	-1.38353E-02	-1.18085E-02	-5.44728E-01	6.37867E-01	5.44424E-01	PRIM
1.83541E-02	1000010010	7.14419E+00	-3.59721E-03	5.17495E-04	8.50146E-04	9.72149E-02	-5.17495E-01	-8.50146E-01	1000010010	7.14419E+00	-5.38150E-03	1.00156E-02	1.64538E-02	9.72149E-02	-5.17495E-01	-8.50146E-01	PRIM
1.85575E-02	1000010010	1.91614E+01	-3.53839E-03	3.54539E-04	-9.34253E-04	3.83902E-02	-3.54539E-01	9.34253E-01	1000010010	1.91614E+01	-4.25081E-03	6.93388E-03	-1.82716E-02	3.83902E-02	-3.54539E-01	9.34253E-01	PRIM
2.13188E-02	1000010010	1.06432E+01	-2.79360E-03	-3.44491E-04	-6.18163E-04	-7.06470E-01	3.44526E-01	6.18225E-01	1000010010	1.06432E+01	1.22675E-02	-7.68935E-03	-1.37980E-02	-7.06470E-01	3.44526E-01	6.18225E-01	PRIM
1.70958E-02	1000010010	1.53029E+01	-3.97596E-03	-8.63410E-04	1.66692E-04	4.76006E-01	8.63497E-01	-1.66709E-01	1000010010	1.53029E+01	-1.21137E-02	-1.56256E-02	3.01672E-03	4.76006E-01	8.63497E-01	-1.66709E-01	PRIM
1.78826E-02	1000010010	5.11013E+01	-3.73603E-03	9.46095E-04	-2.21800E-04	2.36027E-01	-9.46095E-01	2.21800E-01	1000010010	5.11013E+01	-7.95680E-03	1.78647E-02	-4.18816E-03	2.36027E-01	-9.46095E-01	2.21800E-01	PRIM
1.71579E-02	1000010010	7.30773E+00	-3.95664E-03	-5.54243E-04	6.95912E-04	4.56641E-01	5.54243E-01	-6.95912E-01	1000010010	7.30773E+00	-1.17916E-02	-1.00639E-02	1.26363E-02	4.56641E-01	5.54243E-01	-6.95912E-01	PRIM
1.55875E-02	1000010010	1.14916E+01	-4.46978E-03	-1.36463E-04	-2.02269E-04	9.69776E-01	1.36463E-01	2.02269E-01	1000010010	1.14916E+01	-1.95862E-02	-2.26358E-03	-3.35515E-03	9.69776E-01	1.36463E-01	2.02269E-01	PRIM
2.00051E-02	1000010010	5.43294E+00	-3.13639E-03	-8.19868E-04	-4.42269E-04	-3.63613E-01	8.19868E-01	4.42269E-01	1000010010	5.43294E+00	4.13773E-03	-1.72214E-02	-9.28990E-03	-3.63613E-01	8.19868E-01	4.42269E-01	PRIM
1.61661E-02	1000010010	5.83652E+00	-4.27458E-03	-3.79605E-06	6.32463E-04	7.74581E-01	3.79605E-03	-6.32463E-01	1000010010	5.83652E+00	-1.67965E-02	-6.51633E-05	1.08569E-02	7.74581E-01	3.79605E-03	-6.32463E-01	PRIM
1.92980E-02	1000010010	1.17901E+01	-3.32928E-03	-2.69543E-05	9.84951E-04	-1.70720E-01	2.69543E-02	-9.84951E-01	1000010010	1.17901E+01	-3.47428E-05	-5.47116E-04	1.99925E-02	-1.70720E-01	2.69543E-02	-9.84951E-01	PRIM
1.90186E-02	1000010010	6.89268E+00	-3.40728E-03	9.93994E-04	-5.81240E-05	-9.27206E-02	-9.93994E-01	5.81240E-02	1000010010	6.89268E+00	-1.64387E-03	1.98983E-02	-1.16356E-03	-9.27206E-02	-9.93994E-01	5.81240E-02	PRIM
1.74536E-02	1000010010	5.12088E+00	-3.86550E-03	8.16610E-05	-9.27221E-04	3.65504E-01	-8.16610E-02	9.27221E-01	1000010010	5.12088E+00	-1.02449E-02	1.50694E-03	-1.71106E-02	3.65504E-01	-8.16610E-02	9.27221E-01	PRIM
1.92848E-02	1000010010	5.79569E+00	-3.33292E-03	1.82019E-05	9.85774E-04	-1.67085E-01	-1.82019E-02	-9.85774E-01	1000010010	5.79569E+00	-1.10708E-04	3.69223E-04	1.99963E-02	-1.67085E-01	-1.82019E-02	-9.85774E-01	PRIM
1.59348E-02	1000010010	1.03899E+01	-4.35168E-03	5.05249E-04	1.39181E-04	8.51676E-01	-5.05249E-01	-1.39181E-01	1000010010	1.03899E+01	-1.79230E-02	8.55631E-03	2.35700E-03	8.51676E-01	-5.05249E-01	-1.39181E-01	PRIM
1.62670E-02	1000010010	1.32357E+01	-4.24130E-03	-3.02594E-04	5.99094E-04	7.41298E-01	3.02594E-01	-5.99094E-01	1000010010	1.32357E+01	-1.63000E-02	-5.22490E-03	1.03446E-02	7.41298E-01	3.02594E-01	-5.99094E-01	PRIM
1.69518E-02	1000010010	6.34998E+00	-4.02109E-03	-3.41449E-04	7.82101E-04	5.21138E-01	3.41483E-01	-7.82179E-01	1000010010	6.34998E+00	-1.28553E-02	-6.13020E-03	1.40414E-02	5.21138E-01	3.41483E-01	-7.82179E-01	PRIM
1.77136E-02	1000010010	5.53044E+00	-3.78667E-03	-7.95303E-04	5.34145E-04	2.86675E-01	7.95303E-01	-5.34145E-01	1000010010	5.53044E+00	-8.86470E-03	-1.48829E-02	9.99575E-03	2.86675E-01	7.95303E-01	-5.34145E-01	PRIM
1.97975E-02	1000010010	1.01923E+01	-3.19238E-03	6.11340E-04	-7.29131E-04	-3.07621E-01	-6.11340E-01	7.29131E-01	1000010010	1.01923E+01	2.89773E-03	1.27143E-02	-1.51641E-02	-3.07621E-01	-6.11340E-01	7.29131E-01	PRIM
1.78846E-02	1000010010	5.62661E+00	-3.73544E-03	-4.46232E-05	9.70761E-04	2.35463E-01	4.46277E-02	-9.70858E-01	1000010010	5.62661E+00	-7.94659E-03	-8.42770E-04	1.83342E-02	2.35463E-01	4.46277E-02	-9.70858E-01	PRIM
2.03405E-02	1000010010	1.06552E+01	-3.04703E-03	-7.75566E-05	8.88145E-04	-4.52972E-01	7.75566E-02	-8.88145E-01	1000010010	1.06552E+01	6.16665E-03	-1.65510E-03	1.89534E-02	-4.52972E-01	7.75566E-02	-8.88145E-01	PRIM
2.07201E-02	1000010010	5.18223E+00	-2.94751E-03	2.67855E-04	-7.89184E-04	-5.52543E-01	-2.67882E-01	7.89263E-01	1000010010	5.18223E+00	8.50123E-03	5.81840E-03	-1.71428E-02	-5.52543E-01	-2.67882E-01	7.89263E-01	PRIM
1.69393E-02	1000010010	1.06593E+01	-4.02504E-03	6.56152E-04	-5.42034E-04	5.25037E-01	-6.56152E-01	5.42034E-01	1000010010	1.06593E+01	-1.29188E-02	1.17709E-02	-9.72372E-03	5.25037E-01	-6.56152E-01	5.42034E-01	PRIM
1.88874E-02	1000010010	5.94669E+00	-3.44428E-03	8.65937E-04	4.97040E-04	-5.57218E-02	-8.65937E-01	-4.97040E-01	1000010010	5.94669E+00	-2.39184E-03	1.72212E-02	9.88481E-03	-5.57218E-02	-8.65937E-01	-4.97040E-01	PRIM
1.55875E-02	1000010010	6.80669E+00	-4.46978E-03	-1.36463E-04	-2.02269E-04	9.69776E-01	1.36463E-01	2.02269E-01	1000010010	6.80669E+00	-1.95862E-02	-2.26358E-03	-3.35515E-03	9.69776E-01	1.36463E-01	2.02269E-01	PRIM
1.96848E-02	1000010010	2.09159E+01	-3.22299E-03	9.01130E-04	3.33508E-04	-2.77014E-01	-9.01130E-01	-3.33508E-01	1000010010	2.09159E+01	2.22998E-03	1.86397E-02	6.89854E-03	-2.77014E-01	-9.01130E-01	-3.33508E-01	PRIM
1.80915E-02	1000010010	1.27993E+01	-3.67408E-03	-5.20815E-04	8.35732E-04	1.74081E-01	5.20815E-01	-8.35732E-01	1000010010	1.27993E+01	-6.82346E-03	-9.94315E-03	1.59554E-02	1.74081E-01	5.20815E-01	-8.35732E-01	PRIM
1.74243E-02	1000010010	1.04083E+01	-3.87447E-03	-8.09761E-04	4.51511E-04	3.74504E-01	8.09842E-01	-4.51556E-01	1000010010	1.04083E+01	-1.03999E-02	-1.49207E-02	8.31955E-03	3.74504E-01	8.09842E-01	-4.51556E-01	PRIM
2.02068E-02	1000010010	1.07803E+01	-3.08248E-03	4.43068E-04	7.93326E-04	-4.17521E-01	-4.43068E-01	-7.93326E-01	1000010010	1.07803E+01	5.35430E-03	9.39608E-03	1.68239E-02	-4.17521E-01	-4.43068E-01	-7.93326E-01	PRIM
1.84974E-02	1000010010	5.73931E+00	-3.55568E-03	8.16347E-05	9.95106E-04	5.56818E-02	-8.16347E-02	-9.95106E-01	1000010010	5.73931E+00	-4.58565E-03	1.59167E-03	1.94020E-02	5.56818E-02	-8.16347E-02	-9.95106E-01	PRIM
1.84974E-02	1000010010	1.27641E+01	-3.55568E-03	8.16347E-05	9.95106E-04	5.56818E-02	-8.16347E-02	-9.95106E-01	1000010010	1.27641E+01	-4.58565E-03	1.59167E-03	1.94020E-02	5.56818E-02	-8.16347E-02	-9.95106E-01	PRIM
1.62670E-02	1000010010	6.71108E+00	-4.24130E-03	-3.02594E-04	5.99094E-04	7.41298E-01	3.02594E-01	-5.99094E-01	1000010010	6.71108E+00	-1.63000E-02	-5.22490E-03	1.03446E-02	7.41298E-01	3.02594E-01	-5.99094E-01	PRIM
2.00726E-02	1000010010	8.76150E+00	-3.11829E-03	-5.39908E-05	-9.22705E-04	-3.81707E-01	5.39908E-02	9.22705E-01	1000010010	8.76150E+00	4.54356E-03	-1.13773E-03	-1.94438E-02	-3.81707E-01	5.39908E-02	9.22705E-01	PRIM
1.94455E-02	1000010010	7.70198E+00	-3.28852E-03	1.65341E-04	-9.63296E-04	-2.11480E-01	-1.65341E-01	9.63296E-01	1000010010	7.70198E+00	8.23808E-04	3.38048E-03	-1.96950E-02	-2.11480E-01	-1.65341E-01	9.63296E-01	PRIM
1.91748E-02	1000010010	1.30035E+01	-3.36354E-03	7.57061E-04	-6.38935E-04	-1.36461E-01	-7.57061E-01	6.38935E-01	1000010010	1.30035E+01	-7.46927E-04	1.52735E-02	-1.28904E-02	-1.36461E-01	-7.57061E-01	6.38935E-01	PRIM
1.83625E-02	1000010010	8.81543E+00	-3.59476E-03	-4.06447E-04	9.08747E-04	9.47600E-02	4.06447E-01	-9.08747E-01	1000010010	8.81543E+00	-5.33479E-03	-7.86983E-03	1.75956E-02	9.47600E-02	4.06447E-01	-9.08747E-01	PRIM
1.82478E-02	1000010010	6.60344E+01	-3.62820E-03	-7.38311E-04	6.62163E-04	1.28204E-01	7.38311E-01	-6.62163E-01	1000010010	6.60344E+01	-5.96764E-03	-1.42108E-02	1.27452E-02	1.28204E-01	7.38311E-01	-6.62163E-01	PRIM
2.05155E-02	1000010010	7.62669E+00	-3.00092E-03	-7.73194E-04	3.91265E-04	-4.99082E-01	7.73194E-01	-3.91265E-01	1000010010	7.62669E+00	7.23798E-03	-1.66356E-02	8.41826E-03	-4.99082E-01	7.73194E-01	-3.91265E-01	PRIM
1.57348E-02	1000010010	5.55927E+00	-4.41934E-03	-3.29651E-04	2.14817E-04	9.19339E-01	3.29651E-01	-2.14817E-01	1000010010	5.55927E+00	-1.88850E-02	-5.51666E-03	3.59493E-03	9.19339E-01	3.29651E-01	-2.14817E-01	PRIM
1.90781E-02	1000010010	6.57669E+00	-3.39056E-03	8.72074E-04	4.76981E-04	-1.09437E-01	-8.72074E-01	-4.76981E-01	1000010010	6.57669E+00	-1.30271E-03	1.75096E-02	9.57687E-03	-1.09437E-01	-8.72074E-01	-4.76981E-01	PRIM
2.16347E-02	1000010010	6.24203E+00	-2.71383E-03	5.81017E-04	-2.10148E-04	-7.86245E-01	-5.81075E-01	2.10169E-01	1000010010	6.24203E+00	1.42963E-02	1.31524E-02	-4.75709E-03	-7.86245E-01	-5.81075E-01	2.10169E-01	PRIM
1.93564E-02	1000010010	6.46853E+00	-3.31311E-03	5.72985E-04	-7.97972E-04	-1.86892E-01	-5.72985E-01	7.97972E-01	1000010010	6.46853E+00	3.04442E-04	1.16639E-02	-1.62438E-02	-1.86892E-01	-5.72985E-01	7.97972E-01	PRIM
1.93741E-02	1000010010	6.03532E+00	-3.30821E-03	5.50882E-04	-8.12247E-04	-1.91791E-01	-5.50882E-01	8.12247E-01	1000010010	6.03532E+00	4.07560E-04	1.12237E-02	-1.65488E-02	-1.91791E-01	-5.50882E-01	8.12247E-01	PRIM
1.93759E-02	1000010010	5.98293E+01	-3.30771E-03	1.90404E-04	-9.62690E-04	-1.92286E-01	-1.90404E-01	9.62690E-01	1000010010	5.98293E+01	4.18002E-04	3.87964E-03	-1.96156E-02	-1.92286E-01	-1.90404E-01	9.62690E-01	PRIM
2.01274E-02	1000010010	2.98142E+02	-3.10364E-03	5.09461E-04	-7.63772E-04	-3.96361E-01	-5.09461E-01	7.63772E-01	1000010010	2.98142E+02	4.87409E-03	1.07636E-02	-1.61365E-02	-3.96361E-01	-5.09461E-01	7.63772E-01	PRIM
2.02619E-02	1000010010	7.99319E+00	-3.06785E-03	-1.92957E-04	-8.80918E-04	-4.32147E-01	1.92957E-01	8.80918E-01	1000010010	7.99319E+00	5.68826E-03	-4.10263E-03	-1.87300E-02	-4.32147E-01	1.92957E-01	8.80918E-01	PRIM
1.92276E-02	1000010010	9.84060E+00	-3.34883E-03	-8.29190E-05	9.85025E-04	-1.51166E-01	8.29190E-02	-9.85025E-01	1000010010	9.84060E+00	-4.42289E-04	-1.67725E-03	1.99246E-02	-1.51166E-01	8.29190E-02	-9.85025E-01	PRIM
1.96288E-02	1000010010	1.97243E+01	-3.23824E-03	2.51966E-05	-9.64805E-04	-2.61756E-01	-2.51966E-02	9.64805E-01	1000010010	1.97243E+01	1.89971E-03	5.19776E-04	-1.99028E-02	-2.61756E-01	-2.51966E-02	9.64805E-01	PRIM
1.78368E-02	1000010010	5.46351E+00	-3.74971E-03	-9.57421E-04	-1.44880E-04	2.49710E-01	9.57421E-01	1.44880E-01	1000010010	5.46351E+00	-8.20372E-03	-1.80347E-02	-2.72908E-03	2.49710E-01	9.57421E-01	1.44880E-01	PRIM
1.83687E-02	1000010010	2.79094E+01	-3.59296E-03	7.11563E-04	6.96446E-04	9.29584E-02	-7.11563E-01	-6.96446E-01	1000010010	2.79094E+01	-5.30048E-03	1.37820E-02	1.34893E-02	9.29584E-02	-7.11563E-01	-6.96446E-01	PRIM
2.10386E-02	1000010010	1.08464E+01	-2.86507E-03	-5.92790E-05	-7.70288E-04	-6.34935E-01	5.92790E-02	7.70288E-01	1000010010	1.08464E+01	1.04931E-02	-1.30643E-03	-1.69761E-02	-6.34935E-01	5.92790E-02	7.70288E-01	PRIM
1.64601E-02	1000010010	3.78019E+01	-4.17825E-03	-7.19019E-04	-1.51598E-04	6.78255E-01	7.19019E-01	1.51598E-01	1000010010	3.78019E+01	-1.53424E-02	-1.25541E-02	-2.64691E-03	6.78255E-01	7.19019E-01	1.51598E-01	PRIM
1.74243E-02	1000010010	2.63892E+01	-3.87447E-03	-8.09761E-04	4.51511E-04	3.74504E-01	8.09842E-01	-4.51556E-01	1000010010	2.63892E+01	-1.03999E-02	-1.49207E-02	8.31955E-03	3.74504E-01	8.09842E-01	-4.51556E-01	PRIM
1.58393E-02	1000010010	8.11058E+00	-4.38382E-03	4.59564E-04	8.63578E-05	8.83911E-01	-4.59610E-01	-8.63664E-02	1000010010	8.11058E+00	-1.83844E-02	7.73948E-03	1.45434E-03	8.83911E-01	-4.59610E-01	-8.63664E-02	PRIM
1.83687E-02	1000010010	1.02560E+01	-3.59296E-03	7.11563E-04	6.96446E-04	9.29584E-02	-7.11563E-01	-6.96446E-01	1000010010	1.02560E+01	-5.30048E-03	1.37820E-02	1.34893E-02	9.29584E-02	-7.11563E-01	-6.96446E-01	PRIM
1.78849E-02	1000010010	2.35796E+01	-3.73535E-03	6.32442E-04	-7.37989E-04	2.35348E-01	-6.32442E-01	7.37989E-01	1000010010	2.35796E+01	-7.94452E-03	1.19436E-02	-1.39368E-02	2.35348E-01	-6.32442E-01	7.37989E-01	PRIM
1.78895E-02	1000010010	8.14038E+00	-3.73396E-03	8.76259E-04	4.21226E-04	2.33962E-01	-8.76259E-01	-4.21226E-01	1000010010	8.14038E+00	-7.91944E-03	1.65521E-02	7.95675E-03	2.33962E-01	-8.76259E-01	-4.21226E-01	PRIM
1.74870E-02	1000010010	2.56395E+01	-3.85532E-03	8.20334E-04	4.48106E-04	3.55321E-01	-8.20334E-01	-4.48106E-01	1000010010	2.56395E+01	-1.00688E-02	1.51655E-02	8.28413E-03	3.55321E-01	-8.20334E-01	-4.48106E-01	PRIM
2.13629E-02	1000010010	1.17076E+01	-2.78231E-03	-6.55256E-04	-2.35708E-04	-7.17692E-01	6.55256E-01	2.35708E-01	1000010010	1.17076E+01	1.25496E-02	-1.46534E-02	-5.27111E-03	-7.17692E-01	6.55256E-01	2.35708E-01	PRIM
1.92505E-02	1000010010	5.60567E+00	-3.34250E-03	-7.66856E-05	9.84435E-04	-1.57520E-01	7.66933E-02	-9.84533E-01	1000010010	5.60567E+00	-3.10163E-04	-1.55307E-03	1.99372E-02	-1.57520E-01	7.66933E-02	-9.84533E-01	PRIM
2.17282E-02	1000010010	5.39808E+00	-2.69029E-03	-5.41607E-05	-5.84326E-04	-8.09709E-01	5.41607E-02	5.84326E-01	1000010010	5.39808E+00	1.49033E-02	-1.23098E-03	-1.32807E-02	-8.09709E-01	5.41607E-02	5.84326E-01	PRIM
2.18521E-02	1000010010	8.20073E+00	-2.65938E-03	4.84204E-04	2.42710E-04	-8.40618E-01	-4.84204E-01	-2.42710E-01	1000010010	8.20073E+00	1.57099E-02	1.10651E-02	5.54644E-03	-8.40618E-01	-4.84204E-01	-2.42710E-01	PRIM
1.93285E-02	1000010010	3.43554E+01	-3.32081E-03	-1.72134E-04	9.68638E-04	-1.79192E-01	1.72134E-01	-9.68638E-01	1000010010	3.43554E+01	1.42708E-04	-3.49922E-03	1.96910E-02	-1.79192E-01	1.72134E-01	-9.68638E-01	PRIM
1.93564E-02	1000010010	3.68310E+01	-3.31311E-03	5.72985E-04	-7.97972E-04	-1.86892E-01	-5.72985E-01	7.97972E-01	1000010010	3.68310E+01	3.04442E-04	1.16639E-02	-1.62438E-02	-1.86892E-01	-5.72985E-01	7.97972E-01	PRIM
1.96182E-02	1000010010	1.33300E+01	-3.24113E-03	8.83571E-05	-9.61864E-04	-2.58866E-01	-8.83571E-02	9.61864E-01	1000010010	1.33300E+01	1.83736E-03	1.82177E-03	-1.98319E-02	-2.58866E-01	-8.83571E-02	9.61864E-01	PRIM
1.92505E-02	1000010010	5.36518E+00	-3.34250E-03	-7.66856E-05	9.84435E-04	-1.57520E-01	7.66933E-02	-9.84533E-01	1000010010	5.36518E+00	-3.10163E-04	-1.55307E-03	1.99372E-02	-1.57520E-01	7.66933E-02	-9.84533E-01	PRIM
1.82029E-02	1000010010	7.32378E+00	-3.64134E-03	-7.39662E-04	-6.57969E-04	1.41339E-01	7.39662E-01	6.57969E-01	1000010010	7.32378E+00	-6.21411E-03	-1.42037E-02	-1.26349E-02	1.41339E-01	7.39662E-01	6.57969E-01	PRIM
1.92980E-02	1000010010	6.00740E+01	-3.32928E-03	-2.69543E-05	9.84951E-04	-1.70720E-01	2.69543E-02	-9.84951E-01	1000010010	6.00740E+01	-3.47428E-05	-5.47116E-04	1.99925E-02	-1.70720E-01	2.69543E-02	-9.84951E-01	PRIM
1.91748E-02	1000010010	6.86419E+00	-3.36354E-03	7.57061E-04	-6.38935E-04	-1.36461E-01	-7.57061E-01	6.38935E-01	1000010010	6.86419E+00	-7.46927E-04	1.52735E-02	-1.28904E-02	-1.36461E-01	-7.57061E-01	6.38935E-01	PRIM
1.97084E-02	1000010010	7.86958E+00	-3.21656E-03	-1.04513E-04	-9.53278E-04	-2.83441E-01	1.04513E-01	9.53278E-01	1000010010	7.86958E+00	2.36961E-03	-2.16430E-03	-1.97408E-02	-2.83441E-01	1.04513E-01	9.53278E-01	PRIM
2.11218E-02	1000010010	5.04741E+00	-2.84382E-03	1.33929E-04	7.42489E-04	-6.56246E-01	-1.33942E-01	-7.42564E-01	1000010010	5.04741E+00	1.10173E-02	2.96304E-03	1.64268E-02	-6.56246E-01	-1.33942E-01	-7.42564E-01	PRIM
1.81603E-02	1000010010	6.63474E+00	-3.65383E-03	-1.23531E-04	-9.80345E-04	1.53829E-01	1.23531E-01	9.80345E-01	1000010010	6.63474E+00	-6.44741E-03	-2.36689E-03	-1.87837E-02	1.53829E-01	1.23531E-01	9.80345E-01	PRIM
1.84147E-02	1000010010	7.24474E+00	-3.57960E-03	7.30080E-04	-6.78710E-04	7.96015E-02	-7.30080E-01	6.78710E-01	1000010010	7.24474E+00	-5.04544E-03	1.41743E-02	-1.31770E-02	7.96015E-02	-7.30080E-01	6.78710E-01	PRIM
2.02619E-02	1000010010	1.71009E+01	-3.06785E-03	-1.92957E-04	-8.80918E-04	-4.32147E-01	1.92957E-01	8.80918E-01	1000010010	1.71009E+01	5.68826E-03	-4.10263E-03	-1.87300E-02	-4.32147E-01	1.92957E-01	8.80918E-01	PRIM
1.74870E-02	1000010010	8.02431E+00	-3.85532E-03	8.20334E-04	4.48106E-04	3.55321E-01	-8.20334E-01	-4.48106E-01	1000010010	8.02431E+00	-1.00688E-02	1.51655E-02	8.28413E-03	3.55321E-01	-8.20334E-01	-4.48106E-01	PRIM
1.84148E-02	1000010010	4.42492E+01	-3.57959E-03	7.01108E-04	7.08600E-04	7.95914E-02	-7.01108E-01	-7.08600E-01	1000010010	4.42492E+01	-5.04525E-03	1.36118E-02	1.37573E-02	7.95914E-02	-7.01108E-01	-7.08600E-01	PRIM
1.99960E-02	1000010010	1.17538E+01	-3.13882E-03	3.27677E-04	8.73026E-04	-3.61184E-01	-3.27677E-01	-8.73026E-01	1000010010	1.17538E+01	4.08343E-03	6.87992E-03	1.83301E-02	-3.61184E-01	-3.27677E-01	-8.73026E-01	PRIM
1.98814E-02	1000010010	5.46038E+00	-3.16969E-03	3.11581E-04	8.90960E-04	-3.30314E-01	-3.11581E-01	-8.90960E-01	1000010010	5.46038E+00	3.39740E-03	6.50623E-03	1.86045E-02	-3.30314E-01	-3.11581E-01	-8.90960E-01	PRIM
2.07167E-02	1000010010	7.11849E+00	-2.94831E-03	-3.73949E-04	-7.45520E-04	-5.51690E-01	3.73949E-01	7.45520E-01	1000010010	7.11849E+00	8.48091E-03	-8.12096E-03	-1.61903E-02	-5.51690E-01	3.73949E-01	7.45520E-01	PRIM
1.62670E-02	1000010010	1.14794E+01	-4.24130E-03	-3.02594E-04	5.99094E-04	7.41298E-01	3.02594E-01	-5.99094E-01	1000010010	1.14794E+01	-1.63000E-02	-5.22490E-03	1.03446E-02	7.41298E-01	3.02594E-01	-5.99094E-01	PRIM
1.82029E-02	1000010010	7.70297E+00	-3.64134E-03	-7.39662E-04	-6.57969E-04	1.41339E-01	7.39662E-01	6.57969E-01	1000010010	7.70297E+00	-6.21411E-03	-1.42037E-02	-1.26349E-02	1.41339E-01	7.39662E-01	6.57969E-01	PRIM
2.11527E-02	1000010010	5.04016E+00	-2.83583E-03	-4.17361E-04	-6.20227E-04	-6.64175E-01	4.17361E-01	6.20227E-01	1000010010	5.04016E+00	1.12133E-02	-9.24567E-03	-1.37397E-02	-6.64175E-01	4.17361E-01	6.20227E-01	PRIM
1.87035E-02	1000010010	1.27109E+02	-3.49654E-03	1.25534E-04	9.92083E-04	-3.46441E-03	-1.25534E-01	-9.92083E-01	1000010010	1.27109E+02	-3.43174E-03	2.47345E-03	1.95475E-02	-3.46441E-03	-1.25534E-01	-9.92083E-01	PRIM
2.01058E-02	1000010010	1.22729E+01	-3.10943E-03	-8.93566E-04	2.21350E-04	-3.90569E-01	8.93566E-01	-2.21350E-01	1000010010	1.22729E+01	4.74325E-03	-1.88594E-02	4.67177E-03	-3.90569E-01	8.93566E-01	-2.21350E-01	PRIM
1.88524E-02	1000010010	7.79892E+00	-3.45417E-03	-9.30788E-04	-3.62675E-04	-4.58293E-02	9.30788E-01	3.62675E-01	1000010010	7.79892E+00	-2.59018E-03	-1.84784E-02	-7.19997E-03	-4.58293E-02	9.30788E-01	3.62675E-01	PRIM
2.21751E-02	1000010010	3.25156E+01	-2.57946E-03	2.89899E-04	-2.61853E-04	-9.20539E-01	-2.89899E-01	2.61853E-01	1000010010	3.25156E+01	1.78336E-02	6.71843E-03	-6.06847E-03	-9.20539E-01	-2.89899E-01	2.61853E-01	PRIM
2.00822E-02	1000010010	7.10828E+00	-3.11573E-03	4.36044E-04	8.13756E-04	-3.84275E-01	-4.36044E-01	-8.13756E-01	1000010010	7.10828E+00	4.60136E-03	9.19278E-03	1.71558E-02	-3.84275E-01	-4.36044E-01	-8.13756E-01	PRIM
1.68721E-02	1000010010	6.07669E+00	-4.04625E-03	7.09625E-04	4.45022E-04	5.46249E-01	-7.09625E-01	-4.45022E-01	1000010010	6.07669E+00	-1.32626E-02	1.26825E-02	7.95348E-03	5.46249E-01	-7.09625E-01	-4.45022E-01	PRIM
2.20193E-02	1000010010	7.81076E+00	-2.61800E-03	4.58158E-04	1.09359E-04	-8.82093E-01	-4.58204E-01	-1.09370E-01	1000010010	7.81076E+00	1.68051E-02	1.05475E-02	2.51761E-03	-8.82093E-01	-4.58204E-01	-1.09370E-01	PRIM
1.90203E-02	1000010010	1.06237E+01	-3.40678E-03	-1.46143E-04	9.84862E-04	-9.32193E-02	1.46143E-01	-9.84862E-01	1000010010	1.06237E+01	-1.63372E-03	-2.92584E-03	1.97173E-02	-9.32193E-02	1.46143E-01	-9.84862E-01	PRIM
1.89055E-02	1000010010	6.13515E+00	-3.43914E-03	-2.16455E-05	9.97912E-04	-6.08580E-02	2.16455E-02	-9.97912E-01	1000010010	6.13515E+00	-2.28859E-03	-4.30865E-04	1.98640E-02	-6.08580E-02	2.16455E-02	-9.97912E-01	PRIM
1.93285E-02	1000010010	1.35095E+01	-3.32081E-03	-1.72134E-04	9.68638E-04	-1.79192E-01	1.72134E-01	-9.68638E-01	1000010010	1.35095E+01	1.42708E-04	-3.49922E-03	1.96910E-02	-1.79192E-01	1.72134E-01	-9.68638E-01	PRIM
1.90141E-02	1000010010	1.06550E+01	-3.40855E-03	-1.93619E-04	9.76805E-04	-9.14518E-02	1.93619E-01	-9.76805E-01	1000010010	1.06550E+01	-1.66968E-03	-3.87510E-03	1.95498E-02	-9.14518E-02	1.93619E-01	-9.76805E-01	PRIM
1.59348E-02	1000010010	5.79096E+00	-4.35168E-03	5.05249E-04	1.39181E-04	8.51676E-01	-5.05249E-01	-1.39181E-01	1000010010	5.79096E+00	-1.79230E-02	8.55631E-03	2.35700E-03	8.51676E-01	-5.05249E-01	-1.39181E-01	PRIM
1.82374E-02	1000010010	1.73772E+01	-3.63124E-03	5.02152E-04	-8.54763E-04	1.31236E-01	-5.02152E-01	8.54763E-01	1000010010	1.73772E+01	-6.02465E-03	9.66010E-03	-1.64434E-02	1.31236E-01	-5.02152E-01	8.54763E-01	PRIM
1.67406E-02	1000010010	7.44757E+00	-4.08797E-03	7.78824E-04	-2.18012E-04	5.88024E-01	-7.78902E-01	2.18034E-01	1000010010	7.44757E+00	-1.39319E-02	1.38181E-02	-3.86804E-03	5.88024E-01	-7.78902E-01	2.18034E-01	PRIM
1.94422E-02	1000010010	8.70280E+00	-3.28942E-03	9.70270E-04	-1.19294E-04	-2.10584E-01	-9.70270E-01	1.19294E-01	1000010010	8.70280E+00	8.04805E-04	1.98344E-02	-2.43864E-03	-2.10584E-01	-9.70270E-01	1.19294E-01	PRIM
1.92505E-02	1000010010	1.03380E+01	-3.34250E-03	-7.66856E-05	9.84435E-04	-1.57520E-01	7.66933E-02	-9.84533E-01	1000010010	1.03380E+01	-3.10163E-04	-1.55307E-03	1.99372E-02	-1.57520E-01	7.66933E-02	-9.84533E-01	PRIM
1.83687E-02	1000010010	1.02186E+01	-3.59296E-03	7.11563E-04	6.96446E-04	9.29584E-02	-7.11563E-01	-6.96446E-01	1000010010	1.02186E+01	-5.30048E-03	1.37820E-02	1.34893E-02	9.29584E-02	-7.11563E-01	-6.96446E-01	PRIM
1.71579E-02	1000010010	7.26095E+00	-3.95664E-03	-5.54243E-04	6.95912E-04	4.56641E-01	5.54243E-01	-6.95912E-01	1000010010	7.26095E+00	-1.17916E-02	-1.00639E-02	1.26363E-02	4.56641E-01	5.54243E-01	-6.95912E-01	PRIM
2.02042E-02	1000010010	1.19700E+01	-3.08319E-03	9.07614E-04	5.00403E-05	-4.16812E-01	-9.07614E-01	-5.00403E-02	1000010010	1.19700E+01	5.33815E-03	1.92452E-02	1.06106E-03	-4.16812E-01	-9.07614E-01	-5.00403E-02	PRIM
1.91748E-02	1000010010	1.59939E+01	-3.36354E-03	7.57061E-04	-6.38935E-04	-1.36461E-01	-7.57061E-01	6.38935E-01	1000010010	1.59939E+01	-7.46927E-04	1.52735E-02	-1.28904E-02	-1.36461E-01	-7.57061E-01	6.38935E-01	PRIM
2.00570E-02	1000010010	5.24073E+00	-3.12246E-03	-5.01560E-04	7.78397E-04	-3.77539E-01	5.01560E-01	-7.78397E-01	1000010010	5.24073E+00	4.44985E-03	-1.05614E-02	1.63907E-02	-3.77539E-01	5.01560E-01	-7.78397E-01	PRIM
1.89633E-02	1000010010	5.41445E+00	-3.42282E-03	2.77743E-04	9.57550E-04	-7.71757E-02	-2.77743E-01	-9.57550E-01	1000010010	5.41445E+00	-1.95932E-03	5.54467E-03	1.91159E-02	-7.71757E-02	-2.77743E-01	-9.57550E-01	PRIM
1.91377E-02	1000010010	4.59512E+01	-3.37390E-03	-1.01123E-04	9.86850E-04	-1.26097E-01	1.01123E-01	-9.86850E-01	1000010010	4.59512E+01	-9.60702E-04	-2.03639E-03	1.98729E-02	-1.26097E-01	1.01123E-01	-9.86850E-01	PRIM
1.91377E-02	1000010010	5.60347E+00	-3.37390E-03	-1.01123E-04	9.86850E-04	-1.26097E-01	1.01123E-01	-9.86850E-01	1000010010	5.60347E+00	-9.60702E-04	-2.03639E-03	1.98729E-02	-1.26097E-01	1.01123E-01	-9.86850E-01	PRIM
1.82480E-02	1000010010	1.16387E+01	-3.62814E-03	6.79477E-04	-7.22420E-04	1.28145E-01	-6.79477E-01	7.22420E-01	1000010010	1.16387E+01	-5.96653E-03	1.30785E-02	-1.39051E-02	1.28145E-01	-6.79477E-01	7.22420E-01	PRIM
2.07201E-02	1000010010	6.99045E+00	-2.94751E-03	2.67855E-04	-7.89184E-04	-5.52543E-01	-2.67882E-01	7.89263E-01	1000010010	6.99045E+00	8.50123E-03	5.81840E-03	-1.71428E-02	-5.52543E-01	-2.67882E-01	7.89263E-01	PRIM
1.77353E-02	1000010010	7.15158E+00	-3.78012E-03	7.70043E-04	-5.73209E-04	2.80119E-01	-7.70043E-01	5.73209E-01	1000010010	7.15158E+00	-8.74812E-03	1.44270E-02	-1.07393E-02	2.80119E-01	-7.70043E-01	5.73209E-01	PRIM
1.99414E-02	1000010010	1.07453E+01	-3.15350E-03	-9.30277E-04	1.20505E-04	-3.46501E-01	9.30277E-01	-1.20505E-01	1000010010	1.07453E+01	3.75622E-03	-1.94813E-02	2.52354E-03	-3.46501E-01	9.30277E-01	-1.20505E-01	PRIM
2.01274E-02	1000010010	2.55926E+01	-3.10364E-03	5.09461E-04	-7.63772E-04	-3.96361E-01	-5.09461E-01	7.63772E-01	1000010010	2.55926E+01	4.87409E-03	1.07636E-02	-1.61365E-02	-3.96361E-01	-5.09461E-01	7.63772E-01	PRIM
1.93841E-02	1000010010	8.25851E+00	-3.30545E-03	8.16777E-04	5.43162E-04	-1.94552E-01	-8.16777E-01	-5.43162E-01	1000010010	8.25851E+00	4.65756E-04	1.66492E-02	1.10718E-02	-1.94552E-01	-8.16777E-01	-5.43162E-01	PRIM
1.80576E-02	1000010010	2.04790E+01	-3.68408E-03	3.71867E-04	9.09851E-04	1.84080E-01	-3.71867E-01	-9.09851E-01	1000010010	2.04790E+01	-7.00812E-03	7.08690E-03	1.73396E-02	1.84080E-01	-3.71867E-01	-9.09851E-01	PRIM
1.76715E-02	1000010010	1.06438E+01	-3.79934E-03	-9.02820E-04	-3.08727E-04	2.99339E-01	9.02820E-01	3.08727E-01	1000010010	1.06438E+01	-9.08912E-03	-1.68570E-02	-5.76441E-03	2.99339E-01	9.02820E-01	3.08727E-01	PRIM
1.71762E-02	1000010010	9.53607E+00	-3.95096E-03	-3.30738E-04	8.29003E-04	4.50961E-01	3.30738E-01	-8.29003E-01	1000010010	9.53607E+00	-1.16967E-02	-6.01154E-03	1.50681E-02	4.50961E-01	3.30738E-01	-8.29003E-01	PRIM
1.89055E-02	1000010010	6.32421E+00	-3.43914E-03	-2.16455E-05	9.97912E-04	-6.08580E-02	2.16455E-02	-9.97912E-01	1000010010	6.32421E+00	-2.28859E-03	-4.30865E-04	1.98640E-02	-6.08580E-02	2.16455E-02	-9.97912E-01	PRIM
1.71742E-02	1000010010	6.38578E+00	-3.95158E-03	-6.28450E-04	6.33346E-04	4.51578E-01	6.28450E-01	-6.33346E-01	1000010010	6.38578E+00	-1.17071E-02	-1.14216E-02	1.15105E-02	4.51578E-01	6.28450E-01	-6.33346E-01	PRIM
1.93759E-02	1000010010	7.09007E+00	-3.30771E-03	1.90404E-04	-9.62690E-04	-1.92286E-01	-1.90404E-01	9.62690E-01	1000010010	7.09007E+00	4.18002E-04	3.87964E-03	-1.96156E-02	-1.92286E-01	-1.90404E-01	9.62690E-01	PRIM
2.07490E-02	1000010010	5.70786E+00	-2.93993E-03	-6.39588E-04	-5.26541E-04	-5.60073E-01	6.39588E-01	5.26541E-01	1000010010	5.70786E+00	8.68099E-03	-1.39104E-02	-1.14517E-02	-5.60073E-01	6.39588E-01	5.26541E-01	PRIM
1.78826E-02	1000010010	6.32645E+00	-3.73603E-03	9.46095E-04	-2.21800E-04	2.36027E-01	-9.46095E-01	2.21800E-01	1000010010	6.32645E+00	-7.95680E-03	1.78647E-02	-4.18816E-03	2.36027E-01	-9.46095E-01	2.21800E-01	PRIM
1.95259E-02	1000010010	3.36266E+01	-3.26642E-03	-8.46557E-05	9.68645E-04	-2.33583E-01	8.46557E-02	-9.68645E-01	1000010010	3.36266E+01	1.29449E-03	-1.73763E-03	1.98823E-02	-2.33583E-01	8.46557E-02	-9.68645E-01	PRIM
2.07167E-02	1000010010	2.60099E+01	-2.94831E-03	-3.73949E-04	-7.45520E-04	-5.51690E-01	3.73949E-01	7.45520E-01	1000010010	2.60099E+01	8.48091E-03	-8.12096E-03	-1.61903E-02	-5.51690E-01	3.73949E-01	7.45520E-01	PRIM
1.92505E-02	1000010010	7.66395E+00	-3.34250E-03	-7.66856E-05	9.84435E-04	-1.57520E-01	7.66933E-02	-9.84533E-01	1000010010	7.66395E+00	-3.10163E-04	-1.55307E-03	1.99372E-02	-1.57520E-01	7.66933E-02	-9.84533E-01	PRIM
1.81374E-02	1000010010	9.18326E+00	-3.66056E-03	5.01488E-04	-8.50136E-04	1.60558E-01	-5.01488E-01	8.50136E-01	1000010010	9.18326E+00	-6.57267E-03	9.59720E-03	-1.62694E-02	1.60558E-01	-5.01488E-01	8.50136E-01	PRIM
1.99845E-02	1000010010	3.42186E+01	-3.14193E-03	-5.35878E-04	-7.64605E-04	-3.58070E-01	5.35878E-01	7.64605E-01	1000010010	3.42186E+01	4.01390E-03	-1.12451E-02	-1.60448E-02	-3.58070E-01	5.35878E-01	7.64605E-01	PRIM
1.77020E-02	1000010010	8.19179E+01	-3.79017E-03	-4.73721E-04	-8.31500E-04	2.90167E-01	4.73721E-01	8.31500E-01	1000010010	8.19179E+01	-8.92670E-03	-8.85951E-03	-1.55507E-02	2.90167E-01	4.73721E-01	8.31500E-01	PRIM
2.21859E-02	1000010010	3.01973E+01	-2.57681E-03	3.75703E-04	8.10049E-05	-9.23193E-01	-3.75703E-01	-8.10049E-02	1000010010	3.01973E+01	1.79051E-02	8.71101E-03	1.87817E-03	-9.23193E-01	-3.75703E-01	-8.10049E-02	PRIM
1.93564E-02	1000010010	1.02462E+01	-3.31311E-03	5.72985E-04	-7.97972E-04	-1.86892E-01	-5.72985E-01	7.97972E-01	1000010010	1.02462E+01	3.04442E-04	1.16639E-02	-1.62438E-02	-1.86892E-01	-5.72985E-01	7.97972E-01	PRIM
1.71579E-02	1000010010	1.22322E+01	-3.95664E-03	-5.54243E-04	6.95912E-04	4.56641E-01	5.54243E-01	-6.95912E-01	1000010010	1.22322E+01	-1.17916E-02	-1.00639E-02	1.26363E-02	4.56641E-01	5.54243E-01	-6.95912E-01	PRIM
2.13984E-02	1000010010	7.99476E+00	-2.77329E-03	3.36202E-04	5.99054E-04	-7.26706E-01	-3.36202E-01	-5.99054E-01	1000010010	7.99476E+00	1.27771E-02	7.53040E-03	1.34179E-02	-7.26706E-01	-3.36202E-01	-5.99054E-01	PRIM
1.77136E-02	1000010010	5.13959E+00	-3.78667E-03	-7.95303E-04	5.34145E-04	2.86675E-01	7.95303E-01	-5.34145E-01	1000010010	5.13959E+00	-8.86470E-03	-1.48829E-02	9.99575E-03	2.86675E-01	7.95303E-01	-5.34145E-01	PRIM
1.57778E-02	1000010010	6.33996E+00	-4.40474E-03	-8.87863E-05	4.16603E-04	9.04743E-01	8.87863E-02	-4.16603E-01	1000010010	6.33996E+00	-1.86796E-02	-1.48963E-03	6.98966E-03	9.04743E-01	8.87863E-02	-4.16603E-01	PRIM
2.21859E-02	1000010010	1.96113E+01	-2.57681E-03	3.75703E-04	8.10049E-05	-9.23193E-01	-3.75703E-01	-8.10049E-02	1000010010	1.96113E+01	1.79051E-02	8.71101E-03	1.87817E-03	-9.23193E-01	-3.75703E-01	-8.10049E-02	PRIM
1.98814E-02	1000010010	2.64588E+01	-3.16969E-03	3.11581E-04	8.90960E-04	-3.30314E-01	-3.11581E-01	-8.90960E-01	1000010010	2.64588E+01	3.39740E-03	6.50623E-03	1.86045E-02	-3.30314E-01	-3.11581E-01	-8.90960E-01	PRIM
2.09761E-02	1000010010	5.82447E+00	-2.88124E-03	1.25752E-04	7.75322E-04	-6.18821E-01	-1.25764E-01	-7.75399E-01	1000010010	5.82447E+00	1.00992E-02	2.76380E-03	1.70402E-02	-6.18821E-01	-1.25764E-01	-7.75399E-01	PRIM
1.93759E-02	1000010010	9.20435E+00	-3.30771E-03	1.90404E-04	-9.62690E-04	-1.92286E-01	-1.90404E-01	9.62690E-01	1000010010	9.20435E+00	4.18002E-04	3.87964E-03	-1.96156E-02	-1.92286E-01	-1.90404E-01	9.62690E-01	PRIM
1.80576E-02	1000010010	5.80071E+00	-3.68408E-03	3.71867E-04	9.09851E-04	1.84080E-01	-3.71867E-01	-9.09851E-01	1000010010	5.80071E+00	-7.00812E-03	7.08690E-03	1.73396E-02	1.84080E-01	-3.71867E-01	-9.09851E-01	PRIM
1.98814E-02	1000010010	6.09271E+00	-3.16969E-03	3.11581E-04	8.90960E-04	-3.30314E-01	-3.11581E-01	-8.90960E-01	1000010010	6.09271E+00	3.39740E-03	6.50623E-03	1.86045E-02	-3.30314E-01	-3.11581E-01	-8.90960E-01	PRIM
2.13443E-02	1000010010	7.32088E+00	-2.78702E-03	4.44722E-04	-5.42114E-04	-7.12976E-01	-4.44722E-01	5.42114E-01	1000010010	7.32088E+00	1.24309E-02	9.93700E-03	-1.21131E-02	-7.12976E-01	-4.44722E-01	5.42114E-01	PRIM
1.93285E-02	1000010010	1.23573E+01	-3.32081E-03	-1.72134E-04	9.68638E-04	-1.79192E-01	1.72134E-01	-9.68638E-01	1000010010	1.23573E+01	1.42708E-04	-3.49922E-03	1.96910E-02	-1.79192E-01	1.72134E-01	-9.68638E-01	PRIM
1.90585E-02	1000010010	7.22724E+00	-3.39607E-03	-3.34395E-04	9.36684E-04	-1.03933E-01	3.34395E-01	-9.36684E-01	1000010010	7.22724E+00	-1.41526E-03	-6.70747E-03	1.87885E-02	-1.03933E-01	3.34395E-01	-9.36684E-01	PRIM
1.70295E-02	1000010010	7.53621E+00	-3.99671E-03	-7.13862E-04	4.93638E-04	4.96711E-01	7.13862E-01	-4.93638E-01	1000010010	7.53621E+00	-1.24554E-02	-1.28706E-02	8.90004E-03	4.96711E-01	7.13862E-01	-4.93638E-01	PRIM
1.99414E-02	1000010010	9.75621E+00	-3.15350E-03	-9.30277E-04	1.20505E-04	-3.46501E-01	9.30277E-01	-1.20505E-01	1000010010	9.75621E+00	3.75622E-03	-1.94813E-02	2.52354E-03	-3.46501E-01	9.30277E-01	-1.20505E-01	PRIM
1.89473E-02	1000010010	1.06388E+01	-3.42734E-03	2.11662E-05	-9.97132E-04	-7.26560E-02	-2.11662E-02	9.97132E-01	1000010010	1.06388E+01	-2.05071E-03	4.22208E-04	-1.98901E-02	-7.26560E-02	-2.11662E-02	9.97132E-01	PRIM
1.79187E-02	1000010010	1.76041E+01	-3.72526E-03	7.11350E-05	9.71699E-04	2.25257E-01	-7.11350E-02	-9.71699E-01	1000010010	1.76041E+01	-7.76158E-03	1.34578E-03	1.83833E-02	2.25257E-01	-7.11350E-02	-9.71699E-01	PRIM
1.91748E-02	1000010010	2.55246E+01	-3.36354E-03	7.57061E-04	-6.38935E-04	-1.36461E-01	-7.57061E-01	6.38935E-01	1000010010	2.55246E+01	-7.46927E-04	1.52735E-02	-1.28904E-02	-1.36461E-01	-7.57061E-01	6.38935E-01	PRIM
1.91101E-02	1000010010	7.97417E+00	-3.38166E-03	2.33032E-04	-9.65138E-04	-1.18354E-01	-2.33055E-01	9.65235E-01	1000010010	7.97417E+00	-1.11991E-03	4.68673E-03	-1.94108E-02	-1.18354E-01	-2.33055E-01	9.65235E-01	PRIM
1.84974E-02	1000010010	1.89122E+01	-3.55568E-03	8.16347E-05	9.95106E-04	5.56818E-02	-8.16347E-02	-9.95106E-01	1000010010	1.89122E+01	-4.58565E-03	1.59167E-03	1.94020E-02	5.56818E-02	-8.16347E-02	-9.95106E-01	PRIM
2.18521E-02	1000010010	1.17489E+01	-2.65938E-03	4.84204E-04	2.42710E-04	-8.40618E-01	-4.84204E-01	-2.42710E-01	1000010010	1.17489E+01	1.57099E-02	1.10651E-02	5.54644E-03	-8.40618E-01	-4.84204E-01	-2.42710E-01	PRIM
1.67406E-02	1000010010	8.75807E+00	-4.08797E-03	7.78824E-04	-2.18012E-04	5.88024E-01	-7.78902E-01	2.18034E-01	1000010010	8.75807E+00	-1.39319E-02	1.38181E-02	-3.86804E-03	5.88024E-01	-7.78902E-01	2.18034E-01	PRIM
2.07201E-02	1000010010	2.35374E+01	-2.94751E-03	2.67855E-04	-7.89184E-04	-5.52543E-01	-2.67882E-01	7.89263E-01	1000010010	2.35374E+01	8.50123E-03	5.81840E-03	-1.71428E-02	-5.52543E-01	-2.67882E-01	7.89263E-01	PRIM
2.04610E-02	1000010010	6.77228E+00	-3.01523E-03	-3.31650E-04	-8.09322E-04	-4.84774E-01	3.31650E-01	8.09322E-01	1000010010	6.77228E+00	6.90375E-03	-7.11755E-03	-1.73689E-02	-4.84774E-01	3.31650E-01	8.09322E-01	PRIM
1.62670E-02	1000010010	7.08304E+00	-4.24130E-03	-3.02594E-04	5.99094E-04	7.41298E-01	3.02594E-01	-5.99094E-01	1000010010	7.08304E+00	-1.63000E-02	-5.22490E-03	1.03446E-02	7.41298E-01	3.02594E-01	-5.99094E-01	PRIM
1.93285E-02	1000010010	5.26390E+00	-3.32081E-03	-1.72134E-04	9.68638E-04	-1.79192E-01	1.72134E-01	-9.68638E-01	1000010010	5.26390E+00	1.42708E-04	-3.49922E-03	1.96910E-02	-1.79192E-01	1.72134E-01	-9.68638E-01	PRIM
1.85575E-02	1000010010	5.59973E+00	-3.53839E-03	3.54539E-04	-9.34253E-04	3.83902E-02	-3.54539E-01	9.34253E-01	1000010010	5.59973E+00	-4.25081E-03	6.93388E-03	-1.82716E-02	3.83902E-02	-3.54539E-01	9.34253E-01	PRIM
1.97020E-02	1000010010	1.84630E+01	-3.21829E-03	-1.97684E-04	9.38916E-04	-2.81706E-01	1.97684E-01	-9.38916E-01	1000010010	1.84630E+01	2.33189E-03	-4.09246E-03	1.94374E-02	-2.81706E-01	1.97684E-01	-9.38916E-01	PRIM
1.82774E-02	1000010010	2.71062E+01	-3.61953E-03	6.39232E-04	7.59667E-04	1.19534E-01	-6.39232E-01	-7.59667E-01	1000010010	2.71062E+01	-5.80431E-03	1.23228E-02	1.46444E-02	1.19534E-01	-6.39232E-01	-7.59667E-01	PRIM
1.88874E-02	1000010010	9.11204E+00	-3.44428E-03	8.65937E-04	4.97040E-04	-5.57218E-02	-8.65937E-01	-4.97040E-01	1000010010	9.11204E+00	-2.39184E-03	1.72212E-02	9.88481E-03	-5.57218E-02	-8.65937E-01	-4.97040E-01	PRIM
1.87046E-02	1000010010	2.51718E+01	-3.49623E-03	2.80039E-04	9.59981E-04	-3.77127E-03	-2.80039E-01	-9.59981E-01	1000010010	2.51718E+01	-3.42569E-03	5.51804E-03	1.89160E-02	-3.77127E-03	-2.80039E-01	-9.59981E-01	PRIM
1.82774E-02	1000010010	9.20577E+01	-3.61953E-03	6.39232E-04	7.59667E-04	1.19534E-01	-6.39232E-01	-7.59667E-01	1000010010	9.20577E+01	-5.80431E-03	1.23228E-02	1.46444E-02	1.19534E-01	-6.39232E-01	-7.59667E-01	PRIM
1.69518E-02	1000010010	1.08005E+01	-4.02109E-03	-3.41449E-04	7.82101E-04	5.21138E-01	3.41483E-01	-7.82179E-01	1000010010	1.08005E+01	-1.28553E-02	-6.13020E-03	1.40414E-02	5.21138E-01	3.41483E-01	-7.82179E-01	PRIM
2.22070E-02	1000010010	2.94996E+01	-2.57174E-03	3.71156E-04	1.94281E-05	-9.28353E-01	-3.71193E-01	-1.94301E-02	1000010010	2.94996E+01	1.80442E-02	8.61423E-03	4.50912E-04	-9.28353E-01	-3.71193E-01	-1.94301E-02	PRIM
2.20045E-02	1000010010	1.55135E+01	-2.62156E-03	-3.11520E-04	-3.62342E-04	-8.78444E-01	3.11520E-01	3.62342E-01	1000010010	1.55135E+01	1.67082E-02	-7.16635E-03	-8.33550E-03	-8.78444E-01	3.11520E-01	3.62342E-01	PRIM
1.78849E-02	1000010010	1.17017E+01	-3.73535E-03	6.32442E-04	-7.37989E-04	2.35348E-01	-6.32442E-01	7.37989E-01	1000010010	1.17017E+01	-7.94452E-03	1.19436E-02	-1.39368E-02	2.35348E-01	-6.32442E-01	7.37989E-01	PRIM
2.13188E-02	1000010010	1.61629E+01	-2.79360E-03	-3.44491E-04	-6.18163E-04	-7.06470E-01	3.44526E-01	6.18225E-01	1000010010	1.61629E+01	1.22675E-02	-7.68935E-03	-1.37980E-02	-7.06470E-01	3.44526E-01	6.18225E-01	PRIM
1.81374E-02	1000010010	1.69714E+01	-3.66056E-03	5.01488E-04	-8.50136E-04	1.60558E-01	-5.01488E-01	8.50136E-01	1000010010	1.69714E+01	-6.57267E-03	9.59720E-03	-1.62694E-02	1.60558E-01	-5.01488E-01	8.50136E-01	PRIM
2.16976E-02	1000010010	2.18581E+01	-2.69796E-03	5.88457E-04	1.02237E-04	-8.02039E-01	-5.88457E-01	-1.02237E-01	1000010010	2.18581E+01	1.47043E-02	1.33566E-02	2.32053E-03	-8.02039E-01	-5.88457E-01	-1.02237E-01	PRIM
1.84180E-02	1000010010	3.63319E+01	-3.57864E-03	6.89951E-05	9.94512E-04	7.86429E-02	-6.89951E-02	-9.94512E-01	1000010010	3.63319E+01	-5.02709E-03	1.33975E-03	1.93115E-02	7.86429E-02	-6.89951E-02	-9.94512E-01	PRIM
1.70125E-02	1000010010	1.59333E+01	-4.00202E-03	-3.60255E-05	8.63988E-04	5.02073E-01	3.60291E-02	-8.64074E-01	1000010010	1.59333E+01	-1.25435E-02	-6.48970E-04	1.55640E-02	5.02073E-01	3.60291E-02	-8.64074E-01	PRIM
1.57108E-02	1000010010	8.16316E+00	-4.42753E-03	2.34466E-04	-2.91054E-04	9.27531E-01	-2.34466E-01	2.91054E-01	1000010010	8.16316E+00	-1.89998E-02	3.91812E-03	-4.86375E-03	9.27531E-01	-2.34466E-01	2.91054E-01	PRIM
1.94643E-02	1000010010	5.25103E+00	-3.28332E-03	1.36916E-05	9.76147E-04	-2.16679E-01	-1.36916E-02	-9.76147E-01	1000010010	5.25103E+00	9.34191E-04	2.80190E-04	1.99762E-02	-2.16679E-01	-1.36916E-02	-9.76147E-01	PRIM
1.64601E-02	1000010010	7.37051E+00	-4.17825E-03	-7.19019E-04	-1.51598E-04	6.78255E-01	7.19019E-01	1.51598E-01	1000010010	7.37051E+00	-1.53424E-02	-1.25541E-02	-2.64691E-03	6.78255E-01	7.19019E-01	1.51598E-01	PRIM
1.77020E-02	1000010010	2.15427E+01	-3.79017E-03	-4.73721E-04	-8.31500E-04	2.90167E-01	4.73721E-01	8.31500E-01	1000010010	2.15427E+01	-8.92670E-03	-8.85951E-03	-1.55507E-02	2.90167E-01	4.73721E-01	8.31500E-01	PRIM
1.96288E-02	1000010010	5.83051E+00	-3.23824E-03	2.51966E-05	-9.64805E-04	-2.61756E-01	-2.51966E-02	9.64805E-01	1000010010	5.83051E+00	1.89971E-03	5.19776E-04	-1.99028E-02	-2.61756E-01	-2.51966E-02	9.64805E-01	PRIM
2.07404E-02	1000010010	1.49456E+01	-2.94214E-03	7.49627E-04	-3.56169E-04	-5.57855E-01	-7.49627E-01	3.56169E-01	1000010010	1.49456E+01	8.62801E-03	1.62972E-02	-7.74327E-03	-5.57855E-01	-7.49627E-01	3.56169E-01	PRIM
1.66693E-02	1000010010	5.63790E+00	-4.11079E-03	5.54809E-04	-5.64912E-04	6.10788E-01	-5.54809E-01	5.64912E-01	1000010010	5.63790E+00	-1.42922E-02	9.80309E-03	-9.98161E-03	6.10788E-01	-5.54809E-01	5.64912E-01	PRIM
1.66693E-02	1000010010	5.35499E+00	-4.11079E-03	5.54809E-04	-5.64912E-04	6.10788E-01	-5.54809E-01	5.64912E-01	1000010010	5.35499E+00	-1.42922E-02	9.80309E-03	-9.98161E-03	6.10788E-01	-5.54809E-01	5.64912E-01	PRIM
2.13443E-02	1000010010	7.17185E+00	-2.78702E-03	4.44722E-04	-5.42114E-04	-7.12976E-01	-4.44722E-01	5.42114E-01	1000010010	7.17185E+00	1.24309E-02	9.93700E-03	-1.21131E-02	-7.12976E-01	-4.44722E-01	5.42114E-01	PRIM
1.71742E-02	1000010010	1.32503E+01	-3.95158E-03	-6.28450E-04	6.33346E-04	4.51578E-01	6.28450E-01	-6.33346E-01	1000010010	1.32503E+01	-1.17071E-02	-1.14216E-02	1.15105E-02	4.51578E-01	6.28450E-01	-6.33346E-01	PRIM
1.81603E-02	1000010010	1.06519E+01	-3.65383E-03	-1.23531E-04	-9.80345E-04	1.53829E-01	1.23531E-01	9.80345E-01	1000010010	1.06519E+01	-6.44741E-03	-2.36689E-03	-1.87837E-02	1.53829E-01	1.23531E-01	9.80345E-01	PRIM
1.77136E-02	1000010010	1.19781E+01	-3.78667E-03	-7.95303E-04	5.34145E-04	2.86675E-01	7.95303E-01	-5.34145E-01	1000010010	1.19781E+01	-8.86470E-03	-1.48829E-02	9.99575E-03	2.86675E-01	7.95303E-01	-5.34145E-01	PRIM
2.01705E-02	1000010010	1.29605E+01	-3.09223E-03	7.18139E-04	5.63735E-04	-4.07815E-01	-7.18211E-01	-5.63791E-01	1000010010	1.29605E+01	5.13359E-03	1.52048E-02	1.19357E-02	-4.07815E-01	-7.18211E-01	-5.63791E-01	PRIM
2.04296E-02	1000010010	6.10957E+00	-3.02351E-03	5.92561E-04	6.49486E-04	-4.76486E-01	-5.92561E-01	-6.49486E-01	1000010010	6.10957E+00	6.71088E-03	1.26983E-02	1.39182E-02	-4.76486E-01	-5.92561E-01	-6.49486E-01	PRIM
1.91377E-02	1000010010	7.80628E+00	-3.37390E-03	-1.01123E-04	9.86850E-04	-1.26097E-01	1.01123E-01	-9.86850E-01	1000010010	7.80628E+00	-9.60702E-04	-2.03639E-03	1.98729E-02	-1.26097E-01	1.01123E-01	-9.86850E-01	PRIM
2.06887E-02	1000010010	1.53084E+01	-2.95569E-03	4.44960E-04	-7.11013E-04	-5.44361E-01	-4.45005E-01	7.11085E-01	1000010010	1.53084E+01	8.30643E-03	9.65153E-03	-1.54224E-02	-5.44361E-01	-4.45005E-01	7.11085E-01	PRIM
1.70125E-02	1000010010	1.17528E+01	-4.00202E-03	-3.60255E-05	8.63988E-04	5.02073E-01	3.60291E-02	-8.64074E-01	1000010010	1.17528E+01	-1.25435E-02	-6.48970E-04	1.55640E-02	5.02073E-01	3.60291E-02	-8.64074E-01	PRIM
1.57778E-02	1000010010	2.03855E+01	-4.40474E-03	-8.87863E-05	4.16603E-04	9.04743E-01	8.87863E-02	-4.16603E-01	1000010010	2.03855E+01	-1.86796E-02	-1.48963E-03	6.98966E-03	9.04743E-01	8.87863E-02	-4.16603E-01	PRIM
2.16976E-02	1000010010	5.27261E+00	-2.69796E-03	5.88457E-04	1.02237E-04	-8.02039E-01	-5.88457E-01	-1.02237E-01	1000010010	5.27261E+00	1.47043E-02	1.33566E-02	2.32053E-03	-8.02039E-01	-5.88457E-01	-1.02237E-01	PRIM
1.82374E-02	1000010010	6.36286E+00	-3.63124E-03	5.02152E-04	-8.54763E-04	1.31236E-01	-5.02152E-01	8.54763E-01	1000010010	6.36286E+00	-6.02465E-03	9.66010E-03	-1.64434E-02	1.31236E-01	-5.02152E-01	8.54763E-01	PRIM
1.60487E-02	1000010010	5.14225E+00	-4.31358E-03	-1.94751E-04	5.47863E-04	8.13584E-01	1.94751E-01	-5.47863E-01	1000010010	5.14225E+00	-1.73705E-02	-3.32025E-03	9.34032E-03	8.13584E-01	1.94751E-01	-5.47863E-01	PRIM
1.90203E-02	1000010010	7.53034E+00	-3.40678E-03	-1.46143E-04	9.84862E-04	-9.32193E-02	1.46143E-01	-9.84862E-01	1000010010	7.53034E+00	-1.63372E-03	-2.92584E-03	1.97173E-02	-9.32193E-02	1.46143E-01	-9.84862E-01	PRIM
2.17282E-02	1000010010	6.41245E+00	-2.69029E-03	-5.41607E-05	-5.84326E-04	-8.09709E-01	5.41607E-02	5.84326E-01	1000010010	6.41245E+00	1.49033E-02	-1.23098E-03	-1.32807E-02	-8.09709E-01	5.41607E-02	5.84326E-01	PRIM
1.63289E-02	1000010010	5.32468E+00	-4.22099E-03	9.48802E-05	6.86415E-04	7.20994E-01	-9.48802E-02	-6.86415E-01	1000010010	5.32468E+00	-1.59941E-02	1.64417E-03	1.18948E-02	7.20994E-01	-9.48802E-02	-6.86415E-01	PRIM
1.94643E-02	1000010010	7.70871E+00	-3.28332E-03	1.36916E-05	9.76147E-04	-2.16679E-01	-1.36916E-02	-9.76147E-01	1000010010	7.70871E+00	9.34191E-04	2.80190E-04	1.99762E-02	-2.16679E-01	-1.36916E-02	-9.76147E-01	PRIM
1.84974E-02	1000010010	4.33084E+01	-3.55568E-03	8.16347E-05	9.95106E-04	5.56818E-02	-8.16347E-02	-9.95106E-01	1000010010	4.33084E+01	-4.58565E-03	1.59167E-03	1.94020E-02	5.56818E-02	-8.16347E-02	-9.95106E-01	PRIM
1.82374E-02	1000010010	2.06356E+01	-3.63124E-03	5.02152E-04	-8.54763E-04	1.31236E-01	-5.02152E-01	8.54763E-01	1000010010	2.06356E+01	-6.02465E-03	9.66010E-03	-1.64434E-02	1.31236E-01	-5.02152E-01	8.54763E-01	PRIM
1.81687E-02	1000010010	7.32685E+00	-3.65138E-03	2.83069E-04	9.47078E-04	1.51378E-01	-2.83069E-01	-9.47078E-01	1000010010	7.32685E+00	-6.40171E-03	5.42607E-03	1.81542E-02	1.51378E-01	-2.83069E-01	-9.47078E-01	PRIM
1.80844E-02	1000010010	5.52739E+00	-3.67617E-03	-6.90988E-04	-7.01070E-04	1.76175E-01	6.90988E-01	7.01070E-01	1000010010	5.52739E+00	-6.86219E-03	-1.31871E-02	-1.33795E-02	1.76175E-01	6.90988E-01	7.01070E-01	PRIM
1.57778E-02	1000010010	5.07352E+00	-4.40474E-03	-8.87863E-05	4.16603E-04	9.04743E-01	8.87863E-02	-4.16603E-01	1000010010	5.07352E+00	-1.86796E-02	-1.48963E-03	6.98966E-03	9.04743E-01	8.87863E-02	-4.16603E-01	PRIM
1.70295E-02	1000010010	1.82027E+01	-3.99671E-03	-7.13862E-04	4.93638E-04	4.96711E-01	7.13862E-01	-4.93638E-01	1000010010	1.82027E+01	-1.24554E-02	-1.28706E-02	8.90004E-03	4.96711E-01	7.13862E-01	-4.93638E-01	PRIM
1.95460E-02	1000010010	1.99003E+01	-3.26089E-03	-6.31831E-04	-7.37305E-04	-2.39106E-01	6.31831E-01	7.37305E-01	1000010010	1.99003E+01	1.41267E-03	-1.29816E-02	-1.51487E-02	-2.39106E-01	6.31831E-01	7.37305E-01	PRIM
1.63950E-02	1000010010	6.10133E+00	-4.19942E-03	-3.89703E-04	5.99120E-04	6.99419E-01	3.89703E-01	-5.99120E-01	1000010010	6.10133E+00	-1.56664E-02	-6.77887E-03	1.04217E-02	6.99419E-01	3.89703E-01	-5.99120E-01	PRIM
1.63289E-02	1000010010	5.85716E+00	-4.22099E-03	9.48802E-05	6.86415E-04	7.20994E-01	-9.48802E-02	-6.86415E-01	1000010010	5.85716E+00	-1.59941E-02	1.64417E-03	1.18948E-02	7.20994E-01	-9.48802E-02	-6.86415E-01	PRIM
1.92276E-02	1000010010	1.02189E+01	-3.34883E-03	-8.29190E-05	9.85025E-04	-1.51166E-01	8.29190E-02	-9.85025E-01	1000010010	1.02189E+01	-4.42289E-04	-1.67725E-03	1.99246E-02	-1.51166E-01	8.29190E-02	-9.85025E-01	PRIM
1.79187E-02	1000010010	7.28243E+00	-3.72526E-03	7.11350E-05	9.71699E-04	2.25257E-01	-7.11350E-02	-9.71699E-01	1000010010	7.28243E+00	-7.76158E-03	1.34578E-03	1.83833E-02	2.25257E-01	-7.11350E-02	-9.71699E-01	PRIM
1.83687E-02	1000010010	5.16124E+00	-3.59296E-03	7.11563E-04	6.96446E-04	9.29584E-02	-7.11563E-01	-6.96446E-01	1000010010	5.16124E+00	-5.30048E-03	1.37820E-02	1.34893E-02	9.29584E-02	-7.11563E-01	-6.96446E-01	PRIM
1.58294E-02	1000010010	5.14396E+00	-4.38723E-03	4.48059E-04	1.09819E-04	8.87233E-01	-4.48059E-01	-1.09819E-01	1000010010	5.14396E+00	-1.84316E-02	7.54057E-03	1.84819E-03	8.87233E-01	-4.48059E-01	-1.09819E-01	PRIM
1.70015E-02	1000010010	1.34273E+01	-4.00548E-03	4.24362E-04	-7.51270E-04	5.05480E-01	-4.24362E-01	7.51270E-01	1000010010	1.34273E+01	-1.25994E-02	7.63915E-03	-1.35240E-02	5.05480E-01	-4.24362E-01	7.51270E-01	PRIM
1.94176E-02	1000010010	7.69193E+00	-3.29618E-03	-6.85302E-04	6.99157E-04	-2.03816E-01	6.85302E-01	-6.99157E-01	1000010010	7.69193E+00	6.61435E-04	-1.39922E-02	1.42751E-02	-2.03816E-01	6.85302E-01	-6.99157E-01	PRIM
2.16976E-02	1000010010	5.46445E+00	-2.69796E-03	5.88457E-04	1.02237E-04	-8.02039E-01	-5.88457E-01	-1.02237E-01	1000010010	5.46445E+00	1.47043E-02	1.33566E-02	2.32053E-03	-8.02039E-01	-5.88457E-01	-1.02237E-01	PRIM
2.20947E-02	1000010010	6.95789E+00	-2.59937E-03	-1.07641E-04	-4.20808E-04	-9.00720E-01	1.07652E-01	4.20850E-01	1000010010	6.95789E+00	1.73018E-02	-2.48618E-03	-9.71939E-03	-9.00720E-01	1.07652E-01	4.20850E-01	PRIM
1.81687E-02	1000010010	5.75304E+00	-3.65138E-03	2.83069E-04	9.47078E-04	1.51378E-01	-2.83069E-01	-9.47078E-01	1000010010	5.75304E+00	-6.40171E-03	5.42607E-03	1.81542E-02	1.51378E-01	-2.83069E-01	-9.47078E-01	PRIM
1.98450E-02	1000010010	1.00423E+02	-3.17951E-03	2.94344E-04	9.00360E-04	-3.20491E-01	-2.94344E-01	-9.00360E-01	1000010010	1.00423E+02	3.18063E-03	6.13561E-03	1.87680E-02	-3.20491E-01	-2.94344E-01	-9.00360E-01	PRIM
1.57778E-02	1000010010	4.08713E+01	-4.40474E-03	-8.87863E-05	4.16603E-04	9.04743E-01	8.87863E-02	-4.16603E-01	1000010010	4.08713E+01	-1.86796E-02	-1.48963E-03	6.98966E-03	9.04743E-01	8.87863E-02	-4.16603E-01	PRIM
2.01089E-02	1000010010	1.08490E+01	-3.10865E-03	-1.55600E-04	9.06882E-04	-3.91387E-01	1.55615E-01	-9.06973E-01	1000010010	1.08490E+01	4.76172E-03	-3.28486E-03	1.91451E-02	-3.91387E-01	1.55615E-01	-9.06973E-01	PRIM
1.90359E-02	1000010010	2.55650E+01	-3.40246E-03	-5.15978E-05	-9.93793E-04	-9.75496E-02	5.16030E-02	9.93892E-01	1000010010	2.55650E+01	-1.54552E-03	-1.03390E-03	-1.99134E-02	-9.75496E-02	5.16030E-02	9.93892E-01	PRIM
2.00051E-02	1000010010	1.97999E+01	-3.13639E-03	-8.19868E-04	-4.42269E-04	-3.63613E-01	8.19868E-01	4.42269E-01	1000010010	1.97999E+01	4.13773E-03	-1.72214E-02	-9.28990E-03	-3.63613E-01	8.19868E-01	4.42269E-01	PRIM
2.05155E-02	1000010010	2.67853E+01	-3.00092E-03	-7.73194E-04	3.91265E-04	-4.99082E-01	7.73194E-01	-3.91265E-01	1000010010	2.67853E+01	7.23798E-03	-1.66356E-02	8.41826E-03	-4.99082E-01	7.73194E-01	-3.91265E-01	PRIM
1.57778E-02	1000010010	9.56160E+00	-4.40474E-03	-8.87863E-05	4.16603E-04	9.04743E-01	8.87863E-02	-4.16603E-01	1000010010	9.56160E+00	-1.86796E-02	-1.48963E-03	6.98966E-03	9.04743E-01	8.87863E-02	-4.16603E-01	PRIM
1.78826E-02	1000010010	5.07855E+00	-3.73603E-03	9.46095E-04	-2.21800E-04	2.36027E-01	-9.46095E-01	2.21800E-01	1000010010	5.07855E+00	-7.95680E-03	1.78647E-02	-4.18816E-03	2.36027E-01	-9.46095E-01	2.21800E-01	PRIM
2.18521E-02	1000010010	4.03158E+02	-2.65938E-03	4.84204E-04	2.42710E-04	-8.40618E-01	-4.84204E-01	-2.42710E-01	1000010010	4.03158E+02	1.57099E-02	1.10651E-02	5.54644E-03	-8.40618E-01	-4.84204E-01	-2.42710E-01	PRIM
1.94176E-02	1000010010	3.79928E+01	-3.29618E-03	-6.85302E-04	6.99157E-04	-2.03816E-01	6.85302E-01	-6.99157E-01	1000010010	3.79928E+01	6.61435E-04	-1.39922E-02	1.42751E-02	-2.03816E-01	6.85302E-01	-6.99157E-01	PRIM
1.58393E-02	1000010010	7.23787E+00	-4.38382E-03	4.59564E-04	8.63578E-05	8.83911E-01	-4.59610E-01	-8.63664E-02	1000010010	7.23787E+00	-1.83844E-02	7.73948E-03	1.45434E-03	8.83911E-01	-4.59610E-01	-8.63664E-02	PRIM
1.84148E-02	1000010010	8.49193E+00	-3.57959E-03	7.01108E-04	7.08600E-04	7.95914E-02	-7.01108E-01	-7.08600E-01	1000010010	8.49193E+00	-5.04525E-03	1.36118E-02	1.37573E-02	7.95914E-02	-7.01108E-01	-7.08600E-01	PRIM
2.01274E-02	1000010010	6.57290E+00	-3.10364E-03	5.09461E-04	-7.63772E-04	-3.96361E-01	-5.09461E-01	7.63772E-01	1000010010	6.57290E+00	4.87409E-03	1.07636E-02	-1.61365E-02	-3.96361E-01	-5.09461E-01	7.63772E-01	PRIM
1.92980E-02	1000010010	2.08261E+01	-3.32928E-03	-2.69543E-05	9.84951E-04	-1.70720E-01	2.69543E-02	-9.84951E-01	1000010010	2.08261E+01	-3.47428E-05	-5.47116E-04	1.99925E-02	-1.70720E-01	2.69543E-02	-9.84951E-01	PRIM
2.01705E-02	1000010010	9.37061E+00	-3.09223E-03	7.18139E-04	5.63735E-04	-4.07815E-01	-7.18211E-01	-5.63791E-01	1000010010	9.37061E+00	5.13359E-03	1.52048E-02	1.19357E-02	-4.07815E-01	-7.18211E-01	-5.63791E-01	PRIM
1.99845E-02	1000010010	1.76188E+01	-3.14193E-03	-5.35878E-04	-7.64605E-04	-3.58070E-01	5.35878E-01	7.64605E-01	1000010010	1.76188E+01	4.01390E-03	-1.12451E-02	-1.60448E-02	-3.58070E-01	5.35878E-01	7.64605E-01	PRIM
1.87046E-02	1000010010	6.08422E+00	-3.49623E-03	2.80039E-04	9.59981E-04	-3.77127E-03	-2.80039E-01	-9.59981E-01	1000010010	6.08422E+00	-3.42569E-03	5.51804E-03	1.89160E-02	-3.77127E-03	-2.80039E-01	-9.59981E-01	PRIM
1.90585E-02	1000010010	6.12420E+00	-3.39607E-03	-3.34395E-04	9.36684E-04	-1.03933E-01	3.34395E-01	-9.36684E-01	1000010010	6.12420E+00	-1.41526E-03	-6.70747E-03	1.87885E-02	-1.03933E-01	3.34395E-01	-9.36684E-01	PRIM
2.20045E-02	1000010010	8.42327E+00	-2.62156E-03	-3.11520E-04	-3.62342E-04	-8.78444E-01	3.11520E-01	3.62342E-01	1000010010	8.42327E+00	1.67082E-02	-7.16635E-03	-8.33550E-03	-8.78444E-01	3.11520E-01	3.62342E-01	PRIM
1.76715E-02	1000010010	6.88591E+00	-3.79934E-03	-9.02820E-04	-3.08727E-04	2.99339E-01	9.02820E-01	3.08727E-01	1000010010	6.88591E+00	-9.08912E-03	-1.68570E-02	-5.76441E-03	2.99339E-01	9.02820E-01	3.08727E-01	PRIM
1.71579E-02	1000010010	6.74585E+01	-3.95664E-03	-5.54243E-04	6.95912E-04	4.56641E-01	5.54243E-01	-6.95912E-01	1000010010	6.74585E+01	-1.17916E-02	-1.00639E-02	1.26363E-02	4.56641E-01	5.54243E-01	-6.95912E-01	PRIM
2.01705E-02	1000010010	1.23298E+01	-3.09223E-03	7.18139E-04	5.63735E-04	-4.07815E-01	-7.18211E-01	-5.63791E-01	1000010010	1.23298E+01	5.13359E-03	1.52048E-02	1.19357E-02	-4.07815E-01	-7.18211E-01	-5.63791E-01	PRIM
2.11812E-02	1000010010	1.97238E+02	-2.82865E-03	-4.74363E-04	-5.69265E-04	-6.71422E-01	4.74411E-01	5.69322E-01	1000010010	1.97238E+02	1.13929E-02	-1.05229E-02	-1.26282E-02	-6.71422E-01	4.74411E-01	5.69322E-01	PRIM
2.04695E-02	1000010010	2.35631E+01	-3.01300E-03	-4.69755E-04	7.36313E-04	-4.87005E-01	4.69755E-01	-7.36313E-01	1000010010	2.35631E+01	6.95576E-03	-1.00854E-02	1.58083E-02	-4.87005E-01	4.69755E-01	-7.36313E-01	PRIM
1.93870E-02	1000010010	2.44029E+01	-3.30465E-03	-7.94154E-04	-5.75463E-04	-1.95351E-01	7.94154E-01	5.75463E-01	1000010010	2.44029E+01	4.82606E-04	-1.61904E-02	-1.17319E-02	-1.95351E-01	7.94154E-01	5.75463E-01	PRIM
1.84180E-02	1000010010	4.68132E+01	-3.57864E-03	6.89951E-05	9.94512E-04	7.86429E-02	-6.89951E-02	-9.94512E-01	1000010010	4.68132E+01	-5.02709E-03	1.33975E-03	1.93115E-02	7.86429E-02	-6.89951E-02	-9.94512E-01	PRIM
1.84148E-02	1000010010	1.30053E+01	-3.57959E-03	7.01108E-04	7.08600E-04	7.95914E-02	-7.01108E-01	-7.08600E-01	1000010010	1.30053E+01	-5.04525E-03	1.36118E-02	1.37573E-02	7.95914E-02	-7.01108E-01	-7.08600E-01	PRIM
1.83541E-02	1000010010	6.40691E+00	-3.59721E-03	5.17495E-04	8.50146E-04	9.72149E-02	-5.17495E-01	-8.50146E-01	1000010010	6.40691E+00	-5.38150E-03	1.00156E-02	1.64538E-02	9.72149E-02	-5.17495E-01	-8.50146E-01	PRIM
1.70295E-02	1000010010	2.81669E+01	-3.99671E-03	-7.13862E-04	4.93638E-04	4.96711E-01	7.13862E-01	-4.93638E-01	1000010010	2.81669E+01	-1.24554E-02	-1.28706E-02	8.90004E-03	4.96711E-01	7.13862E-01	-4.93638E-01	PRIM
1.97084E-02	1000010010	1.57085E+01	-3.21656E-03	-1.04513E-04	-9.53278E-04	-2.83441E-01	1.04513E-01	9.53278E-01	1000010010	1.57085E+01	2.36961E-03	-2.16430E-03	-1.97408E-02	-2.83441E-01	1.04513E-01	9.53278E-01	PRIM
1.78826E-02	1000010010	7.39033E+00	-3.73603E-03	9.46095E-04	-2.21800E-04	2.36027E-01	-9.46095E-01	2.21800E-01	1000010010	7.39033E+00	-7.95680E-03	1.78647E-02	-4.18816E-03	2.36027E-01	-9.46095E-01	2.21800E-01	PRIM
1.90563E-02	1000010010	1.43459E+01	-3.39669E-03	5.10263E-06	9.94636E-04	-1.03313E-01	-5.10263E-03	-9.94636E-01	1000010010	1.43459E+01	-1.42793E-03	1.02340E-04	1.99487E-02	-1.03313E-01	-5.10263E-03	-9.94636E-01	PRIM
1.89565E-02	1000010010	5.17545E+00	-3.42474E-03	-3.29737E-05	9.96619E-04	-7.52562E-02	3.29737E-02	-9.96619E-01	1000010010	5.17545E+00	-1.99815E-03	-6.58041E-04	1.98891E-02	-7.52562E-02	3.29737E-02	-9.96619E-01	PRIM
2.00726E-02	1000010010	7.56822E+00	-3.11829E-03	-5.39908E-05	-9.22705E-04	-3.81707E-01	5.39908E-02	9.22705E-01	1000010010	7.56822E+00	4.54356E-03	-1.13773E-03	-1.94438E-02	-3.81707E-01	5.39908E-02	9.22705E-01	PRIM
1.58393E-02	1000010010	5.24221E+00	-4.38382E-03	4.59564E-04	8.63578E-05	8.83911E-01	-4.59610E-01	-8.63664E-02	1000010010	5.24221E+00	-1.83844E-02	7.73948E-03	1.45434E-03	8.83911E-01	-4.59610E-01	-8.63664E-02	PRIM
1.98814E-02	1000010010	1.46227E+01	-3.16969E-03	3.11581E-04	8.90960E-04	-3.30314E-01	-3.11581E-01	-8.90960E-01	1000010010	1.46227E+01	3.39740E-03	6.50623E-03	1.86045E-02	-3.30314E-01	-3.11581E-01	-8.90960E-01	PRIM
1.91404E-02	1000010010	6.14581E+00	-3.37314E-03	4.58390E-04	-8.79650E-04	-1.26865E-01	-4.58390E-01	8.79650E-01	1000010010	6.14581E+00	-9.44891E-04	9.23216E-03	-1.77165E-02	-1.26865E-01	-4.58390E-01	8.79650E-01	PRIM
1.57348E-02	1000010010	6.20577E+00	-4.41934E-03	-3.29651E-04	2.14817E-04	9.19339E-01	3.29651E-01	-2.14817E-01	1000010010	6.20577E+00	-1.88850E-02	-5.51666E-03	3.59493E-03	9.19339E-01	3.29651E-01	-2.14817E-01	PRIM
2.14474E-02	1000010010	3.37669E+01	-2.76090E-03	-6.51642E-04	1.70562E-04	-7.39102E-01	6.51642E-01	-1.70562E-01	1000010010	3.37669E+01	1.30909E-02	-1.46277E-02	3.82868E-03	-7.39102E-01	6.51642E-01	-1.70562E-01	PRIM
1.57058E-02	1000010010	5.41682E+00	-4.42924E-03	-3.63282E-04	6.73875E-05	9.29239E-01	3.63282E-01	-6.73875E-02	1000010010	5.41682E+00	-1.90237E-02	-6.06893E-03	1.12576E-03	9.29239E-01	3.63282E-01	-6.73875E-02	PRIM
2.02068E-02	1000010010	5.42775E+01	-3.08248E-03	4.43068E-04	7.93326E-04	-4.17521E-01	-4.43068E-01	-7.93326E-01	1000010010	5.42775E+01	5.35430E-03	9.39608E-03	1.68239E-02	-4.17521E-01	-4.43068E-01	-7.93326E-01	PRIM
1.87046E-02	1000010010	1.08806E+01	-3.49623E-03	2.80039E-04	9.59981E-04	-3.77127E-03	-2.80039E-01	-9.59981E-01	1000010010	1.08806E+01	-3.42569E-03	5.51804E-03	1.89160E-02	-3.77127E-03	-2.80039E-01	-9.59981E-01	PRIM
1.81603E-02	1000010010	1.21675E+01	-3.65383E-03	-1.23531E-04	-9.80345E-04	1.53829E-01	1.23531E-01	9.80345E-01	1000010010	1.21675E+01	-6.44741E-03	-2.36689E-03	-1.87837E-02	1.53829E-01	1.23531E-01	9.80345E-01	PRIM
1.69518E-02	1000010010	1.00448E+02	-4.02109E-03	-3.41449E-04	7.82101E-04	5.21138E-01	3.41483E-01	-7.82179E-01	1000010010	1.00448E+02	-1.28553E-02	-6.13020E-03	1.40414E-02	5.21138E-01	3.41483E-01	-7.82179E-01	PRIM
1.56352E-02	1000010010	5.60020E+00	-4.45335E-03	7.87301E-06	3.01429E-04	9.53446E-01	-7.87380E-03	-3.01460E-01	1000010010	5.60020E+00	-1.93606E-02	1.30981E-04	5.01480E-03	9.53446E-01	-7.87380E-03	-3.01460E-01	PRIM
1.74536E-02	1000010010	1.35445E+01	-3.86550E-03	8.16610E-05	-9.27221E-04	3.65504E-01	-8.16610E-02	9.27221E-01	1000010010	1.35445E+01	-1.02449E-02	1.50694E-03	-1.71106E-02	3.65504E-01	-8.16610E-02	9.27221E-01	PRIM
1.92505E-02	1000010010	6.37557E+00	-3.34250E-03	-7.66856E-05	9.84435E-04	-1.57520E-01	7.66933E-02	-9.84533E-01	1000010010	6.37557E+00	-3.10163E-04	-1.55307E-03	1.99372E-02	-1.57520E-01	7.66933E-02	-9.84533E-01	PRIM
2.16347E-02	1000010010	5.18673E+00	-2.71383E-03	5.81017E-04	-2.10148E-04	-7.86245E-01	-5.81075E-01	2.10169E-01	1000010010	5.18673E+00	1.42963E-02	1.31524E-02	-4.75709E-03	-7.86245E-01	-5.81075E-01	2.10169E-01	PRIM
2.00570E-02	1000010010	8.47267E+00	-3.12246E-03	-5.01560E-04	7.78397E-04	-3.77539E-01	5.01560E-01	-7.78397E-01	1000010010	8.47267E+00	4.44985E-03	-1.05614E-02	1.63907E-02	-3.77539E-01	5.01560E-01	-7.78397E-01	PRIM
1.83687E-02	1000010010	7.40464E+00	-3.59296E-03	7.11563E-04	6.96446E-04	9.29584E-02	-7.11563E-01	-6.96446E-01	1000010010	7.40464E+00	-5.30048E-03	1.37820E-02	1.34893E-02	9.29584E-02	-7.11563E-01	-6.96446E-01	PRIM
1.77136E-02	1000010010	9.52276E+00	-3.78667E-03	-7.95303E-04	5.34145E-04	2.86675E-01	7.95303E-01	-5.34145E-01	1000010010	9.52276E+00	-8.86470E-03	-1.48829E-02	9.99575E-03	2.86675E-01	7.95303E-01	-5.34145E-01	PRIM
2.13629E-02	1000010010	8.55006E+00	-2.78231E-03	-6.55256E-04	-2.35708E-04	-7.17692E-01	6.55256E-01	2.35708E-01	1000010010	8.55006E+00	1.25496E-02	-1.46534E-02	-5.27111E-03	-7.17692E-01	6.55256E-01	2.35708E-01	PRIM
1.89473E-02	1000010010	1.22718E+01	-3.42734E-03	2.11662E-05	-9.97132E-04	-7.26560E-02	-2.11662E-02	9.97132E-01	1000010010	1.22718E+01	-2.05071E-03	4.22208E-04	-1.98901E-02	-7.26560E-02	-2.11662E-02	9.97132E-01	PRIM
2.02619E-02	1000010010	3.39472E+01	-3.06785E-03	-1.92957E-04	-8.80918E-04	-4.32147E-01	1.92957E-01	8.80918E-01	1000010010	3.39472E+01	5.68826E-03	-4.10263E-03	-1.87300E-02	-4.32147E-01	1.92957E-01	8.80918E-01	PRIM
1.90359E-02	1000010010	6.98603E+00	-3.40246E-03	-5.15978E-05	-9.93793E-04	-9.75496E-02	5.16030E-02	9.93892E-01	1000010010	6.98603E+00	-1.54552E-03	-1.03390E-03	-1.99134E-02	-9.75496E-02	5.16030E-02	9.93892E-01	PRIM
