#	D	ID	E	X	Y	Z	Px	Py	Pz	ID0	E0	X0	Y0	Z0	P0x	P0y	P0z	tag
#
# D             Trajectory length [1 Mpc]
# ID/ID0/ID1    Particle type (PDG MC numbering scheme)
# E/E0/E1       Energy [1 EeV]
# X/X0/X1...    Position [1 Mpc]
# Px/P0x/P1x... Heading (unit vector of momentum)
# tag           Candidate tag can be given by the source feature (user defined tag) or by the following interaction process 
#	ES  	ElasticScattering 
#	EPP 	ElectronPairProduction 
#	EMPP	EMPairProduction
#	EMDP	EMDoublePairProduction
#	EMTP	EMTripletPairProduction 
#	EMIC	EMInverseComptonScattering
#	ND  	NuclearDecay
#	PD  	PhotoDisintegration
#	PPP  	PhotoPionProduction
#	SYN 	SynchrotronRadiation
#	PRIM/SEC	 primary / secondary particle
# no index = current, 0 = at source, 1 = at point of creation
#
# CRPropa version: 3.2-85-g7a40f1f1
#
2.09642E-02	1000010010	5.83384E+00	-5.03364E-03	-8.58642E-04	2.12699E-04	-4.66361E-01	8.58642E-01	-2.12699E-01	1000010010	5.83384E+00	4.74325E-03	-1.88594E-02	4.67177E-03	-4.66361E-01	8.58642E-01	-2.12699E-01	PRIM
1.65449E-02	1000010010	6.91597E+00	-5.82085E-03	-9.16739E-04	-2.37578E-04	3.20885E-01	9.16831E-01	2.37602E-01	1000010010	6.91597E+00	-1.11299E-02	-1.60856E-02	-4.16868E-03	3.20885E-01	9.16831E-01	2.37602E-01	PRIM
2.28116E-02	1000010010	2.69338E+01	-4.74697E-03	4.17318E-04	-5.08708E-04	-7.53035E-01	-4.17318E-01	5.08708E-01	1000010010	2.69338E+01	1.24309E-02	9.93700E-03	-1.21131E-02	-7.53035E-01	-4.17318E-01	5.08708E-01	PRIM
1.77926E-02	1000010010	7.75436E+00	-5.58025E-03	3.77112E-04	9.22684E-04	8.02511E-02	-3.77112E-01	-9.22684E-01	1000010010	7.75436E+00	-7.00812E-03	7.08690E-03	1.73396E-02	8.02511E-02	-3.77112E-01	-9.22684E-01	PRIM
1.59748E-02	1000010010	7.54965E+00	-5.93705E-03	6.93435E-04	-5.72833E-04	4.37048E-01	-6.93435E-01	5.72833E-01	1000010010	7.54965E+00	-1.29188E-02	1.17709E-02	-9.72372E-03	4.37048E-01	-6.93435E-01	5.72833E-01	PRIM
1.42675E-02	1000010010	8.20576E+00	-6.31369E-03	5.60426E-04	1.54380E-04	8.13689E-01	-5.60426E-01	-1.54380E-01	1000010010	8.20576E+00	-1.79230E-02	8.55631E-03	2.35700E-03	8.13689E-01	-5.60426E-01	-1.54380E-01	PRIM
1.79196E-02	1000010010	1.06959E+01	-5.55670E-03	5.07263E-04	-8.59924E-04	5.66960E-02	-5.07263E-01	8.59924E-01	1000010010	1.06959E+01	-6.57267E-03	9.59720E-03	-1.62694E-02	5.66960E-02	-5.07263E-01	8.59924E-01	PRIM
1.75239E-02	1000010010	4.01104E+01	-5.63061E-03	8.93553E-04	4.29539E-04	1.30611E-01	-8.93553E-01	-4.29539E-01	1000010010	4.01104E+01	-7.91944E-03	1.65521E-02	7.95675E-03	1.30611E-01	-8.93553E-01	-4.29539E-01	PRIM
1.93603E-02	1000010010	6.33792E+00	-5.30000E-03	5.02643E-06	9.79783E-04	-2.00000E-01	-5.02643E-03	-9.79783E-01	1000010010	6.33792E+00	-1.42793E-03	1.02340E-04	1.99487E-02	-2.00000E-01	-5.02643E-03	-9.79783E-01	PRIM
1.79196E-02	1000010010	1.99553E+01	-5.55670E-03	5.07263E-04	-8.59924E-04	5.66960E-02	-5.07263E-01	8.59924E-01	1000010010	1.99553E+01	-6.57267E-03	9.59720E-03	-1.62694E-02	5.66960E-02	-5.07263E-01	8.59924E-01	PRIM
1.90984E-02	1000010010	1.96459E+01	-5.34537E-03	8.56765E-04	4.91775E-04	-1.54648E-01	-8.56851E-01	-4.91824E-01	1000010010	1.96459E+01	-2.39184E-03	1.72212E-02	9.88481E-03	-1.54648E-01	-8.56851E-01	-4.91824E-01	PRIM
1.96601E-02	1000010010	6.35631E+00	-5.24880E-03	-7.51725E-05	9.65011E-04	-2.51201E-01	7.51725E-02	-9.65011E-01	1000010010	6.35631E+00	-3.10163E-04	-1.55307E-03	1.99372E-02	-2.51201E-01	7.51725E-02	-9.65011E-01	PRIM
1.37405E-02	1000010010	1.18493E+01	-6.44031E-03	8.88579E-06	3.40205E-04	9.40309E-01	-8.88579E-03	-3.40205E-01	1000010010	1.18493E+01	-1.93606E-02	1.30981E-04	5.01480E-03	9.40309E-01	-8.88579E-03	-3.40205E-01	PRIM
1.46681E-02	1000010010	4.28038E+01	-6.22099E-03	-4.15899E-06	6.92933E-04	7.20990E-01	4.15899E-03	-6.92933E-01	1000010010	4.28038E+01	-1.67965E-02	-6.51633E-05	1.08569E-02	7.20990E-01	4.15899E-03	-6.92933E-01	PRIM
1.69440E-02	1000010010	6.31583E+00	-5.74198E-03	-6.88504E-04	-6.83674E-04	2.41978E-01	6.88504E-01	6.83674E-01	1000010010	6.31583E+00	-9.84205E-03	-1.23545E-02	-1.22678E-02	2.41978E-01	6.88504E-01	6.83674E-01	PRIM
1.80950E-02	1000010010	2.97677E+01	-5.52443E-03	6.84921E-04	-7.28208E-04	2.44320E-02	-6.84921E-01	7.28208E-01	1000010010	2.97677E+01	-5.96653E-03	1.30785E-02	-1.39051E-02	2.44320E-02	-6.84921E-01	7.28208E-01	PRIM
2.40442E-02	1000010010	8.39272E+01	-4.56554E-03	3.47792E-04	7.49871E-05	-9.34555E-01	-3.47827E-01	-7.49946E-02	1000010010	8.39272E+01	1.79051E-02	8.71101E-03	1.87817E-03	-9.34555E-01	-3.47827E-01	-7.49946E-02	PRIM
1.74368E-02	1000010010	6.28608E+00	-5.64710E-03	8.86038E-04	-4.39656E-04	1.47102E-01	-8.86038E-01	4.39656E-01	1000010010	6.28608E+00	-8.21210E-03	1.63357E-02	-8.10586E-03	1.47102E-01	-8.86038E-01	4.39656E-01	PRIM
1.50326E-02	1000010010	7.81835E+00	-6.13902E-03	-7.51104E-04	-1.65210E-04	6.39085E-01	7.51180E-01	1.65227E-01	1000010010	7.81835E+00	-1.57462E-02	-1.20433E-02	-2.64901E-03	6.39085E-01	7.51180E-01	1.65227E-01	PRIM
1.89584E-02	1000010010	8.15737E+00	-5.36978E-03	-1.59840E-04	9.78516E-04	-1.30219E-01	1.59840E-01	-9.78516E-01	1000010010	8.15737E+00	-2.90103E-03	-3.19015E-03	1.95296E-02	-1.30219E-01	1.59840E-01	-9.78516E-01	PRIM
1.98473E-02	1000010010	5.10183E+00	-5.21717E-03	-6.03655E-04	-7.45390E-04	-2.82832E-01	6.03655E-01	7.45390E-01	1000010010	5.10183E+00	3.96282E-04	-1.25846E-02	-1.55394E-02	-2.82832E-01	6.03655E-01	7.45390E-01	PRIM
1.63630E-02	1000010010	5.58496E+00	-5.85749E-03	-6.57812E-04	6.62937E-04	3.57489E-01	6.57812E-01	-6.62937E-01	1000010010	5.58496E+00	-1.17071E-02	-1.14216E-02	1.15105E-02	3.57489E-01	6.57812E-01	-6.62937E-01	PRIM
1.84887E-02	1000010010	7.95022E+00	-5.45308E-03	8.16715E-05	9.95554E-04	-4.69169E-02	-8.16715E-02	-9.95554E-01	1000010010	7.95022E+00	-4.58565E-03	1.59167E-03	1.94020E-02	-4.69169E-02	-8.16715E-02	-9.95554E-01	PRIM
1.99549E-02	1000010010	2.38065E+01	-5.19915E-03	9.46441E-04	-1.16365E-04	-3.00877E-01	-9.46536E-01	1.16376E-01	1000010010	2.38065E+01	8.04805E-04	1.98344E-02	-2.43864E-03	-3.00877E-01	-9.46536E-01	1.16376E-01	PRIM
1.79693E-02	1000010010	6.69478E+00	-5.54753E-03	2.86017E-04	9.56940E-04	4.75353E-02	-2.86046E-01	-9.57036E-01	1000010010	6.69478E+00	-6.40171E-03	5.42607E-03	1.81542E-02	4.75353E-02	-2.86046E-01	-9.57036E-01	PRIM
1.94861E-02	1000010010	6.21245E+00	-5.27842E-03	-9.94031E-05	9.70063E-04	-2.21579E-01	9.94031E-02	-9.70063E-01	1000010010	6.21245E+00	-9.60702E-04	-2.03639E-03	1.98729E-02	-2.21579E-01	9.94031E-02	-9.70063E-01	PRIM
2.13179E-02	1000010010	7.67567E+00	-4.97730E-03	-7.41530E-05	8.49168E-04	-5.22751E-01	7.41605E-02	-8.49253E-01	1000010010	7.67567E+00	6.16665E-03	-1.65510E-03	1.89534E-02	-5.22751E-01	7.41605E-02	-8.49253E-01	PRIM
2.28915E-02	1000010010	4.84126E+01	-4.73507E-03	3.15162E-04	5.61564E-04	-7.65007E-01	-3.15193E-01	-5.61620E-01	1000010010	4.84126E+01	1.27771E-02	7.53040E-03	1.34179E-02	-7.65007E-01	-3.15193E-01	-5.61620E-01	PRIM
1.68201E-02	1000010010	8.58926E+00	-5.76627E-03	8.45640E-05	-9.60183E-04	2.66265E-01	-8.45640E-02	9.60183E-01	1000010010	8.58926E+00	-1.02449E-02	1.50694E-03	-1.71106E-02	2.66265E-01	-8.45640E-02	9.60183E-01	PRIM
2.10513E-02	1000010010	1.43541E+01	-5.01968E-03	-1.04103E-04	-8.70894E-04	-4.80319E-01	1.04103E-01	8.70894E-01	1000010010	1.43541E+01	5.09165E-03	-2.29560E-03	-1.92043E-02	-4.80319E-01	1.04103E-01	8.70894E-01	PRIM
2.44673E-02	1000010010	2.36946E+02	-4.50467E-03	9.24039E-05	2.78195E-05	-9.95333E-01	-9.24039E-02	-2.78195E-02	1000010010	2.36946E+02	1.98484E-02	2.35328E-03	7.08487E-04	-9.95333E-01	-9.24039E-02	-2.78195E-02	PRIM
2.09970E-02	1000010010	2.85002E+01	-5.02843E-03	4.89275E-04	-7.33508E-04	-4.71615E-01	-4.89323E-01	7.33581E-01	1000010010	2.85002E+01	4.87409E-03	1.07636E-02	-1.61365E-02	-4.71615E-01	-4.89323E-01	7.33581E-01	PRIM
2.19163E-02	1000010010	7.63351E+00	-4.88350E-03	7.11162E-04	-3.37893E-04	-6.16504E-01	-7.11162E-01	3.37893E-01	1000010010	7.63351E+00	8.62801E-03	1.62972E-02	-7.74327E-03	-6.16504E-01	-7.11162E-01	3.37893E-01	PRIM
2.09286E-02	1000010010	2.16693E+01	-5.03935E-03	4.19213E-04	7.82345E-04	-4.60647E-01	-4.19213E-01	-7.82345E-01	1000010010	2.16693E+01	4.60136E-03	9.19278E-03	1.71558E-02	-4.60647E-01	-4.19213E-01	-7.82345E-01	PRIM
2.28915E-02	1000010010	5.74312E+00	-4.73507E-03	3.15162E-04	5.61564E-04	-7.65007E-01	-3.15193E-01	-5.61620E-01	1000010010	5.74312E+00	1.27771E-02	7.53040E-03	1.34179E-02	-7.65007E-01	-3.15193E-01	-5.61620E-01	PRIM
2.24828E-02	1000010010	9.73191E+00	-4.79662E-03	1.26179E-04	6.99526E-04	-7.03379E-01	-1.26179E-01	-6.99526E-01	1000010010	9.73191E+00	1.10173E-02	2.96304E-03	1.64268E-02	-7.03379E-01	-1.26179E-01	-6.99526E-01	PRIM
2.15114E-02	1000010010	5.89599E+00	-4.94669E-03	-4.48013E-04	7.02234E-04	-5.53309E-01	4.48013E-01	-7.02234E-01	1000010010	5.89599E+00	6.95576E-03	-1.00854E-02	1.58083E-02	-5.53309E-01	4.48013E-01	-7.02234E-01	PRIM
1.82627E-02	1000010010	6.10010E+00	-5.49385E-03	5.19948E-04	8.54176E-04	-6.15164E-03	-5.19948E-01	-8.54176E-01	1000010010	6.10010E+00	-5.38150E-03	1.00156E-02	1.64538E-02	-6.15164E-03	-5.19948E-01	-8.54176E-01	PRIM
2.28116E-02	1000010010	5.04186E+00	-4.74697E-03	4.17318E-04	-5.08708E-04	-7.53035E-01	-4.17318E-01	5.08708E-01	1000010010	5.04186E+00	1.24309E-02	9.93700E-03	-1.21131E-02	-7.53035E-01	-4.17318E-01	5.08708E-01	PRIM
1.60781E-02	1000010010	9.46209E+00	-5.91566E-03	4.47266E-04	-7.91818E-04	4.15706E-01	-4.47311E-01	7.91898E-01	1000010010	9.46209E+00	-1.25994E-02	7.63915E-03	-1.35240E-02	4.15706E-01	-4.47311E-01	7.91898E-01	PRIM
1.97803E-02	1000010010	6.17214E+00	-5.22846E-03	-1.68391E-04	9.47581E-04	-2.71542E-01	1.68391E-01	-9.47581E-01	1000010010	6.17214E+00	1.42708E-04	-3.49922E-03	1.96910E-02	-2.71542E-01	1.68391E-01	-9.47581E-01	PRIM
2.08120E-02	1000010010	9.08390E+00	-5.05815E-03	-7.89537E-04	-4.25907E-04	-4.41854E-01	7.89537E-01	4.25907E-01	1000010010	9.08390E+00	4.13773E-03	-1.72214E-02	-9.28990E-03	-4.41854E-01	7.89537E-01	4.25907E-01	PRIM
1.60959E-02	1000010010	9.58689E+00	-5.91200E-03	-3.79604E-05	9.10393E-04	4.12000E-01	3.79604E-02	-9.10393E-01	1000010010	9.58689E+00	-1.25435E-02	-6.48970E-04	1.55640E-02	4.12000E-01	3.79604E-02	-9.10393E-01	PRIM
1.49474E-02	1000010010	1.04083E+01	-6.15798E-03	1.03090E-04	7.45811E-04	6.58047E-01	-1.03100E-01	-7.45885E-01	1000010010	1.04083E+01	-1.59941E-02	1.64417E-03	1.18948E-02	6.58047E-01	-1.03100E-01	-7.45885E-01	PRIM
2.10513E-02	1000010010	1.17609E+01	-5.01968E-03	-1.04103E-04	-8.70894E-04	-4.80319E-01	1.04103E-01	8.70894E-01	1000010010	1.17609E+01	5.09165E-03	-2.29560E-03	-1.92043E-02	-4.80319E-01	1.04103E-01	8.70894E-01	PRIM
2.40442E-02	1000010010	5.25134E+00	-4.56554E-03	3.47792E-04	7.49871E-05	-9.34555E-01	-3.47827E-01	-7.49946E-02	1000010010	5.25134E+00	1.79051E-02	8.71101E-03	1.87817E-03	-9.34555E-01	-3.47827E-01	-7.49946E-02	PRIM
1.72327E-02	1000010010	6.22896E+01	-5.68607E-03	-2.34961E-04	9.54030E-04	1.86067E-01	2.34961E-01	-9.54030E-01	1000010010	6.22896E+01	-8.89251E-03	-4.28399E-03	1.73946E-02	1.86067E-01	2.34961E-01	-9.54030E-01	PRIM
1.97803E-02	1000010010	2.27164E+01	-5.22846E-03	-1.68391E-04	9.47581E-04	-2.71542E-01	1.68391E-01	-9.47581E-01	1000010010	2.27164E+01	1.42708E-04	-3.49922E-03	1.96910E-02	-2.71542E-01	1.68391E-01	-9.47581E-01	PRIM
2.32386E-02	1000010010	6.79937E+00	-4.68327E-03	5.42621E-04	-1.96261E-04	-8.16727E-01	-5.42621E-01	1.96261E-01	1000010010	6.79937E+00	1.42963E-02	1.31524E-02	-4.75709E-03	-8.16727E-01	-5.42621E-01	1.96261E-01	PRIM
1.38658E-02	1000010010	1.12692E+02	-6.40963E-03	-4.08209E-04	7.57213E-05	9.09724E-01	4.08250E-01	-7.57288E-02	1000010010	1.12692E+02	-1.90237E-02	-6.06893E-03	1.12576E-03	9.09724E-01	4.08250E-01	-7.57288E-02	PRIM
1.84887E-02	1000010010	7.50024E+00	-5.45308E-03	8.16715E-05	9.95554E-04	-4.69169E-02	-8.16715E-02	-9.95554E-01	1000010010	7.50024E+00	-4.58565E-03	1.59167E-03	1.94020E-02	-4.69169E-02	-8.16715E-02	-9.95554E-01	PRIM
2.07156E-02	1000010010	1.49891E+01	-5.07375E-03	-8.97112E-04	1.16209E-04	-4.26247E-01	8.97112E-01	-1.16209E-01	1000010010	1.49891E+01	3.75622E-03	-1.94813E-02	2.52354E-03	-4.26247E-01	8.97112E-01	-1.16209E-01	PRIM
1.60959E-02	1000010010	2.23355E+01	-5.91200E-03	-3.79604E-05	9.10393E-04	4.12000E-01	3.79604E-02	-9.10393E-01	1000010010	2.23355E+01	-1.25435E-02	-6.48970E-04	1.55640E-02	4.12000E-01	3.79604E-02	-9.10393E-01	PRIM
2.03257E-02	1000010010	1.18407E+01	-5.13756E-03	8.73965E-04	3.23455E-04	-3.62475E-01	-8.74053E-01	-3.23487E-01	1000010010	1.18407E+01	2.22998E-03	1.86397E-02	6.89854E-03	-3.62475E-01	-8.74053E-01	-3.23487E-01	PRIM
2.03081E-02	1000010010	7.74818E+00	-5.14046E-03	3.10933E-04	-8.79689E-04	-3.59575E-01	-3.10964E-01	8.79777E-01	1000010010	7.74818E+00	2.16182E-03	6.62601E-03	-1.87463E-02	-3.59575E-01	-3.10964E-01	8.79777E-01	PRIM
2.33760E-02	1000010010	1.88338E+01	-4.66306E-03	-5.04946E-05	-5.44774E-04	-8.37025E-01	5.04997E-02	5.44829E-01	1000010010	1.88338E+01	1.49033E-02	-1.23098E-03	-1.32807E-02	-8.37025E-01	5.04997E-02	5.44829E-01	PRIM
2.22667E-02	1000010010	6.02547E+00	-4.82955E-03	1.18787E-04	7.32383E-04	-6.70451E-01	-1.18787E-01	-7.32383E-01	1000010010	6.02547E+00	1.00992E-02	2.76380E-03	1.70402E-02	-6.70451E-01	-1.18787E-01	-7.32383E-01	PRIM
2.15114E-02	1000010010	6.92480E+00	-4.94669E-03	-4.48013E-04	7.02234E-04	-5.53309E-01	4.48013E-01	-7.02234E-01	1000010010	6.92480E+00	6.95576E-03	-1.00854E-02	1.58083E-02	-5.53309E-01	4.48013E-01	-7.02234E-01	PRIM
2.18811E-02	1000010010	5.93789E+00	-4.88903E-03	-3.54886E-04	-7.07514E-04	-6.11027E-01	3.54921E-01	7.07585E-01	1000010010	5.93789E+00	8.48091E-03	-8.12096E-03	-1.61903E-02	-6.11027E-01	3.54921E-01	7.07585E-01	PRIM
2.28390E-02	1000010010	1.57095E+01	-4.74285E-03	-6.14682E-04	-2.21113E-04	-7.57149E-01	6.14682E-01	2.21113E-01	1000010010	1.57095E+01	1.25496E-02	-1.46534E-02	-5.27111E-03	-7.57149E-01	6.14682E-01	2.21113E-01	PRIM
1.98230E-02	1000010010	6.25360E+00	-5.22125E-03	5.60143E-04	-7.80088E-04	-2.78751E-01	-5.60143E-01	7.80088E-01	1000010010	6.25360E+00	3.04442E-04	1.16639E-02	-1.62438E-02	-2.78751E-01	-5.60143E-01	7.80088E-01	PRIM
2.23387E-02	1000010010	1.37018E+01	-4.81864E-03	-7.30475E-04	-4.41575E-05	-6.81431E-01	7.30548E-01	4.41619E-02	1000010010	1.37018E+01	1.04037E-02	-1.70500E-02	-1.03068E-03	-6.81431E-01	7.30548E-01	4.41619E-02	PRIM
1.60781E-02	1000010010	9.86103E+00	-5.91566E-03	4.47266E-04	-7.91818E-04	4.15706E-01	-4.47311E-01	7.91898E-01	1000010010	9.86103E+00	-1.25994E-02	7.63915E-03	-1.35240E-02	4.15706E-01	-4.47311E-01	7.91898E-01	PRIM
1.79560E-02	1000010010	2.12848E+01	-5.54998E-03	-1.24862E-04	-9.90914E-04	4.99793E-02	1.24862E-01	9.90914E-01	1000010010	2.12848E+01	-6.44741E-03	-2.36689E-03	-1.87837E-02	4.99793E-02	1.24862E-01	9.90914E-01	PRIM
1.77926E-02	1000010010	5.57795E+00	-5.58025E-03	3.77112E-04	9.22684E-04	8.02511E-02	-3.77112E-01	-9.22684E-01	1000010010	5.57795E+00	-7.00812E-03	7.08690E-03	1.73396E-02	8.02511E-02	-3.77112E-01	-9.22684E-01	PRIM
1.80782E-02	1000010010	1.18693E+02	-5.52750E-03	5.06342E-04	-8.61894E-04	2.74998E-02	-5.06342E-01	8.61894E-01	1000010010	1.18693E+02	-6.02465E-03	9.66010E-03	-1.64434E-02	2.74998E-02	-5.06342E-01	8.61894E-01	PRIM
2.20401E-02	1000010010	5.23846E+00	-4.86437E-03	-6.92250E-04	-3.41708E-04	-6.35630E-01	6.92250E-01	3.41708E-01	1000010010	5.23846E+00	9.14497E-03	-1.59495E-02	-7.87297E-03	-6.35630E-01	6.92250E-01	3.41708E-01	PRIM
2.01444E-02	1000010010	8.74889E+00	-5.16749E-03	-8.91550E-04	-3.07535E-04	-3.32508E-01	8.91550E-01	3.07535E-01	1000010010	8.74889E+00	1.53069E-03	-1.88513E-02	-6.50266E-03	-3.32508E-01	8.91550E-01	3.07535E-01	PRIM
2.02241E-02	1000010010	8.54635E+00	-5.15429E-03	8.58350E-05	-9.34407E-04	-3.45709E-01	-8.58350E-02	9.34407E-01	1000010010	8.54635E+00	1.83736E-03	1.82177E-03	-1.98319E-02	-3.45709E-01	-8.58350E-02	9.34407E-01	PRIM
1.94861E-02	1000010010	2.36652E+01	-5.27842E-03	-9.94031E-05	9.70063E-04	-2.21579E-01	9.94031E-02	-9.70063E-01	1000010010	2.36652E+01	-9.60702E-04	-2.03639E-03	1.98729E-02	-2.21579E-01	9.94031E-02	-9.70063E-01	PRIM
1.67381E-02	1000010010	5.85826E+00	-5.78244E-03	-8.36468E-04	-4.69414E-04	2.82469E-01	8.36551E-01	4.69460E-01	1000010010	5.85826E+00	-1.05104E-02	-1.48387E-02	-8.32727E-03	2.82469E-01	8.36551E-01	4.69460E-01	PRIM
2.19757E-02	1000010010	5.74558E+00	-4.87430E-03	6.08430E-04	-4.88177E-04	-6.25696E-01	-6.08430E-01	4.88177E-01	1000010010	5.74558E+00	8.87583E-03	1.39791E-02	-1.12162E-02	-6.25696E-01	-6.08430E-01	4.88177E-01	PRIM
1.38745E-02	1000010010	5.17277E+00	-6.40758E-03	2.63411E-04	-3.26985E-04	9.07577E-01	-2.63411E-01	3.26985E-01	1000010010	5.17277E+00	-1.89998E-02	3.91812E-03	-4.86375E-03	9.07577E-01	-2.63411E-01	3.26985E-01	PRIM
1.85830E-02	1000010010	1.29492E+01	-5.43622E-03	3.54043E-04	-9.32945E-04	-6.37895E-02	-3.54078E-01	9.33038E-01	1000010010	1.29492E+01	-4.25081E-03	6.93388E-03	-1.82716E-02	-6.37895E-02	-3.54078E-01	9.33038E-01	PRIM
1.89554E-02	1000010010	6.46716E+00	-5.37032E-03	-1.54285E-04	-9.79479E-04	-1.29682E-01	1.54285E-01	9.79479E-01	1000010010	6.46716E+00	-2.91215E-03	-3.07882E-03	-1.95458E-02	-1.29682E-01	1.54285E-01	9.79479E-01	PRIM
2.28001E-02	1000010010	6.90119E+00	-4.74869E-03	-3.49933E-04	-5.59534E-04	-7.51311E-01	3.49933E-01	5.59534E-01	1000010010	6.90119E+00	1.23813E-02	-8.32843E-03	-1.33170E-02	-7.51311E-01	3.49933E-01	5.59534E-01	PRIM
1.59954E-02	1000010010	9.06674E+00	-5.93274E-03	-3.60663E-04	8.26110E-04	4.32784E-01	3.60699E-01	-8.26193E-01	1000010010	9.06674E+00	-1.28553E-02	-6.13020E-03	1.40414E-02	4.32784E-01	3.60699E-01	-8.26193E-01	PRIM
1.82664E-02	1000010010	1.10958E+01	-5.49319E-03	-2.53342E-04	-9.67353E-04	-6.81427E-03	2.53342E-01	9.67353E-01	1000010010	1.10958E+01	-5.36871E-03	-4.88099E-03	-1.86374E-02	-6.81427E-03	2.53342E-01	9.67353E-01	PRIM
1.93019E-02	1000010010	5.09751E+00	-5.31006E-03	9.80122E-04	-5.73128E-05	-1.89939E-01	-9.80122E-01	5.73128E-02	1000010010	5.09751E+00	-1.64387E-03	1.98983E-02	-1.16356E-03	-1.89939E-01	-9.80122E-01	5.73128E-02	PRIM
1.96024E-02	1000010010	1.61582E+01	-5.25859E-03	-5.95583E-05	9.68594E-04	-2.41410E-01	5.95583E-02	-9.68594E-01	1000010010	1.61582E+01	-5.26367E-04	-1.22705E-03	1.99554E-02	-2.41410E-01	5.95583E-02	-9.68594E-01	PRIM
1.38745E-02	1000010010	6.29363E+00	-6.40758E-03	2.63411E-04	-3.26985E-04	9.07577E-01	-2.63411E-01	3.26985E-01	1000010010	6.29363E+00	-1.89998E-02	3.91812E-03	-4.86375E-03	9.07577E-01	-2.63411E-01	3.26985E-01	PRIM
1.93019E-02	1000010010	1.12437E+02	-5.31006E-03	9.80122E-04	-5.73128E-05	-1.89939E-01	-9.80122E-01	5.73128E-02	1000010010	1.12437E+02	-1.64387E-03	1.98983E-02	-1.16356E-03	-1.89939E-01	-9.80122E-01	5.73128E-02	PRIM
1.89554E-02	1000010010	7.52703E+00	-5.37032E-03	-1.54285E-04	-9.79479E-04	-1.29682E-01	1.54285E-01	9.79479E-01	1000010010	7.52703E+00	-2.91215E-03	-3.07882E-03	-1.95458E-02	-1.29682E-01	1.54285E-01	9.79479E-01	PRIM
1.37405E-02	1000010010	5.51142E+00	-6.44031E-03	8.88579E-06	3.40205E-04	9.40309E-01	-8.88579E-03	-3.40205E-01	1000010010	5.51142E+00	-1.93606E-02	1.30981E-04	5.01480E-03	9.40309E-01	-8.88579E-03	-3.40205E-01	PRIM
2.09141E-02	1000010010	6.01196E+00	-5.04169E-03	-5.19175E-05	-8.87273E-04	-4.58314E-01	5.19175E-02	8.87273E-01	1000010010	6.01196E+00	4.54356E-03	-1.13773E-03	-1.94438E-02	-4.58314E-01	5.19175E-02	8.87273E-01	PRIM
2.23387E-02	1000010010	7.35976E+00	-4.81864E-03	-7.30475E-04	-4.41575E-05	-6.81431E-01	7.30548E-01	4.41619E-02	1000010010	7.35976E+00	1.04037E-02	-1.70500E-02	-1.03068E-03	-6.81431E-01	7.30548E-01	4.41619E-02	PRIM
1.83585E-02	1000010010	1.40700E+01	-5.47651E-03	7.03145E-04	7.10659E-04	-2.34910E-02	-7.03145E-01	-7.10659E-01	1000010010	1.40700E+01	-5.04525E-03	1.36118E-02	1.37573E-02	-2.34910E-02	-7.03145E-01	-7.10659E-01	PRIM
1.69440E-02	1000010010	5.41249E+00	-5.74198E-03	-6.88504E-04	-6.83674E-04	2.41978E-01	6.88504E-01	6.83674E-01	1000010010	5.41249E+00	-9.84205E-03	-1.23545E-02	-1.22678E-02	2.41978E-01	6.88504E-01	6.83674E-01	PRIM
1.75239E-02	1000010010	1.05441E+01	-5.63061E-03	8.93553E-04	4.29539E-04	1.30611E-01	-8.93553E-01	-4.29539E-01	1000010010	1.05441E+01	-7.91944E-03	1.65521E-02	7.95675E-03	1.30611E-01	-8.93553E-01	-4.29539E-01	PRIM
2.18811E-02	1000010010	1.45739E+01	-4.88903E-03	-3.54886E-04	-7.07514E-04	-6.11027E-01	3.54921E-01	7.07585E-01	1000010010	1.45739E+01	8.48091E-03	-8.12096E-03	-1.61903E-02	-6.11027E-01	3.54921E-01	7.07585E-01	PRIM
2.14988E-02	1000010010	5.35452E+00	-4.94875E-03	-3.16322E-04	-7.71919E-04	-5.51310E-01	3.16354E-01	7.71996E-01	1000010010	5.35452E+00	6.90375E-03	-7.11755E-03	-1.73689E-02	-5.51310E-01	3.16354E-01	7.71996E-01	PRIM
2.28915E-02	1000010010	8.26275E+00	-4.73507E-03	3.15162E-04	5.61564E-04	-7.65007E-01	-3.15193E-01	-5.61620E-01	1000010010	8.26275E+00	1.27771E-02	7.53040E-03	1.34179E-02	-7.65007E-01	-3.15193E-01	-5.61620E-01	PRIM
1.96601E-02	1000010010	1.00801E+01	-5.24880E-03	-7.51725E-05	9.65011E-04	-2.51201E-01	7.51725E-02	-9.65011E-01	1000010010	1.00801E+01	-3.10163E-04	-1.55307E-03	1.99372E-02	-2.51201E-01	7.51725E-02	-9.65011E-01	PRIM
1.68744E-02	1000010010	1.29188E+01	-5.75561E-03	8.48449E-04	4.63464E-04	2.55607E-01	-8.48449E-01	-4.63464E-01	1000010010	1.29188E+01	-1.00688E-02	1.51655E-02	8.28413E-03	2.55607E-01	-8.48449E-01	-4.63464E-01	PRIM
2.19757E-02	1000010010	8.98507E+00	-4.87430E-03	6.08430E-04	-4.88177E-04	-6.25696E-01	-6.08430E-01	4.88177E-01	1000010010	8.98507E+00	8.87583E-03	1.39791E-02	-1.12162E-02	-6.25696E-01	-6.08430E-01	4.88177E-01	PRIM
1.98230E-02	1000010010	1.85103E+01	-5.22125E-03	5.60143E-04	-7.80088E-04	-2.78751E-01	-5.60143E-01	7.80088E-01	1000010010	1.85103E+01	3.04442E-04	1.16639E-02	-1.62438E-02	-2.78751E-01	-5.60143E-01	7.80088E-01	PRIM
2.27698E-02	1000010010	2.50413E+01	-4.75323E-03	-4.39178E-04	4.99463E-04	-7.46766E-01	4.39178E-01	-4.99463E-01	1000010010	2.50413E+01	1.22505E-02	-1.04392E-02	1.18722E-02	-7.46766E-01	4.39178E-01	-4.99463E-01	PRIM
1.75159E-02	1000010010	6.24083E+00	-5.63213E-03	-4.55161E-05	9.90186E-04	1.32135E-01	4.55161E-02	-9.90186E-01	1000010010	6.24083E+00	-7.94659E-03	-8.42770E-04	1.83342E-02	1.32135E-01	4.55161E-02	-9.90186E-01	PRIM
1.75239E-02	1000010010	1.13020E+01	-5.63061E-03	8.93553E-04	4.29539E-04	1.30611E-01	-8.93553E-01	-4.29539E-01	1000010010	1.13020E+01	-7.91944E-03	1.65521E-02	7.95675E-03	1.30611E-01	-8.93553E-01	-4.29539E-01	PRIM
1.39925E-02	1000010010	1.05476E+01	-6.37908E-03	-9.93587E-05	4.66211E-04	8.79076E-01	9.93587E-02	-4.66211E-01	1000010010	1.05476E+01	-1.86796E-02	-1.48963E-03	6.98966E-03	8.79076E-01	9.93587E-02	-4.66211E-01	PRIM
2.11128E-02	1000010010	2.07872E+01	-5.00992E-03	8.70239E-04	4.79796E-05	-4.90133E-01	-8.70326E-01	-4.79844E-02	1000010010	2.07872E+01	5.33815E-03	1.92452E-02	1.06106E-03	-4.90133E-01	-8.70326E-01	-4.79844E-02	PRIM
1.48414E-02	1000010010	8.72970E+00	-6.18176E-03	-3.29826E-04	6.53009E-04	6.81759E-01	3.29826E-01	-6.53009E-01	1000010010	8.72970E+00	-1.63000E-02	-5.22490E-03	1.03446E-02	6.81759E-01	3.29826E-01	-6.53009E-01	PRIM
1.80235E-02	1000010010	1.89108E+01	-5.53754E-03	-7.46636E-04	-6.64173E-04	3.75385E-02	7.46636E-01	6.64173E-01	1000010010	1.89108E+01	-6.21411E-03	-1.42037E-02	-1.26349E-02	3.75385E-02	7.46636E-01	6.64173E-01	PRIM
2.36783E-02	1000010010	7.51156E+00	-4.61869E-03	-4.58737E-04	1.12460E-04	-8.81401E-01	4.58783E-01	-1.12471E-01	1000010010	7.51156E+00	1.62514E-02	-1.13220E-02	2.77559E-03	-8.81401E-01	4.58783E-01	-1.12471E-01	PRIM
1.93941E-02	1000010010	1.28887E+01	-5.29419E-03	8.58562E-04	4.69590E-04	-2.05809E-01	-8.58562E-01	-4.69590E-01	1000010010	1.28887E+01	-1.30271E-03	1.75096E-02	9.57687E-03	-2.05809E-01	-8.58562E-01	-4.69590E-01	PRIM
1.93285E-02	1000010010	1.89016E+01	-5.30547E-03	-5.08598E-05	-9.79577E-04	-1.94528E-01	5.08598E-02	9.79577E-01	1000010010	1.89016E+01	-1.54552E-03	-1.03390E-03	-1.99134E-02	-1.94528E-01	5.08598E-02	9.79577E-01	PRIM
2.09141E-02	1000010010	7.26014E+00	-5.04169E-03	-5.19175E-05	-8.87273E-04	-4.58314E-01	5.19175E-02	8.87273E-01	1000010010	7.26014E+00	4.54356E-03	-1.13773E-03	-1.94438E-02	-4.58314E-01	5.19175E-02	8.87273E-01	PRIM
1.82664E-02	1000010010	9.44767E+00	-5.49319E-03	-2.53342E-04	-9.67353E-04	-6.81427E-03	2.53342E-01	9.67353E-01	1000010010	9.44767E+00	-5.36871E-03	-4.88099E-03	-1.86374E-02	-6.81427E-03	2.53342E-01	9.67353E-01	PRIM
1.99171E-02	1000010010	2.30800E+01	-5.20544E-03	-6.68937E-04	6.82462E-04	-2.94564E-01	6.68937E-01	-6.82462E-01	1000010010	2.30800E+01	6.61435E-04	-1.39922E-02	1.42751E-02	-2.94564E-01	6.68937E-01	-6.82462E-01	PRIM
1.99598E-02	1000010010	6.89557E+00	-5.19829E-03	1.61284E-04	-9.39658E-04	-3.01712E-01	-1.61284E-01	9.39658E-01	1000010010	6.89557E+00	8.23808E-04	3.38048E-03	-1.96950E-02	-3.01712E-01	-1.61284E-01	9.39658E-01	PRIM
2.33760E-02	1000010010	8.53109E+00	-4.66306E-03	-5.04946E-05	-5.44774E-04	-8.37025E-01	5.04997E-02	5.44829E-01	1000010010	8.53109E+00	1.49033E-02	-1.23098E-03	-1.32807E-02	-8.37025E-01	5.04997E-02	5.44829E-01	PRIM
1.92822E-02	1000010010	1.33907E+01	-5.31347E-03	8.65408E-04	4.65053E-04	-1.86533E-01	-8.65408E-01	-4.65053E-01	1000010010	1.33907E+01	-1.71671E-03	1.75524E-02	9.43227E-03	-1.86533E-01	-8.65408E-01	-4.65053E-01	PRIM
1.98656E-02	1000010010	1.15206E+01	-5.21409E-03	7.97928E-04	5.30627E-04	-2.85913E-01	-7.97928E-01	-5.30627E-01	1000010010	1.15206E+01	4.65756E-04	1.66492E-02	1.10718E-02	-2.85913E-01	-7.97928E-01	-5.30627E-01	PRIM
1.93705E-02	1000010010	1.18841E+01	-5.29829E-03	2.32266E-04	9.51402E-04	-2.01729E-01	-2.32290E-01	-9.51497E-01	1000010010	1.18841E+01	-1.39071E-03	4.73183E-03	1.93824E-02	-2.01729E-01	-2.32290E-01	-9.51497E-01	PRIM
2.35573E-02	1000010010	4.41290E+02	-4.63631E-03	4.50583E-04	2.25857E-04	-8.63692E-01	-4.50583E-01	-2.25857E-01	1000010010	4.41290E+02	1.57099E-02	1.10651E-02	5.54644E-03	-8.63692E-01	-4.50583E-01	-2.25857E-01	PRIM
1.39169E-02	1000010010	4.52465E+01	-6.39730E-03	-3.69825E-04	2.40997E-04	8.97301E-01	3.69825E-01	-2.40997E-01	1000010010	4.52465E+01	-1.88850E-02	-5.51666E-03	3.59493E-03	8.97301E-01	3.69825E-01	-2.40997E-01	PRIM
1.91265E-02	1000010010	8.40346E+00	-5.34044E-03	-2.14078E-05	9.86956E-04	-1.59561E-01	2.14078E-02	-9.86956E-01	1000010010	8.40346E+00	-2.28859E-03	-4.30865E-04	1.98640E-02	-1.59561E-01	2.14078E-02	-9.86956E-01	PRIM
2.03616E-02	1000010010	1.50053E+01	-5.13164E-03	-1.01307E-04	-9.24037E-04	-3.68401E-01	1.01317E-01	9.24130E-01	1000010010	1.50053E+01	2.36961E-03	-2.16430E-03	-1.97408E-02	-3.68401E-01	1.01317E-01	9.24130E-01	PRIM
2.20591E-02	1000010010	2.42941E+01	-4.86151E-03	4.40143E-04	6.31195E-04	-6.38552E-01	-4.40187E-01	-6.31258E-01	1000010010	2.42941E+01	9.22438E-03	1.01503E-02	1.45562E-02	-6.38552E-01	-4.40187E-01	-6.31258E-01	PRIM
1.88116E-02	1000010010	6.15311E+00	-5.39560E-03	1.24848E-04	9.86668E-04	-1.04396E-01	-1.24848E-01	-9.86668E-01	1000010010	6.15311E+00	-3.43174E-03	2.47345E-03	1.95475E-02	-1.04396E-01	-1.24848E-01	-9.86668E-01	PRIM
1.72224E-02	1000010010	1.04408E+01	-5.68805E-03	-4.86187E-04	-8.53381E-04	1.88048E-01	4.86187E-01	8.53381E-01	1000010010	1.04408E+01	-8.92670E-03	-8.85951E-03	-1.55507E-02	1.88048E-01	4.86187E-01	8.53381E-01	PRIM
1.75239E-02	1000010010	2.79868E+01	-5.63061E-03	8.93553E-04	4.29539E-04	1.30611E-01	-8.93553E-01	-4.29539E-01	1000010010	2.79868E+01	-7.91944E-03	1.65521E-02	7.95675E-03	1.30611E-01	-8.93553E-01	-4.29539E-01	PRIM
1.82664E-02	1000010010	1.43578E+01	-5.49319E-03	-2.53342E-04	-9.67353E-04	-6.81427E-03	2.53342E-01	9.67353E-01	1000010010	1.43578E+01	-5.36871E-03	-4.88099E-03	-1.86374E-02	-6.81427E-03	2.53342E-01	9.67353E-01	PRIM
2.18811E-02	1000010010	3.73562E+01	-4.88903E-03	-3.54886E-04	-7.07514E-04	-6.11027E-01	3.54921E-01	7.07585E-01	1000010010	3.73562E+01	8.48091E-03	-8.12096E-03	-1.61903E-02	-6.11027E-01	3.54921E-01	7.07585E-01	PRIM
2.05694E-02	1000010010	5.58544E+00	-5.09755E-03	2.84459E-04	8.70124E-04	-4.02452E-01	-2.84459E-01	-8.70124E-01	1000010010	5.58544E+00	3.18063E-03	6.13561E-03	1.87680E-02	-4.02452E-01	-2.84459E-01	-8.70124E-01	PRIM
1.91914E-02	1000010010	9.92832E+00	-5.32917E-03	2.09103E-05	-9.85079E-04	-1.70830E-01	-2.09103E-02	9.85079E-01	1000010010	9.92832E+00	-2.05071E-03	4.22208E-04	-1.98901E-02	-1.70830E-01	-2.09103E-02	9.85079E-01	PRIM
2.03142E-02	1000010010	1.24193E+01	-5.13939E-03	-2.91317E-05	9.32263E-04	-3.60607E-01	2.91317E-02	-9.32263E-01	1000010010	1.24193E+01	2.18606E-03	-6.20920E-04	1.98705E-02	-3.60607E-01	2.91317E-02	-9.32263E-01	PRIM
2.16140E-02	1000010010	8.53836E+00	-4.93059E-03	-7.38973E-04	-3.60124E-04	-5.69412E-01	7.38973E-01	3.60124E-01	1000010010	8.53836E+00	7.37670E-03	-1.67111E-02	-8.14384E-03	-5.69412E-01	7.38973E-01	3.60124E-01	PRIM
1.88116E-02	1000010010	8.40558E+00	-5.39560E-03	1.24848E-04	9.86668E-04	-1.04396E-01	-1.24848E-01	-9.86668E-01	1000010010	8.40558E+00	-3.43174E-03	2.47345E-03	1.95475E-02	-1.04396E-01	-1.24848E-01	-9.86668E-01	PRIM
2.43237E-02	1000010010	8.14529E+00	-4.52531E-03	1.07812E-04	-1.95335E-04	-9.74788E-01	-1.07823E-01	1.95354E-01	1000010010	8.14529E+00	1.91852E-02	2.73048E-03	-4.94708E-03	-9.74788E-01	-1.07823E-01	1.95354E-01	PRIM
2.23387E-02	1000010010	7.27367E+00	-4.81864E-03	-7.30475E-04	-4.41575E-05	-6.81431E-01	7.30548E-01	4.41619E-02	1000010010	7.27367E+00	1.04037E-02	-1.70500E-02	-1.03068E-03	-6.81431E-01	7.30548E-01	4.41619E-02	PRIM
1.97131E-02	1000010010	5.06734E+00	-5.23981E-03	1.78256E-05	9.65394E-04	-2.60188E-01	-1.78256E-02	-9.65394E-01	1000010010	5.06734E+00	-1.10708E-04	3.69223E-04	1.99963E-02	-2.60188E-01	-1.78256E-02	-9.65394E-01	PRIM
1.82762E-02	1000010010	2.69186E+01	-5.49143E-03	-4.08228E-04	9.12730E-04	-8.57067E-03	4.08269E-01	-9.12821E-01	1000010010	2.69186E+01	-5.33479E-03	-7.86983E-03	1.75956E-02	-8.57067E-03	4.08269E-01	-9.12821E-01	PRIM
2.07809E-02	1000010010	5.16381E+00	-5.06324E-03	-5.16234E-04	-7.36576E-04	-4.36802E-01	5.16286E-01	7.36650E-01	1000010010	5.16381E+00	4.01390E-03	-1.12451E-02	-1.60448E-02	-4.36802E-01	5.16286E-01	7.36650E-01	PRIM
1.55238E-02	1000010010	2.53339E+01	-6.03209E-03	5.93271E-04	-6.04075E-04	5.32093E-01	-5.93271E-01	6.04075E-01	1000010010	2.53339E+01	-1.42922E-02	9.80309E-03	-9.98161E-03	5.32093E-01	-5.93271E-01	6.04075E-01	PRIM
2.03081E-02	1000010010	5.82668E+00	-5.14046E-03	3.10933E-04	-8.79689E-04	-3.59575E-01	-3.10964E-01	8.79777E-01	1000010010	5.82668E+00	2.16182E-03	6.62601E-03	-1.87463E-02	-3.59575E-01	-3.10964E-01	8.79777E-01	PRIM
2.04339E-02	1000010010	1.55477E+01	-5.11971E-03	3.01156E-04	8.74464E-04	-3.80286E-01	-3.01156E-01	-8.74464E-01	1000010010	1.55477E+01	2.65100E-03	6.45494E-03	1.87432E-02	-3.80286E-01	-3.01156E-01	-8.74464E-01	PRIM
1.61244E-02	1000010010	2.93370E+01	-5.90613E-03	-7.51523E-04	5.19681E-04	4.06175E-01	7.51598E-01	-5.19733E-01	1000010010	2.93370E+01	-1.24554E-02	-1.28706E-02	8.90004E-03	4.06175E-01	7.51598E-01	-5.19733E-01	PRIM
1.93047E-02	1000010010	3.67145E+01	-5.30959E-03	-1.44097E-04	9.71071E-04	-1.90414E-01	1.44097E-01	-9.71071E-01	1000010010	3.67145E+01	-1.63372E-03	-2.92584E-03	1.97173E-02	-1.90414E-01	1.44097E-01	-9.71071E-01	PRIM
1.88116E-02	1000010010	5.76510E+00	-5.39560E-03	1.24848E-04	9.86668E-04	-1.04396E-01	-1.24848E-01	-9.86668E-01	1000010010	5.76510E+00	-3.43174E-03	2.47345E-03	1.95475E-02	-1.04396E-01	-1.24848E-01	-9.86668E-01	PRIM
1.82664E-02	1000010010	1.93425E+01	-5.49319E-03	-2.53342E-04	-9.67353E-04	-6.81427E-03	2.53342E-01	9.67353E-01	1000010010	1.93425E+01	-5.36871E-03	-4.88099E-03	-1.86374E-02	-6.81427E-03	2.53342E-01	9.67353E-01	PRIM
1.58630E-02	1000010010	1.50615E+01	-5.96033E-03	7.52089E-04	4.71652E-04	4.60333E-01	-7.52089E-01	-4.71652E-01	1000010010	1.50615E+01	-1.32626E-02	1.26825E-02	7.95348E-03	4.60333E-01	-7.52089E-01	-4.71652E-01	PRIM
1.82762E-02	1000010010	1.04850E+01	-5.49143E-03	-4.08228E-04	9.12730E-04	-8.57067E-03	4.08269E-01	-9.12821E-01	1000010010	1.04850E+01	-5.33479E-03	-7.86983E-03	1.75956E-02	-8.57067E-03	4.08269E-01	-9.12821E-01	PRIM
1.56433E-02	1000010010	1.63621E+01	-6.00662E-03	8.30253E-04	-2.32408E-04	5.06623E-01	-8.30253E-01	2.32408E-01	1000010010	1.63621E+01	-1.39319E-02	1.38181E-02	-3.86804E-03	5.06623E-01	-8.30253E-01	2.32408E-01	PRIM
1.83585E-02	1000010010	1.26711E+01	-5.47651E-03	7.03145E-04	7.10659E-04	-2.34910E-02	-7.03145E-01	-7.10659E-01	1000010010	1.26711E+01	-5.04525E-03	1.36118E-02	1.37573E-02	-2.34910E-02	-7.03145E-01	-7.10659E-01	PRIM
1.90439E-02	1000010010	5.84724E+01	-5.35483E-03	-9.21896E-04	-3.59210E-04	-1.45172E-01	9.21896E-01	3.59210E-01	1000010010	5.84724E+01	-2.59018E-03	-1.84784E-02	-7.19997E-03	-1.45172E-01	9.21896E-01	3.59210E-01	PRIM
2.35573E-02	1000010010	4.44047E+01	-4.63631E-03	4.50583E-04	2.25857E-04	-8.63692E-01	-4.50583E-01	-2.25857E-01	1000010010	4.44047E+01	1.57099E-02	1.10651E-02	5.54644E-03	-8.63692E-01	-4.50583E-01	-2.25857E-01	PRIM
1.90984E-02	1000010010	8.89342E+00	-5.34537E-03	8.56765E-04	4.91775E-04	-1.54648E-01	-8.56851E-01	-4.91824E-01	1000010010	8.89342E+00	-2.39184E-03	1.72212E-02	9.88481E-03	-1.54648E-01	-8.56851E-01	-4.91824E-01	PRIM
2.14515E-02	1000010010	5.12919E+00	-4.95612E-03	5.65589E-04	6.19923E-04	-5.43878E-01	-5.65589E-01	-6.19923E-01	1000010010	5.12919E+00	6.71088E-03	1.26983E-02	1.39182E-02	-5.43878E-01	-5.65589E-01	-6.19923E-01	PRIM
1.88116E-02	1000010010	1.19167E+01	-5.39560E-03	1.24848E-04	9.86668E-04	-1.04396E-01	-1.24848E-01	-9.86668E-01	1000010010	1.19167E+01	-3.43174E-03	2.47345E-03	1.95475E-02	-1.04396E-01	-1.24848E-01	-9.86668E-01	PRIM
2.28116E-02	1000010010	2.34686E+01	-4.74697E-03	4.17318E-04	-5.08708E-04	-7.53035E-01	-4.17318E-01	5.08708E-01	1000010010	2.34686E+01	1.24309E-02	9.93700E-03	-1.21131E-02	-7.53035E-01	-4.17318E-01	5.08708E-01	PRIM
2.11168E-02	1000010010	4.69486E+01	-5.00927E-03	4.24799E-04	7.60615E-04	-4.90774E-01	-4.24842E-01	-7.60691E-01	1000010010	4.69486E+01	5.35430E-03	9.39608E-03	1.68239E-02	-4.90774E-01	-4.24842E-01	-7.60691E-01	PRIM
2.00189E-02	1000010010	2.17655E+01	-5.18841E-03	5.99208E-05	9.48324E-04	-3.11594E-01	-5.99208E-02	-9.48324E-01	1000010010	2.17655E+01	1.04935E-03	1.25947E-03	1.99327E-02	-3.11594E-01	-5.99208E-02	-9.48324E-01	PRIM
1.75708E-02	1000010010	5.92759E+00	-5.62177E-03	7.24607E-05	9.89809E-04	1.21782E-01	-7.24680E-02	-9.89908E-01	1000010010	5.92759E+00	-7.76158E-03	1.34578E-03	1.83833E-02	1.21782E-01	-7.24680E-02	-9.89908E-01	PRIM
1.44654E-02	1000010010	8.26313E+00	-6.26748E-03	-2.14669E-04	6.03894E-04	7.67559E-01	2.14691E-01	-6.03955E-01	1000010010	8.26313E+00	-1.73705E-02	-3.32025E-03	9.34032E-03	7.67559E-01	2.14691E-01	-6.03955E-01	PRIM
1.93019E-02	1000010010	5.79838E+00	-5.31006E-03	9.80122E-04	-5.73128E-05	-1.89939E-01	-9.80122E-01	5.73128E-02	1000010010	5.79838E+00	-1.64387E-03	1.98983E-02	-1.16356E-03	-1.89939E-01	-9.80122E-01	5.73128E-02	PRIM
2.15597E-02	1000010010	6.01617E+00	-4.93918E-03	7.56323E-04	3.36534E-04	-5.60878E-01	-7.56398E-01	-3.36567E-01	1000010010	6.01617E+00	7.15317E-03	1.70640E-02	7.59282E-03	-5.60878E-01	-7.56398E-01	-3.36567E-01	PRIM
2.00829E-02	1000010010	1.53500E+01	-5.17773E-03	-8.24189E-05	9.43052E-04	-3.22274E-01	8.24189E-02	-9.43052E-01	1000010010	1.53500E+01	1.29449E-03	-1.73763E-03	1.98823E-02	-3.22274E-01	8.24189E-02	-9.43052E-01	PRIM
1.51705E-02	1000010010	5.58694E+00	-6.10866E-03	-7.76361E-04	-1.63688E-04	6.08663E-01	7.76361E-01	1.63688E-01	1000010010	5.58694E+00	-1.53424E-02	-1.25541E-02	-2.64691E-03	6.08663E-01	7.76361E-01	1.63688E-01	PRIM
2.44673E-02	1000010010	5.53486E+00	-4.50467E-03	9.24039E-05	2.78195E-05	-9.95333E-01	-9.24039E-02	-2.78195E-02	1000010010	5.53486E+00	1.98484E-02	2.35328E-03	7.08487E-04	-9.95333E-01	-9.24039E-02	-2.78195E-02	PRIM
2.02194E-02	1000010010	5.54665E+00	-5.15507E-03	-1.93842E-04	9.18393E-04	-3.44935E-01	1.93842E-01	-9.18393E-01	1000010010	5.54665E+00	1.81930E-03	-4.11321E-03	1.94877E-02	-3.44935E-01	1.93842E-01	-9.18393E-01	PRIM
1.40370E-02	1000010010	6.09597E+01	-6.36832E-03	1.64905E-04	-4.67575E-04	8.68407E-01	-1.64921E-01	4.67621E-01	1000010010	6.09597E+01	-1.85582E-02	2.47991E-03	-7.03160E-03	8.68407E-01	-1.64921E-01	4.67621E-01	PRIM
2.38603E-02	1000010010	1.45448E+01	-4.59207E-03	-4.04760E-04	1.08782E-04	-9.07929E-01	4.04760E-01	-1.08782E-01	1000010010	1.45448E+01	1.70714E-02	-1.00625E-02	2.70434E-03	-9.07929E-01	4.04760E-01	-1.08782E-01	PRIM
2.34912E-02	1000010010	6.39485E+00	-4.64611E-03	3.14234E-04	4.14641E-04	-8.53976E-01	-3.14266E-01	-4.14683E-01	1000010010	6.39485E+00	1.54148E-02	7.69670E-03	1.01560E-02	-8.53976E-01	-3.14266E-01	-4.14683E-01	PRIM
1.94904E-02	1000010010	1.52017E+01	-5.27770E-03	4.50560E-04	-8.64625E-04	-2.22305E-01	-4.50560E-01	8.64625E-01	1000010010	1.52017E+01	-9.44891E-04	9.23216E-03	-1.77165E-02	-2.22305E-01	-4.50560E-01	8.64625E-01	PRIM
1.59957E-02	1000010010	6.26209E+00	-5.93271E-03	8.82529E-04	-1.84137E-04	4.32708E-01	-8.82529E-01	1.84137E-01	1000010010	6.26209E+00	-1.28542E-02	1.49992E-02	-3.12955E-03	4.32708E-01	-8.82529E-01	1.84137E-01	PRIM
2.00829E-02	1000010010	7.25826E+00	-5.17773E-03	-8.24189E-05	9.43052E-04	-3.22274E-01	8.24189E-02	-9.43052E-01	1000010010	7.25826E+00	1.29449E-03	-1.73763E-03	1.98823E-02	-3.22274E-01	8.24189E-02	-9.43052E-01	PRIM
2.03518E-02	1000010010	3.97716E+01	-5.13320E-03	-1.91668E-04	9.10341E-04	-3.66802E-01	1.91668E-01	-9.10341E-01	1000010010	3.97716E+01	2.33189E-03	-4.09246E-03	1.94374E-02	-3.66802E-01	1.91668E-01	-9.10341E-01	PRIM
1.91265E-02	1000010010	1.06362E+01	-5.34044E-03	-2.14078E-05	9.86956E-04	-1.59561E-01	2.14078E-02	-9.86956E-01	1000010010	1.06362E+01	-2.28859E-03	-4.30865E-04	1.98640E-02	-1.59561E-01	2.14078E-02	-9.86956E-01	PRIM
2.33760E-02	1000010010	2.08228E+01	-4.66306E-03	-5.04946E-05	-5.44774E-04	-8.37025E-01	5.04997E-02	5.44829E-01	1000010010	2.08228E+01	1.49033E-02	-1.23098E-03	-1.32807E-02	-8.37025E-01	5.04997E-02	5.44829E-01	PRIM
2.04339E-02	1000010010	5.87386E+00	-5.11971E-03	3.01156E-04	8.74464E-04	-3.80286E-01	-3.01156E-01	-8.74464E-01	1000010010	5.87386E+00	2.65100E-03	6.45494E-03	1.87432E-02	-3.80286E-01	-3.01156E-01	-8.74464E-01	PRIM
1.68201E-02	1000010010	9.82339E+00	-5.76627E-03	8.45640E-05	-9.60183E-04	2.66265E-01	-8.45640E-02	9.60183E-01	1000010010	9.82339E+00	-1.02449E-02	1.50694E-03	-1.71106E-02	2.66265E-01	-8.45640E-02	9.60183E-01	PRIM
1.94904E-02	1000010010	1.67853E+01	-5.27770E-03	4.50560E-04	-8.64625E-04	-2.22305E-01	-4.50560E-01	8.64625E-01	1000010010	1.67853E+01	-9.44891E-04	9.23216E-03	-1.77165E-02	-2.22305E-01	-4.50560E-01	8.64625E-01	PRIM
2.38603E-02	1000010010	8.47750E+00	-4.59207E-03	-4.04760E-04	1.08782E-04	-9.07929E-01	4.04760E-01	-1.08782E-01	1000010010	8.47750E+00	1.70714E-02	-1.00625E-02	2.70434E-03	-9.07929E-01	4.04760E-01	-1.08782E-01	PRIM
1.98230E-02	1000010010	5.52086E+00	-5.22125E-03	5.60143E-04	-7.80088E-04	-2.78751E-01	-5.60143E-01	7.80088E-01	1000010010	5.52086E+00	3.04442E-04	1.16639E-02	-1.62438E-02	-2.78751E-01	-5.60143E-01	7.80088E-01	PRIM
1.40370E-02	1000010010	9.71322E+00	-6.36832E-03	1.64905E-04	-4.67575E-04	8.68407E-01	-1.64921E-01	4.67621E-01	1000010010	9.71322E+00	-1.85582E-02	2.47991E-03	-7.03160E-03	8.68407E-01	-1.64921E-01	4.67621E-01	PRIM
1.80947E-02	1000010010	5.53897E+00	-5.52449E-03	-7.44231E-04	6.67473E-04	2.44908E-02	7.44231E-01	-6.67473E-01	1000010010	5.53897E+00	-5.96764E-03	-1.42108E-02	1.27452E-02	2.44908E-02	7.44231E-01	-6.67473E-01	PRIM
1.75159E-02	1000010010	6.15720E+00	-5.63213E-03	-4.55161E-05	9.90186E-04	1.32135E-01	4.55161E-02	-9.90186E-01	1000010010	6.15720E+00	-7.94659E-03	-8.42770E-04	1.83342E-02	1.32135E-01	4.55161E-02	-9.90186E-01	PRIM
2.09141E-02	1000010010	7.31931E+00	-5.04169E-03	-5.19175E-05	-8.87273E-04	-4.58314E-01	5.19175E-02	8.87273E-01	1000010010	7.31931E+00	4.54356E-03	-1.13773E-03	-1.94438E-02	-4.58314E-01	5.19175E-02	8.87273E-01	PRIM
1.82664E-02	1000010010	1.02100E+01	-5.49319E-03	-2.53342E-04	-9.67353E-04	-6.81427E-03	2.53342E-01	9.67353E-01	1000010010	1.02100E+01	-5.36871E-03	-4.88099E-03	-1.86374E-02	-6.81427E-03	2.53342E-01	9.67353E-01	PRIM
1.80782E-02	1000010010	6.66828E+00	-5.52750E-03	5.06342E-04	-8.61894E-04	2.74998E-02	-5.06342E-01	8.61894E-01	1000010010	6.66828E+00	-6.02465E-03	9.66010E-03	-1.64434E-02	2.74998E-02	-5.06342E-01	8.61894E-01	PRIM
1.98530E-02	1000010010	5.92171E+00	-5.21620E-03	1.86047E-04	-9.40663E-04	-2.83796E-01	-1.86047E-01	9.40663E-01	1000010010	5.92171E+00	4.18002E-04	3.87964E-03	-1.96156E-02	-2.83796E-01	-1.86047E-01	9.40663E-01	PRIM
1.75159E-02	1000010010	5.93274E+00	-5.63213E-03	-4.55161E-05	9.90186E-04	1.32135E-01	4.55161E-02	-9.90186E-01	1000010010	5.93274E+00	-7.94659E-03	-8.42770E-04	1.83342E-02	1.32135E-01	4.55161E-02	-9.90186E-01	PRIM
2.11128E-02	1000010010	1.01281E+01	-5.00992E-03	8.70239E-04	4.79796E-05	-4.90133E-01	-8.70326E-01	-4.79844E-02	1000010010	1.01281E+01	5.33815E-03	1.92452E-02	1.06106E-03	-4.90133E-01	-8.70326E-01	-4.79844E-02	PRIM
1.71733E-02	1000010010	9.80201E+00	-5.69749E-03	-9.27570E-04	-3.17191E-04	1.97494E-01	9.27570E-01	3.17191E-01	1000010010	9.80201E+00	-9.08912E-03	-1.68570E-02	-5.76441E-03	1.97494E-01	9.27570E-01	3.17191E-01	PRIM
1.60959E-02	1000010010	6.54338E+00	-5.91200E-03	-3.79604E-05	9.10393E-04	4.12000E-01	3.79604E-02	-9.10393E-01	1000010010	6.54338E+00	-1.25435E-02	-6.48970E-04	1.55640E-02	4.12000E-01	3.79604E-02	-9.10393E-01	PRIM
1.40661E-02	1000010010	8.21007E+00	-6.36143E-03	-2.21683E-04	-4.56936E-04	8.61432E-01	2.21683E-01	4.56936E-01	1000010010	8.21007E+00	-1.84784E-02	-3.33991E-03	-6.88424E-03	8.61432E-01	2.21683E-01	4.56936E-01	PRIM
1.77926E-02	1000010010	1.21802E+01	-5.58025E-03	3.77112E-04	9.22684E-04	8.02511E-02	-3.77112E-01	-9.22684E-01	1000010010	1.21802E+01	-7.00812E-03	7.08690E-03	1.73396E-02	8.02511E-02	-3.77112E-01	-9.22684E-01	PRIM
2.33760E-02	1000010010	5.85007E+00	-4.66306E-03	-5.04946E-05	-5.44774E-04	-8.37025E-01	5.04997E-02	5.44829E-01	1000010010	5.85007E+00	1.49033E-02	-1.23098E-03	-1.32807E-02	-8.37025E-01	5.04997E-02	5.44829E-01	PRIM
1.92822E-02	1000010010	1.37208E+01	-5.31347E-03	8.65408E-04	4.65053E-04	-1.86533E-01	-8.65408E-01	-4.65053E-01	1000010010	1.37208E+01	-1.71671E-03	1.75524E-02	9.43227E-03	-1.86533E-01	-8.65408E-01	-4.65053E-01	PRIM
1.55238E-02	1000010010	9.73405E+00	-6.03209E-03	5.93271E-04	-6.04075E-04	5.32093E-01	-5.93271E-01	6.04075E-01	1000010010	9.73405E+00	-1.42922E-02	9.80309E-03	-9.98161E-03	5.32093E-01	-5.93271E-01	6.04075E-01	PRIM
1.93937E-02	1000010010	3.00795E+01	-5.29427E-03	-2.92900E-04	-9.33747E-04	-2.05732E-01	2.92900E-01	9.33747E-01	1000010010	3.00795E+01	-1.30437E-03	-5.97331E-03	-1.90425E-02	-2.05732E-01	2.92900E-01	9.33747E-01	PRIM
1.42675E-02	1000010010	1.85364E+01	-6.31369E-03	5.60426E-04	1.54380E-04	8.13689E-01	-5.60426E-01	-1.54380E-01	1000010010	1.85364E+01	-1.79230E-02	8.55631E-03	2.35700E-03	8.13689E-01	-5.60426E-01	-1.54380E-01	PRIM
1.79560E-02	1000010010	6.25591E+01	-5.54998E-03	-1.24862E-04	-9.90914E-04	4.99793E-02	1.24862E-01	9.90914E-01	1000010010	6.25591E+01	-6.44741E-03	-2.36689E-03	-1.87837E-02	4.99793E-02	1.24862E-01	9.90914E-01	PRIM
1.56433E-02	1000010010	3.31559E+01	-6.00662E-03	8.30253E-04	-2.32408E-04	5.06623E-01	-8.30253E-01	2.32408E-01	1000010010	3.31559E+01	-1.39319E-02	1.38181E-02	-3.86804E-03	5.06623E-01	-8.30253E-01	2.32408E-01	PRIM
2.43237E-02	1000010010	3.04154E+01	-4.52531E-03	1.07812E-04	-1.95335E-04	-9.74788E-01	-1.07823E-01	1.95354E-01	1000010010	3.04154E+01	1.91852E-02	2.73048E-03	-4.94708E-03	-9.74788E-01	-1.07823E-01	1.95354E-01	PRIM
1.80950E-02	1000010010	9.91777E+00	-5.52443E-03	6.84921E-04	-7.28208E-04	2.44320E-02	-6.84921E-01	7.28208E-01	1000010010	9.91777E+00	-5.96653E-03	1.30785E-02	-1.39051E-02	2.44320E-02	-6.84921E-01	7.28208E-01	PRIM
1.93941E-02	1000010010	1.01607E+01	-5.29419E-03	8.58562E-04	4.69590E-04	-2.05809E-01	-8.58562E-01	-4.69590E-01	1000010010	1.01607E+01	-1.30271E-03	1.75096E-02	9.57687E-03	-2.05809E-01	-8.58562E-01	-4.69590E-01	PRIM
1.68744E-02	1000010010	5.67805E+00	-5.75561E-03	8.48449E-04	4.63464E-04	2.55607E-01	-8.48449E-01	-4.63464E-01	1000010010	5.67805E+00	-1.00688E-02	1.51655E-02	8.28413E-03	2.55607E-01	-8.48449E-01	-4.63464E-01	PRIM
1.80235E-02	1000010010	5.44411E+00	-5.53754E-03	-7.46636E-04	-6.64173E-04	3.75385E-02	7.46636E-01	6.64173E-01	1000010010	5.44411E+00	-6.21411E-03	-1.42037E-02	-1.26349E-02	3.75385E-02	7.46636E-01	6.64173E-01	PRIM
2.04339E-02	1000010010	9.36382E+00	-5.11971E-03	3.01156E-04	8.74464E-04	-3.80286E-01	-3.01156E-01	-8.74464E-01	1000010010	9.36382E+00	2.65100E-03	6.45494E-03	1.87432E-02	-3.80286E-01	-3.01156E-01	-8.74464E-01	PRIM
2.02194E-02	1000010010	7.09937E+00	-5.15507E-03	-1.93842E-04	9.18393E-04	-3.44935E-01	1.93842E-01	-9.18393E-01	1000010010	7.09937E+00	1.81930E-03	-4.11321E-03	1.94877E-02	-3.44935E-01	1.93842E-01	-9.18393E-01	PRIM
1.72762E-02	1000010010	7.82804E+00	-5.67772E-03	7.89387E-04	-5.87608E-04	1.77724E-01	-7.89387E-01	5.87608E-01	1000010010	7.82804E+00	-8.74812E-03	1.44270E-02	-1.07393E-02	1.77724E-01	-7.89387E-01	5.87608E-01	PRIM
1.99598E-02	1000010010	5.16021E+00	-5.19829E-03	1.61284E-04	-9.39658E-04	-3.01712E-01	-1.61284E-01	9.39658E-01	1000010010	5.16021E+00	8.23808E-04	3.38048E-03	-1.96950E-02	-3.01712E-01	-1.61284E-01	9.39658E-01	PRIM
1.37405E-02	1000010010	5.33785E+01	-6.44031E-03	8.88579E-06	3.40205E-04	9.40309E-01	-8.88579E-03	-3.40205E-01	1000010010	5.33785E+01	-1.93606E-02	1.30981E-04	5.01480E-03	9.40309E-01	-8.88579E-03	-3.40205E-01	PRIM
1.90439E-02	1000010010	1.57632E+01	-5.35483E-03	-9.21896E-04	-3.59210E-04	-1.45172E-01	9.21896E-01	3.59210E-01	1000010010	1.57632E+01	-2.59018E-03	-1.84784E-02	-7.19997E-03	-1.45172E-01	9.21896E-01	3.59210E-01	PRIM
1.40661E-02	1000010010	5.03960E+00	-6.36143E-03	-2.21683E-04	-4.56936E-04	8.61432E-01	2.21683E-01	4.56936E-01	1000010010	5.03960E+00	-1.84784E-02	-3.33991E-03	-6.88424E-03	8.61432E-01	2.21683E-01	4.56936E-01	PRIM
1.72224E-02	1000010010	6.57886E+00	-5.68805E-03	-4.86187E-04	-8.53381E-04	1.88048E-01	4.86187E-01	8.53381E-01	1000010010	6.57886E+00	-8.92670E-03	-8.85951E-03	-1.55507E-02	1.88048E-01	4.86187E-01	8.53381E-01	PRIM
2.25287E-02	1000010010	1.50841E+01	-4.78973E-03	-3.92915E-04	-5.83899E-04	-7.10338E-01	3.92954E-01	5.83958E-01	1000010010	1.50841E+01	1.12133E-02	-9.24567E-03	-1.37397E-02	-7.10338E-01	3.92954E-01	5.83958E-01	PRIM
1.93941E-02	1000010010	7.53330E+00	-5.29419E-03	8.58562E-04	4.69590E-04	-2.05809E-01	-8.58562E-01	-4.69590E-01	1000010010	7.53330E+00	-1.30271E-03	1.75096E-02	9.57687E-03	-2.05809E-01	-8.58562E-01	-4.69590E-01	PRIM
1.80950E-02	1000010010	5.50725E+00	-5.52443E-03	6.84921E-04	-7.28208E-04	2.44320E-02	-6.84921E-01	7.28208E-01	1000010010	5.50725E+00	-5.96653E-03	1.30785E-02	-1.39051E-02	2.44320E-02	-6.84921E-01	7.28208E-01	PRIM
2.15804E-02	1000010010	8.96263E+00	-4.93594E-03	-7.36660E-04	3.72778E-04	-5.64120E-01	7.36734E-01	-3.72815E-01	1000010010	8.96263E+00	7.23798E-03	-1.66356E-02	8.41826E-03	-5.64120E-01	7.36734E-01	-3.72815E-01	PRIM
2.19163E-02	1000010010	9.74726E+00	-4.88350E-03	7.11162E-04	-3.37893E-04	-6.16504E-01	-7.11162E-01	3.37893E-01	1000010010	9.74726E+00	8.62801E-03	1.62972E-02	-7.74327E-03	-6.16504E-01	-7.11162E-01	3.37893E-01	PRIM
1.38745E-02	1000010010	5.70317E+00	-6.40758E-03	2.63411E-04	-3.26985E-04	9.07577E-01	-2.63411E-01	3.26985E-01	1000010010	5.70317E+00	-1.89998E-02	3.91812E-03	-4.86375E-03	9.07577E-01	-2.63411E-01	3.26985E-01	PRIM
2.18859E-02	1000010010	5.08162E+00	-4.88822E-03	2.54235E-04	-7.49055E-04	-6.11785E-01	-2.54235E-01	7.49055E-01	1000010010	5.08162E+00	8.50123E-03	5.81840E-03	-1.71428E-02	-6.11785E-01	-2.54235E-01	7.49055E-01	PRIM
1.50326E-02	1000010010	8.47288E+00	-6.13902E-03	-7.51104E-04	-1.65210E-04	6.39085E-01	7.51180E-01	1.65227E-01	1000010010	8.47288E+00	-1.57462E-02	-1.20433E-02	-2.64901E-03	6.39085E-01	7.51180E-01	1.65227E-01	PRIM
2.27698E-02	1000010010	7.15305E+00	-4.75323E-03	-4.39178E-04	4.99463E-04	-7.46766E-01	4.39178E-01	-4.99463E-01	1000010010	7.15305E+00	1.22505E-02	-1.04392E-02	1.18722E-02	-7.46766E-01	4.39178E-01	-4.99463E-01	PRIM
2.28116E-02	1000010010	9.58865E+00	-4.74697E-03	4.17318E-04	-5.08708E-04	-7.53035E-01	-4.17318E-01	5.08708E-01	1000010010	9.58865E+00	1.24309E-02	9.93700E-03	-1.21131E-02	-7.53035E-01	-4.17318E-01	5.08708E-01	PRIM
2.10617E-02	1000010010	1.05730E+01	-5.01801E-03	6.89194E-04	5.41013E-04	-4.81993E-01	-6.89194E-01	-5.41013E-01	1000010010	1.05730E+01	5.13359E-03	1.52048E-02	1.19357E-02	-4.81993E-01	-6.89194E-01	-5.41013E-01	PRIM
2.00143E-02	1000010010	6.79880E+00	-5.18917E-03	2.11149E-05	-9.50232E-04	-3.10827E-01	-2.11149E-02	9.50232E-01	1000010010	6.79880E+00	1.03180E-03	4.43713E-04	-1.99684E-02	-3.10827E-01	-2.11149E-02	9.50232E-01	PRIM
2.18859E-02	1000010010	6.29062E+00	-4.88822E-03	2.54235E-04	-7.49055E-04	-6.11785E-01	-2.54235E-01	7.49055E-01	1000010010	6.29062E+00	8.50123E-03	5.81840E-03	-1.71428E-02	-6.11785E-01	-2.54235E-01	7.49055E-01	PRIM
1.39925E-02	1000010010	6.24600E+00	-6.37908E-03	-9.93587E-05	4.66211E-04	8.79076E-01	9.93587E-02	-4.66211E-01	1000010010	6.24600E+00	-1.86796E-02	-1.48963E-03	6.98966E-03	8.79076E-01	9.93587E-02	-4.66211E-01	PRIM
1.49474E-02	1000010010	7.74656E+01	-6.15798E-03	1.03090E-04	7.45811E-04	6.58047E-01	-1.03100E-01	-7.45885E-01	1000010010	7.74656E+01	-1.59941E-02	1.64417E-03	1.18948E-02	6.58047E-01	-1.03100E-01	-7.45885E-01	PRIM
1.98700E-02	1000010010	6.10943E+00	-5.21334E-03	-7.75772E-04	-5.62143E-04	-2.86660E-01	7.75772E-01	5.62143E-01	1000010010	6.10943E+00	4.82606E-04	-1.61904E-02	-1.17319E-02	-2.86660E-01	7.75772E-01	5.62143E-01	PRIM
1.94904E-02	1000010010	1.86121E+02	-5.27770E-03	4.50560E-04	-8.64625E-04	-2.22305E-01	-4.50560E-01	8.64625E-01	1000010010	1.86121E+02	-9.44891E-04	9.23216E-03	-1.77165E-02	-2.22305E-01	-4.50560E-01	8.64625E-01	PRIM
1.44654E-02	1000010010	2.83845E+02	-6.26748E-03	-2.14669E-04	6.03894E-04	7.67559E-01	2.14691E-01	-6.03955E-01	1000010010	2.83845E+02	-1.73705E-02	-3.32025E-03	9.34032E-03	7.67559E-01	2.14691E-01	-6.03955E-01	PRIM
1.46681E-02	1000010010	8.80760E+01	-6.22099E-03	-4.15899E-06	6.92933E-04	7.20990E-01	4.15899E-03	-6.92933E-01	1000010010	8.80760E+01	-1.67965E-02	-6.51633E-05	1.08569E-02	7.20990E-01	4.15899E-03	-6.92933E-01	PRIM
1.59954E-02	1000010010	6.91229E+00	-5.93274E-03	-3.60663E-04	8.26110E-04	4.32784E-01	3.60699E-01	-8.26193E-01	1000010010	6.91229E+00	-1.28553E-02	-6.13020E-03	1.40414E-02	4.32784E-01	3.60699E-01	-8.26193E-01	PRIM
2.16144E-02	1000010010	5.74659E+00	-4.93053E-03	8.79036E-05	8.17295E-04	-5.69475E-01	-8.79036E-02	-8.17295E-01	1000010010	5.74659E+00	7.37833E-03	1.98789E-03	1.84827E-02	-5.69475E-01	-8.79036E-02	-8.17295E-01	PRIM
2.19290E-02	1000010010	2.42130E+01	-4.88153E-03	-6.06671E-04	-4.99441E-04	-6.18473E-01	6.06671E-01	4.99441E-01	1000010010	2.42130E+01	8.68099E-03	-1.39104E-02	-1.14517E-02	-6.18473E-01	6.06671E-01	4.99441E-01	PRIM
2.18390E-02	1000010010	1.13570E+01	-4.89549E-03	4.22589E-04	-6.75266E-04	-6.04511E-01	-4.22589E-01	6.75266E-01	1000010010	1.13570E+01	8.30643E-03	9.65153E-03	-1.54224E-02	-6.04511E-01	-4.22589E-01	6.75266E-01	PRIM
2.18811E-02	1000010010	6.82661E+00	-4.88903E-03	-3.54886E-04	-7.07514E-04	-6.11027E-01	3.54921E-01	7.07585E-01	1000010010	6.82661E+00	8.48091E-03	-8.12096E-03	-1.61903E-02	-6.11027E-01	3.54921E-01	7.07585E-01	PRIM
2.38014E-02	1000010010	1.24405E+01	-4.60074E-03	4.25238E-04	1.01501E-04	-8.99351E-01	-4.25280E-01	-1.01511E-01	1000010010	1.24405E+01	1.68051E-02	1.05475E-02	2.51761E-03	-8.99351E-01	-4.25280E-01	-1.01511E-01	PRIM
2.19163E-02	1000010010	1.54063E+01	-4.88350E-03	7.11162E-04	-3.37893E-04	-6.16504E-01	-7.11162E-01	3.37893E-01	1000010010	1.54063E+01	8.62801E-03	1.62972E-02	-7.74327E-03	-6.16504E-01	-7.11162E-01	3.37893E-01	PRIM
2.03257E-02	1000010010	8.56049E+00	-5.13756E-03	8.73965E-04	3.23455E-04	-3.62475E-01	-8.74053E-01	-3.23487E-01	1000010010	8.56049E+00	2.22998E-03	1.86397E-02	6.89854E-03	-3.62475E-01	-8.74053E-01	-3.23487E-01	PRIM
2.14988E-02	1000010010	5.71470E+00	-4.94875E-03	-3.16322E-04	-7.71919E-04	-5.51310E-01	3.16354E-01	7.71996E-01	1000010010	5.71470E+00	6.90375E-03	-7.11755E-03	-1.73689E-02	-5.51310E-01	3.16354E-01	7.71996E-01	PRIM
2.38603E-02	1000010010	6.85786E+00	-4.59207E-03	-4.04760E-04	1.08782E-04	-9.07929E-01	4.04760E-01	-1.08782E-01	1000010010	6.85786E+00	1.70714E-02	-1.00625E-02	2.70434E-03	-9.07929E-01	4.04760E-01	-1.08782E-01	PRIM
1.58630E-02	1000010010	9.14558E+00	-5.96033E-03	7.52089E-04	4.71652E-04	4.60333E-01	-7.52089E-01	-4.71652E-01	1000010010	9.14558E+00	-1.32626E-02	1.26825E-02	7.95348E-03	4.60333E-01	-7.52089E-01	-4.71652E-01	PRIM
1.38745E-02	1000010010	1.35370E+01	-6.40758E-03	2.63411E-04	-3.26985E-04	9.07577E-01	-2.63411E-01	3.26985E-01	1000010010	1.35370E+01	-1.89998E-02	3.91812E-03	-4.86375E-03	9.07577E-01	-2.63411E-01	3.26985E-01	PRIM
2.00143E-02	1000010010	6.80996E+00	-5.18917E-03	2.11149E-05	-9.50232E-04	-3.10827E-01	-2.11149E-02	9.50232E-01	1000010010	6.80996E+00	1.03180E-03	4.43713E-04	-1.99684E-02	-3.10827E-01	-2.11149E-02	9.50232E-01	PRIM
1.99888E-02	1000010010	9.80590E+00	-5.19348E-03	1.33482E-05	9.51664E-04	-3.06555E-01	-1.33496E-02	-9.51759E-01	1000010010	9.80590E+00	9.34191E-04	2.80190E-04	1.99762E-02	-3.06555E-01	-1.33496E-02	-9.51759E-01	PRIM
1.79693E-02	1000010010	9.56555E+00	-5.54753E-03	2.86017E-04	9.56940E-04	4.75353E-02	-2.86046E-01	-9.57036E-01	1000010010	9.56555E+00	-6.40171E-03	5.42607E-03	1.81542E-02	4.75353E-02	-2.86046E-01	-9.57036E-01	PRIM
2.03081E-02	1000010010	5.70116E+00	-5.14046E-03	3.10933E-04	-8.79689E-04	-3.59575E-01	-3.10964E-01	8.79777E-01	1000010010	5.70116E+00	2.16182E-03	6.62601E-03	-1.87463E-02	-3.59575E-01	-3.10964E-01	8.79777E-01	PRIM
2.32007E-02	1000010010	1.77206E+01	-4.68890E-03	5.21515E-04	2.64825E-04	-8.11104E-01	-5.21515E-01	-2.64825E-01	1000010010	1.77206E+01	1.41293E-02	1.26210E-02	6.40894E-03	-8.11104E-01	-5.21515E-01	-2.64825E-01	PRIM
1.72762E-02	1000010010	6.51919E+01	-5.67772E-03	7.89387E-04	-5.87608E-04	1.77724E-01	-7.89387E-01	5.87608E-01	1000010010	6.51919E+01	-8.74812E-03	1.44270E-02	-1.07393E-02	1.77724E-01	-7.89387E-01	5.87608E-01	PRIM
2.03142E-02	1000010010	8.51490E+00	-5.13939E-03	-2.91317E-05	9.32263E-04	-3.60607E-01	2.91317E-02	-9.32263E-01	1000010010	8.51490E+00	2.18606E-03	-6.20920E-04	1.98705E-02	-3.60607E-01	2.91317E-02	-9.32263E-01	PRIM
2.16140E-02	1000010010	1.16126E+01	-4.93059E-03	-7.38973E-04	-3.60124E-04	-5.69412E-01	7.38973E-01	3.60124E-01	1000010010	1.16126E+01	7.37670E-03	-1.67111E-02	-8.14384E-03	-5.69412E-01	7.38973E-01	3.60124E-01	PRIM
1.63630E-02	1000010010	1.14721E+01	-5.85749E-03	-6.57812E-04	6.62937E-04	3.57489E-01	6.57812E-01	-6.62937E-01	1000010010	1.14721E+01	-1.17071E-02	-1.14216E-02	1.15105E-02	3.57489E-01	6.57812E-01	-6.62937E-01	PRIM
2.02241E-02	1000010010	1.55589E+01	-5.15429E-03	8.58350E-05	-9.34407E-04	-3.45709E-01	-8.58350E-02	9.34407E-01	1000010010	1.55589E+01	1.83736E-03	1.82177E-03	-1.98319E-02	-3.45709E-01	-8.58350E-02	9.34407E-01	PRIM
1.92057E-02	1000010010	7.49950E+00	-5.32669E-03	-3.25671E-05	9.84329E-04	-1.73310E-01	3.25671E-02	-9.84329E-01	1000010010	7.49950E+00	-1.99815E-03	-6.58041E-04	1.98891E-02	-1.73310E-01	3.25671E-02	-9.84329E-01	PRIM
1.63630E-02	1000010010	1.41981E+01	-5.85749E-03	-6.57812E-04	6.62937E-04	3.57489E-01	6.57812E-01	-6.62937E-01	1000010010	1.41981E+01	-1.17071E-02	-1.14216E-02	1.15105E-02	3.57489E-01	6.57812E-01	-6.62937E-01	PRIM
2.40746E-02	1000010010	6.29679E+00	-4.56104E-03	3.43544E-04	1.79828E-05	-9.38964E-01	-3.43544E-01	-1.79828E-02	1000010010	6.29679E+00	1.80442E-02	8.61423E-03	4.50912E-04	-9.38964E-01	-3.43544E-01	-1.79828E-02	PRIM
1.90984E-02	1000010010	1.24957E+01	-5.34537E-03	8.56765E-04	4.91775E-04	-1.54648E-01	-8.56851E-01	-4.91824E-01	1000010010	1.24957E+01	-2.39184E-03	1.72212E-02	9.88481E-03	-1.54648E-01	-8.56851E-01	-4.91824E-01	PRIM
2.09970E-02	1000010010	8.08465E+00	-5.02843E-03	4.89275E-04	-7.33508E-04	-4.71615E-01	-4.89323E-01	7.33581E-01	1000010010	8.08465E+00	4.87409E-03	1.07636E-02	-1.61365E-02	-4.71615E-01	-4.89323E-01	7.33581E-01	PRIM
1.77525E-02	1000010010	7.57333E+00	-5.58771E-03	-3.60021E-04	-9.28812E-04	8.77087E-02	3.60021E-01	9.28812E-01	1000010010	7.57333E+00	-7.14476E-03	-6.75130E-03	-1.74176E-02	8.77087E-02	3.60021E-01	9.28812E-01	PRIM
2.00587E-02	1000010010	8.16976E+00	-5.18176E-03	1.78149E-05	9.47844E-04	-3.18236E-01	-1.78149E-02	-9.47844E-01	1000010010	8.16976E+00	1.20164E-03	3.75158E-04	1.99603E-02	-3.18236E-01	-1.78149E-02	-9.47844E-01	PRIM
2.25257E-02	1000010010	1.30529E+01	-4.79020E-03	7.04212E-04	8.05083E-06	-7.09875E-01	-7.04282E-01	-8.05164E-03	1000010010	1.30529E+01	1.12002E-02	1.65686E-02	1.89419E-04	-7.09875E-01	-7.04282E-01	-8.05164E-03	PRIM
2.00143E-02	1000010010	8.22625E+00	-5.18917E-03	2.11149E-05	-9.50232E-04	-3.10827E-01	-2.11149E-02	9.50232E-01	1000010010	8.22625E+00	1.03180E-03	4.43713E-04	-1.99684E-02	-3.10827E-01	-2.11149E-02	9.50232E-01	PRIM
2.19290E-02	1000010010	1.60413E+01	-4.88153E-03	-6.06671E-04	-4.99441E-04	-6.18473E-01	6.06671E-01	4.99441E-01	1000010010	1.60413E+01	8.68099E-03	-1.39104E-02	-1.14517E-02	-6.18473E-01	6.06671E-01	4.99441E-01	PRIM
1.79693E-02	1000010010	6.67571E+00	-5.54753E-03	2.86017E-04	9.56940E-04	4.75353E-02	-2.86046E-01	-9.57036E-01	1000010010	6.67571E+00	-6.40171E-03	5.42607E-03	1.81542E-02	4.75353E-02	-2.86046E-01	-9.57036E-01	PRIM
1.82859E-02	1000010010	1.19168E+01	-5.48965E-03	7.14619E-04	6.99437E-04	-1.03452E-02	-7.14619E-01	-6.99437E-01	1000010010	1.19168E+01	-5.30048E-03	1.37820E-02	1.34893E-02	-1.03452E-02	-7.14619E-01	-6.99437E-01	PRIM
2.16144E-02	1000010010	6.41759E+01	-4.93053E-03	8.79036E-05	8.17295E-04	-5.69475E-01	-8.79036E-02	-8.17295E-01	1000010010	6.41759E+01	7.37833E-03	1.98789E-03	1.84827E-02	-5.69475E-01	-8.79036E-02	-8.17295E-01	PRIM
1.88839E-02	1000010010	1.28715E+01	-5.38287E-03	2.85198E-04	-9.51285E-04	-1.17126E-01	-2.85198E-01	9.51285E-01	1000010010	1.28715E+01	-3.17109E-03	5.67084E-03	-1.89152E-02	-1.17126E-01	-2.85198E-01	9.51285E-01	PRIM
1.79820E-02	1000010010	5.22624E+00	-5.54519E-03	-1.53745E-04	-9.87077E-04	4.51850E-02	1.53745E-01	9.87077E-01	1000010010	5.22624E+00	-6.35770E-03	-2.91838E-03	-1.87367E-02	4.51850E-02	1.53745E-01	9.87077E-01	PRIM
2.00189E-02	1000010010	5.70199E+00	-5.18841E-03	5.99208E-05	9.48324E-04	-3.11594E-01	-5.99208E-02	-9.48324E-01	1000010010	5.70199E+00	1.04935E-03	1.25947E-03	1.99327E-02	-3.11594E-01	-5.99208E-02	-9.48324E-01	PRIM
2.16140E-02	1000010010	6.26987E+00	-4.93059E-03	-7.38973E-04	-3.60124E-04	-5.69412E-01	7.38973E-01	3.60124E-01	1000010010	6.26987E+00	7.37670E-03	-1.67111E-02	-8.14384E-03	-5.69412E-01	7.38973E-01	3.60124E-01	PRIM
1.94434E-02	1000010010	6.99681E+00	-5.28575E-03	2.29254E-04	-9.49493E-04	-2.14255E-01	-2.29254E-01	9.49493E-01	1000010010	6.99681E+00	-1.11991E-03	4.68673E-03	-1.94108E-02	-2.14255E-01	-2.29254E-01	9.49493E-01	PRIM
2.02402E-02	1000010010	7.60993E+00	-5.15162E-03	2.44713E-05	-9.37033E-04	-3.48382E-01	-2.44713E-02	9.37033E-01	1000010010	7.60993E+00	1.89971E-03	5.19776E-04	-1.99028E-02	-3.48382E-01	-2.44713E-02	9.37033E-01	PRIM
1.82627E-02	1000010010	2.33369E+01	-5.49385E-03	5.19948E-04	8.54176E-04	-6.15164E-03	-5.19948E-01	-8.54176E-01	1000010010	2.33369E+01	-5.38150E-03	1.00156E-02	1.64538E-02	-6.15164E-03	-5.19948E-01	-8.54176E-01	PRIM
2.00143E-02	1000010010	5.85271E+00	-5.18917E-03	2.11149E-05	-9.50232E-04	-3.10827E-01	-2.11149E-02	9.50232E-01	1000010010	5.85271E+00	1.03180E-03	4.43713E-04	-1.99684E-02	-3.10827E-01	-2.11149E-02	9.50232E-01	PRIM
2.19163E-02	1000010010	7.24944E+00	-4.88350E-03	7.11162E-04	-3.37893E-04	-6.16504E-01	-7.11162E-01	3.37893E-01	1000010010	7.24944E+00	8.62801E-03	1.62972E-02	-7.74327E-03	-6.16504E-01	-7.11162E-01	3.37893E-01	PRIM
1.68201E-02	1000010010	5.04360E+00	-5.76627E-03	8.45640E-05	-9.60183E-04	2.66265E-01	-8.45640E-02	9.60183E-01	1000010010	5.04360E+00	-1.02449E-02	1.50694E-03	-1.71106E-02	2.66265E-01	-8.45640E-02	9.60183E-01	PRIM
1.93937E-02	1000010010	8.17303E+00	-5.29427E-03	-2.92900E-04	-9.33747E-04	-2.05732E-01	2.92900E-01	9.33747E-01	1000010010	8.17303E+00	-1.30437E-03	-5.97331E-03	-1.90425E-02	-2.05732E-01	2.92900E-01	9.33747E-01	PRIM
2.43237E-02	1000010010	5.77855E+00	-4.52531E-03	1.07812E-04	-1.95335E-04	-9.74788E-01	-1.07823E-01	1.95354E-01	1000010010	5.77855E+00	1.91852E-02	2.73048E-03	-4.94708E-03	-9.74788E-01	-1.07823E-01	1.95354E-01	PRIM
2.00587E-02	1000010010	6.54552E+00	-5.18176E-03	1.78149E-05	9.47844E-04	-3.18236E-01	-1.78149E-02	-9.47844E-01	1000010010	6.54552E+00	1.20164E-03	3.75158E-04	1.99603E-02	-3.18236E-01	-1.78149E-02	-9.47844E-01	PRIM
1.42675E-02	1000010010	5.94324E+00	-6.31369E-03	5.60426E-04	1.54380E-04	8.13689E-01	-5.60426E-01	-1.54380E-01	1000010010	5.94324E+00	-1.79230E-02	8.55631E-03	2.35700E-03	8.13689E-01	-5.60426E-01	-1.54380E-01	PRIM
1.94861E-02	1000010010	1.05249E+01	-5.27842E-03	-9.94031E-05	9.70063E-04	-2.21579E-01	9.94031E-02	-9.70063E-01	1000010010	1.05249E+01	-9.60702E-04	-2.03639E-03	1.98729E-02	-2.21579E-01	9.94031E-02	-9.70063E-01	PRIM
1.93019E-02	1000010010	5.76135E+00	-5.31006E-03	9.80122E-04	-5.73128E-05	-1.89939E-01	-9.80122E-01	5.73128E-02	1000010010	5.76135E+00	-1.64387E-03	1.98983E-02	-1.16356E-03	-1.89939E-01	-9.80122E-01	5.73128E-02	PRIM
1.95435E-02	1000010010	1.02452E+01	-5.26863E-03	7.43474E-04	-6.27468E-04	-2.31367E-01	-7.43474E-01	6.27468E-01	1000010010	1.02452E+01	-7.46927E-04	1.52735E-02	-1.28904E-02	-2.31367E-01	-7.43474E-01	6.27468E-01	PRIM
1.94904E-02	1000010010	7.15847E+00	-5.27770E-03	4.50560E-04	-8.64625E-04	-2.22305E-01	-4.50560E-01	8.64625E-01	1000010010	7.15847E+00	-9.44891E-04	9.23216E-03	-1.77165E-02	-2.22305E-01	-4.50560E-01	8.64625E-01	PRIM
1.94861E-02	1000010010	6.11092E+00	-5.27842E-03	-9.94031E-05	9.70063E-04	-2.21579E-01	9.94031E-02	-9.70063E-01	1000010010	6.11092E+00	-9.60702E-04	-2.03639E-03	1.98729E-02	-2.21579E-01	9.94031E-02	-9.70063E-01	PRIM
1.60959E-02	1000010010	8.56867E+00	-5.91200E-03	-3.79604E-05	9.10393E-04	4.12000E-01	3.79604E-02	-9.10393E-01	1000010010	8.56867E+00	-1.25435E-02	-6.48970E-04	1.55640E-02	4.12000E-01	3.79604E-02	-9.10393E-01	PRIM
1.62337E-02	1000010010	1.06564E+01	-5.88376E-03	-9.06688E-04	1.75048E-04	3.83763E-01	9.06688E-01	-1.75048E-01	1000010010	1.06564E+01	-1.21137E-02	-1.56256E-02	3.01672E-03	3.83763E-01	9.06688E-01	-1.75048E-01	PRIM
2.13179E-02	1000010010	8.42011E+00	-4.97730E-03	-7.41530E-05	8.49168E-04	-5.22751E-01	7.41605E-02	-8.49253E-01	1000010010	8.42011E+00	6.16665E-03	-1.65510E-03	1.89534E-02	-5.22751E-01	7.41605E-02	-8.49253E-01	PRIM
2.11908E-02	1000010010	6.09199E+00	-4.99742E-03	-6.68768E-04	5.47867E-04	-5.02585E-01	6.68768E-01	-5.47867E-01	1000010010	6.09199E+00	5.65274E-03	-1.48405E-02	1.21576E-02	-5.02585E-01	6.68768E-01	-5.47867E-01	PRIM
2.14988E-02	1000010010	5.95724E+00	-4.94875E-03	-3.16322E-04	-7.71919E-04	-5.51310E-01	3.16354E-01	7.71996E-01	1000010010	5.95724E+00	6.90375E-03	-7.11755E-03	-1.73689E-02	-5.51310E-01	3.16354E-01	7.71996E-01	PRIM
2.09141E-02	1000010010	9.77730E+00	-5.04169E-03	-5.19175E-05	-8.87273E-04	-4.58314E-01	5.19175E-02	8.87273E-01	1000010010	9.77730E+00	4.54356E-03	-1.13773E-03	-1.94438E-02	-4.58314E-01	5.19175E-02	8.87273E-01	PRIM
2.02041E-02	1000010010	2.51939E+01	-5.15760E-03	-5.78912E-05	9.37768E-04	-3.42404E-01	5.78912E-02	-9.37768E-01	1000010010	2.51939E+01	1.76038E-03	-1.22753E-03	1.98845E-02	-3.42404E-01	5.78912E-02	-9.37768E-01	PRIM
1.83585E-02	1000010010	4.87095E+01	-5.47652E-03	7.32202E-04	-6.80683E-04	-2.34811E-02	-7.32202E-01	6.80683E-01	1000010010	4.87095E+01	-5.04544E-03	1.41743E-02	-1.31770E-02	-2.34811E-02	-7.32202E-01	6.80683E-01	PRIM
1.93047E-02	1000010010	4.35255E+01	-5.30959E-03	-1.44097E-04	9.71071E-04	-1.90414E-01	1.44097E-01	-9.71071E-01	1000010010	4.35255E+01	-1.63372E-03	-2.92584E-03	1.97173E-02	-1.90414E-01	1.44097E-01	-9.71071E-01	PRIM
1.97803E-02	1000010010	1.45826E+01	-5.22846E-03	-1.68391E-04	9.47581E-04	-2.71542E-01	1.68391E-01	-9.47581E-01	1000010010	1.45826E+01	1.42708E-04	-3.49922E-03	1.96910E-02	-2.71542E-01	1.68391E-01	-9.47581E-01	PRIM
1.79560E-02	1000010010	5.63826E+00	-5.54998E-03	-1.24862E-04	-9.90914E-04	4.99793E-02	1.24862E-01	9.90914E-01	1000010010	5.63826E+00	-6.44741E-03	-2.36689E-03	-1.87837E-02	4.99793E-02	1.24862E-01	9.90914E-01	PRIM
1.88839E-02	1000010010	1.39201E+01	-5.38287E-03	2.85198E-04	-9.51285E-04	-1.17126E-01	-2.85198E-01	9.51285E-01	1000010010	1.39201E+01	-3.17109E-03	5.67084E-03	-1.89152E-02	-1.17126E-01	-2.85198E-01	9.51285E-01	PRIM
1.88116E-02	1000010010	6.49580E+00	-5.39560E-03	1.24848E-04	9.86668E-04	-1.04396E-01	-1.24848E-01	-9.86668E-01	1000010010	6.49580E+00	-3.43174E-03	2.47345E-03	1.95475E-02	-1.04396E-01	-1.24848E-01	-9.86668E-01	PRIM
2.20591E-02	1000010010	5.51076E+00	-4.86151E-03	4.40143E-04	6.31195E-04	-6.38552E-01	-4.40187E-01	-6.31258E-01	1000010010	5.51076E+00	9.22438E-03	1.01503E-02	1.45562E-02	-6.38552E-01	-4.40187E-01	-6.31258E-01	PRIM
1.88839E-02	1000010010	5.14132E+00	-5.38287E-03	2.85198E-04	-9.51285E-04	-1.17126E-01	-2.85198E-01	9.51285E-01	1000010010	5.14132E+00	-3.17109E-03	5.67084E-03	-1.89152E-02	-1.17126E-01	-2.85198E-01	9.51285E-01	PRIM
1.80950E-02	1000010010	9.28434E+00	-5.52443E-03	6.84921E-04	-7.28208E-04	2.44320E-02	-6.84921E-01	7.28208E-01	1000010010	9.28434E+00	-5.96653E-03	1.30785E-02	-1.39051E-02	2.44320E-02	-6.84921E-01	7.28208E-01	PRIM
1.92057E-02	1000010010	1.46767E+01	-5.32669E-03	-3.25671E-05	9.84329E-04	-1.73310E-01	3.25671E-02	-9.84329E-01	1000010010	1.46767E+01	-1.99815E-03	-6.58041E-04	1.98891E-02	-1.73310E-01	3.25671E-02	-9.84329E-01	PRIM
2.08907E-02	1000010010	1.23543E+01	-5.04552E-03	-4.82413E-04	7.48682E-04	-4.54526E-01	4.82462E-01	-7.48757E-01	1000010010	1.23543E+01	4.44985E-03	-1.05614E-02	1.63907E-02	-4.54526E-01	4.82462E-01	-7.48757E-01	PRIM
1.39925E-02	1000010010	1.92024E+01	-6.37908E-03	-9.93587E-05	4.66211E-04	8.79076E-01	9.93587E-02	-4.66211E-01	1000010010	1.92024E+01	-1.86796E-02	-1.48963E-03	6.98966E-03	8.79076E-01	9.93587E-02	-4.66211E-01	PRIM
1.82664E-02	1000010010	5.65123E+00	-5.49319E-03	-2.53342E-04	-9.67353E-04	-6.81427E-03	2.53342E-01	9.67353E-01	1000010010	5.65123E+00	-5.36871E-03	-4.88099E-03	-1.86374E-02	-6.81427E-03	2.53342E-01	9.67353E-01	PRIM
2.09642E-02	1000010010	1.16019E+01	-5.03364E-03	-8.58642E-04	2.12699E-04	-4.66361E-01	8.58642E-01	-2.12699E-01	1000010010	1.16019E+01	4.74325E-03	-1.88594E-02	4.67177E-03	-4.66361E-01	8.58642E-01	-2.12699E-01	PRIM
1.62337E-02	1000010010	8.51030E+00	-5.88376E-03	-9.06688E-04	1.75048E-04	3.83763E-01	9.06688E-01	-1.75048E-01	1000010010	8.51030E+00	-1.21137E-02	-1.56256E-02	3.01672E-03	3.83763E-01	9.06688E-01	-1.75048E-01	PRIM
1.91914E-02	1000010010	8.05019E+00	-5.32917E-03	2.09103E-05	-9.85079E-04	-1.70830E-01	-2.09103E-02	9.85079E-01	1000010010	8.05019E+00	-2.05071E-03	4.22208E-04	-1.98901E-02	-1.70830E-01	-2.09103E-02	9.85079E-01	PRIM
2.40746E-02	1000010010	6.56402E+01	-4.56104E-03	3.43544E-04	1.79828E-05	-9.38964E-01	-3.43544E-01	-1.79828E-02	1000010010	6.56402E+01	1.80442E-02	8.61423E-03	4.50912E-04	-9.38964E-01	-3.43544E-01	-1.79828E-02	PRIM
2.14515E-02	1000010010	7.17115E+00	-4.95612E-03	5.65589E-04	6.19923E-04	-5.43878E-01	-5.65589E-01	-6.19923E-01	1000010010	7.17115E+00	6.71088E-03	1.26983E-02	1.39182E-02	-5.43878E-01	-5.65589E-01	-6.19923E-01	PRIM
1.83585E-02	1000010010	5.08708E+01	-5.47651E-03	7.03145E-04	7.10659E-04	-2.34910E-02	-7.03145E-01	-7.10659E-01	1000010010	5.08708E+01	-5.04525E-03	1.36118E-02	1.37573E-02	-2.34910E-02	-7.03145E-01	-7.10659E-01	PRIM
1.72327E-02	1000010010	5.41992E+00	-5.68607E-03	-2.34961E-04	9.54030E-04	1.86067E-01	2.34961E-01	-9.54030E-01	1000010010	5.41992E+00	-8.89251E-03	-4.28399E-03	1.73946E-02	1.86067E-01	2.34961E-01	-9.54030E-01	PRIM
1.59957E-02	1000010010	5.93941E+00	-5.93271E-03	8.82529E-04	-1.84137E-04	4.32708E-01	-8.82529E-01	1.84137E-01	1000010010	5.93941E+00	-1.28542E-02	1.49992E-02	-3.12955E-03	4.32708E-01	-8.82529E-01	1.84137E-01	PRIM
1.96601E-02	1000010010	1.94046E+01	-5.24880E-03	-7.51725E-05	9.65011E-04	-2.51201E-01	7.51725E-02	-9.65011E-01	1000010010	1.94046E+01	-3.10163E-04	-1.55307E-03	1.99372E-02	-2.51201E-01	7.51725E-02	-9.65011E-01	PRIM
2.27738E-02	1000010010	7.29133E+00	-4.75264E-03	-3.23438E-04	-5.80386E-04	-7.47355E-01	3.23438E-01	5.80386E-01	1000010010	7.29133E+00	1.22675E-02	-7.68935E-03	-1.37980E-02	-7.47355E-01	3.23438E-01	5.80386E-01	PRIM
1.88116E-02	1000010010	1.02258E+01	-5.39560E-03	1.24848E-04	9.86668E-04	-1.04396E-01	-1.24848E-01	-9.86668E-01	1000010010	1.02258E+01	-3.43174E-03	2.47345E-03	1.95475E-02	-1.04396E-01	-1.24848E-01	-9.86668E-01	PRIM
2.28116E-02	1000010010	6.05437E+00	-4.74697E-03	4.17318E-04	-5.08708E-04	-7.53035E-01	-4.17318E-01	5.08708E-01	1000010010	6.05437E+00	1.24309E-02	9.93700E-03	-1.21131E-02	-7.53035E-01	-4.17318E-01	5.08708E-01	PRIM
1.84887E-02	1000010010	7.87648E+00	-5.45308E-03	8.16715E-05	9.95554E-04	-4.69169E-02	-8.16715E-02	-9.95554E-01	1000010010	7.87648E+00	-4.58565E-03	1.59167E-03	1.94020E-02	-4.69169E-02	-8.16715E-02	-9.95554E-01	PRIM
1.75239E-02	1000010010	1.39495E+01	-5.63061E-03	8.93553E-04	4.29539E-04	1.30611E-01	-8.93553E-01	-4.29539E-01	1000010010	1.39495E+01	-7.91944E-03	1.65521E-02	7.95675E-03	1.30611E-01	-8.93553E-01	-4.29539E-01	PRIM
1.98504E-02	1000010010	6.62938E+00	-5.21670E-03	5.38247E-04	-7.93617E-04	-2.83333E-01	-5.38301E-01	7.93697E-01	1000010010	6.62938E+00	4.07560E-04	1.12237E-02	-1.65488E-02	-2.83333E-01	-5.38301E-01	7.93697E-01	PRIM
1.39925E-02	1000010010	5.18147E+00	-6.37908E-03	-9.93587E-05	4.66211E-04	8.79076E-01	9.93587E-02	-4.66211E-01	1000010010	5.18147E+00	-1.86796E-02	-1.48963E-03	6.98966E-03	8.79076E-01	9.93587E-02	-4.66211E-01	PRIM
2.19757E-02	1000010010	5.62900E+00	-4.87430E-03	6.08430E-04	-4.88177E-04	-6.25696E-01	-6.08430E-01	4.88177E-01	1000010010	5.62900E+00	8.87583E-03	1.39791E-02	-1.12162E-02	-6.25696E-01	-6.08430E-01	4.88177E-01	PRIM
2.14515E-02	1000010010	5.44319E+00	-4.95612E-03	5.65589E-04	6.19923E-04	-5.43878E-01	-5.65589E-01	-6.19923E-01	1000010010	5.44319E+00	6.71088E-03	1.26983E-02	1.39182E-02	-5.43878E-01	-5.65589E-01	-6.19923E-01	PRIM
1.40370E-02	1000010010	6.79493E+00	-6.36832E-03	1.64905E-04	-4.67575E-04	8.68407E-01	-1.64921E-01	4.67621E-01	1000010010	6.79493E+00	-1.85582E-02	2.47991E-03	-7.03160E-03	8.68407E-01	-1.64921E-01	4.67621E-01	PRIM
2.32007E-02	1000010010	1.79213E+01	-4.68890E-03	5.21515E-04	2.64825E-04	-8.11104E-01	-5.21515E-01	-2.64825E-01	1000010010	1.79213E+01	1.41293E-02	1.26210E-02	6.40894E-03	-8.11104E-01	-5.21515E-01	-2.64825E-01	PRIM
2.38603E-02	1000010010	5.84827E+00	-4.59207E-03	-4.04760E-04	1.08782E-04	-9.07929E-01	4.04760E-01	-1.08782E-01	1000010010	5.84827E+00	1.70714E-02	-1.00625E-02	2.70434E-03	-9.07929E-01	4.04760E-01	-1.08782E-01	PRIM
2.03616E-02	1000010010	1.43375E+01	-5.13164E-03	-1.01307E-04	-9.24037E-04	-3.68401E-01	1.01317E-01	9.24130E-01	1000010010	1.43375E+01	2.36961E-03	-2.16430E-03	-1.97408E-02	-3.68401E-01	1.01317E-01	9.24130E-01	PRIM
1.80235E-02	1000010010	5.42089E+00	-5.53754E-03	-7.46636E-04	-6.64173E-04	3.75385E-02	7.46636E-01	6.64173E-01	1000010010	5.42089E+00	-6.21411E-03	-1.42037E-02	-1.26349E-02	3.75385E-02	7.46636E-01	6.64173E-01	PRIM
1.96249E-02	1000010010	7.09865E+00	-5.25478E-03	-8.13217E-05	9.66050E-04	-2.45224E-01	8.13217E-02	-9.66050E-01	1000010010	7.09865E+00	-4.42289E-04	-1.67725E-03	1.99246E-02	-2.45224E-01	8.13217E-02	-9.66050E-01	PRIM
2.08120E-02	1000010010	5.59980E+00	-5.05815E-03	-7.89537E-04	-4.25907E-04	-4.41854E-01	7.89537E-01	4.25907E-01	1000010010	5.59980E+00	4.13773E-03	-1.72214E-02	-9.28990E-03	-4.41854E-01	7.89537E-01	4.25907E-01	PRIM
1.94904E-02	1000010010	1.07882E+01	-5.27770E-03	4.50560E-04	-8.64625E-04	-2.22305E-01	-4.50560E-01	8.64625E-01	1000010010	1.07882E+01	-9.44891E-04	9.23216E-03	-1.77165E-02	-2.22305E-01	-4.50560E-01	8.64625E-01	PRIM
1.91265E-02	1000010010	2.02504E+02	-5.34044E-03	-2.14078E-05	9.86956E-04	-1.59561E-01	2.14078E-02	-9.86956E-01	1000010010	2.02504E+02	-2.28859E-03	-4.30865E-04	1.98640E-02	-1.59561E-01	2.14078E-02	-9.86956E-01	PRIM
2.19757E-02	1000010010	5.85889E+00	-4.87430E-03	6.08430E-04	-4.88177E-04	-6.25696E-01	-6.08430E-01	4.88177E-01	1000010010	5.85889E+00	8.87583E-03	1.39791E-02	-1.12162E-02	-6.25696E-01	-6.08430E-01	4.88177E-01	PRIM
1.88116E-02	1000010010	1.07168E+01	-5.39560E-03	1.24848E-04	9.86668E-04	-1.04396E-01	-1.24848E-01	-9.86668E-01	1000010010	1.07168E+01	-3.43174E-03	2.47345E-03	1.95475E-02	-1.04396E-01	-1.24848E-01	-9.86668E-01	PRIM
2.40442E-02	1000010010	5.99775E+00	-4.56554E-03	3.47792E-04	7.49871E-05	-9.34555E-01	-3.47827E-01	-7.49946E-02	1000010010	5.99775E+00	1.79051E-02	8.71101E-03	1.87817E-03	-9.34555E-01	-3.47827E-01	-7.49946E-02	PRIM
1.96528E-02	1000010010	6.51068E+00	-5.25007E-03	4.58692E-04	8.52606E-04	-2.49953E-01	-4.58738E-01	-8.52691E-01	1000010010	6.51068E+00	-3.37793E-04	9.47418E-03	1.76104E-02	-2.49953E-01	-4.58738E-01	-8.52691E-01	PRIM
2.01444E-02	1000010010	5.40173E+00	-5.16749E-03	-8.91550E-04	-3.07535E-04	-3.32508E-01	8.91550E-01	3.07535E-01	1000010010	5.40173E+00	1.53069E-03	-1.88513E-02	-6.50266E-03	-3.32508E-01	8.91550E-01	3.07535E-01	PRIM
2.16140E-02	1000010010	5.20994E+01	-4.93059E-03	-7.38973E-04	-3.60124E-04	-5.69412E-01	7.38973E-01	3.60124E-01	1000010010	5.20994E+01	7.37670E-03	-1.67111E-02	-8.14384E-03	-5.69412E-01	7.38973E-01	3.60124E-01	PRIM
1.46681E-02	1000010010	7.90267E+00	-6.22099E-03	-4.15899E-06	6.92933E-04	7.20990E-01	4.15899E-03	-6.92933E-01	1000010010	7.90267E+00	-1.67965E-02	-6.51633E-05	1.08569E-02	7.20990E-01	4.15899E-03	-6.92933E-01	PRIM
2.02041E-02	1000010010	5.88719E+00	-5.15760E-03	-5.78912E-05	9.37768E-04	-3.42404E-01	5.78912E-02	-9.37768E-01	1000010010	5.88719E+00	1.76038E-03	-1.22753E-03	1.98845E-02	-3.42404E-01	5.78912E-02	-9.37768E-01	PRIM
2.44673E-02	1000010010	2.99409E+01	-4.50467E-03	9.24039E-05	2.78195E-05	-9.95333E-01	-9.24039E-02	-2.78195E-02	1000010010	2.99409E+01	1.98484E-02	2.35328E-03	7.08487E-04	-9.95333E-01	-9.24039E-02	-2.78195E-02	PRIM
1.98700E-02	1000010010	1.30395E+01	-5.21334E-03	-7.75772E-04	-5.62143E-04	-2.86660E-01	7.75772E-01	5.62143E-01	1000010010	1.30395E+01	4.82606E-04	-1.61904E-02	-1.17319E-02	-2.86660E-01	7.75772E-01	5.62143E-01	PRIM
2.19163E-02	1000010010	1.01416E+01	-4.88350E-03	7.11162E-04	-3.37893E-04	-6.16504E-01	-7.11162E-01	3.37893E-01	1000010010	1.01416E+01	8.62801E-03	1.62972E-02	-7.74327E-03	-6.16504E-01	-7.11162E-01	3.37893E-01	PRIM
1.40370E-02	1000010010	2.49914E+01	-6.36832E-03	1.64905E-04	-4.67575E-04	8.68407E-01	-1.64921E-01	4.67621E-01	1000010010	2.49914E+01	-1.85582E-02	2.47991E-03	-7.03160E-03	8.68407E-01	-1.64921E-01	4.67621E-01	PRIM
2.19290E-02	1000010010	1.83783E+01	-4.88153E-03	-6.06671E-04	-4.99441E-04	-6.18473E-01	6.06671E-01	4.99441E-01	1000010010	1.83783E+01	8.68099E-03	-1.39104E-02	-1.14517E-02	-6.18473E-01	6.06671E-01	4.99441E-01	PRIM
2.09141E-02	1000010010	5.51212E+00	-5.04169E-03	-5.19175E-05	-8.87273E-04	-4.58314E-01	5.19175E-02	8.87273E-01	1000010010	5.51212E+00	4.54356E-03	-1.13773E-03	-1.94438E-02	-4.58314E-01	5.19175E-02	8.87273E-01	PRIM
1.92949E-02	1000010010	6.89166E+00	-5.31127E-03	-1.90939E-04	9.63287E-04	-1.88733E-01	1.90939E-01	-9.63287E-01	1000010010	6.89166E+00	-1.66968E-03	-3.87510E-03	1.95498E-02	-1.88733E-01	1.90939E-01	-9.63287E-01	PRIM
2.19163E-02	1000010010	6.27521E+00	-4.88350E-03	7.11162E-04	-3.37893E-04	-6.16504E-01	-7.11162E-01	3.37893E-01	1000010010	6.27521E+00	8.62801E-03	1.62972E-02	-7.74327E-03	-6.16504E-01	-7.11162E-01	3.37893E-01	PRIM
1.98473E-02	1000010010	1.26804E+01	-5.21717E-03	-6.03655E-04	-7.45390E-04	-2.82832E-01	6.03655E-01	7.45390E-01	1000010010	1.26804E+01	3.96282E-04	-1.25846E-02	-1.55394E-02	-2.82832E-01	6.03655E-01	7.45390E-01	PRIM
1.42675E-02	1000010010	5.50183E+00	-6.31369E-03	5.60426E-04	1.54380E-04	8.13689E-01	-5.60426E-01	-1.54380E-01	1000010010	5.50183E+00	-1.79230E-02	8.55631E-03	2.35700E-03	8.13689E-01	-5.60426E-01	-1.54380E-01	PRIM
2.18859E-02	1000010010	1.81060E+01	-4.88822E-03	2.54235E-04	-7.49055E-04	-6.11785E-01	-2.54235E-01	7.49055E-01	1000010010	1.81060E+01	8.50123E-03	5.81840E-03	-1.71428E-02	-6.11785E-01	-2.54235E-01	7.49055E-01	PRIM
2.25257E-02	1000010010	1.28725E+01	-4.79020E-03	7.04212E-04	8.05083E-06	-7.09875E-01	-7.04282E-01	-8.05164E-03	1000010010	1.28725E+01	1.12002E-02	1.65686E-02	1.89419E-04	-7.09875E-01	-7.04282E-01	-8.05164E-03	PRIM
1.83585E-02	1000010010	1.65781E+01	-5.47651E-03	7.03145E-04	7.10659E-04	-2.34910E-02	-7.03145E-01	-7.10659E-01	1000010010	1.65781E+01	-5.04525E-03	1.36118E-02	1.37573E-02	-2.34910E-02	-7.03145E-01	-7.10659E-01	PRIM
1.96601E-02	1000010010	6.72368E+00	-5.24880E-03	-7.51725E-05	9.65011E-04	-2.51201E-01	7.51725E-02	-9.65011E-01	1000010010	6.72368E+00	-3.10163E-04	-1.55307E-03	1.99372E-02	-2.51201E-01	7.51725E-02	-9.65011E-01	PRIM
1.82627E-02	1000010010	6.57128E+00	-5.49385E-03	5.19948E-04	8.54176E-04	-6.15164E-03	-5.19948E-01	-8.54176E-01	1000010010	6.57128E+00	-5.38150E-03	1.00156E-02	1.64538E-02	-6.15164E-03	-5.19948E-01	-8.54176E-01	PRIM
2.03081E-02	1000010010	1.66482E+01	-5.14046E-03	3.10933E-04	-8.79689E-04	-3.59575E-01	-3.10964E-01	8.79777E-01	1000010010	1.66482E+01	2.16182E-03	6.62601E-03	-1.87463E-02	-3.59575E-01	-3.10964E-01	8.79777E-01	PRIM
2.15804E-02	1000010010	7.67586E+00	-4.93594E-03	-7.36660E-04	3.72778E-04	-5.64120E-01	7.36734E-01	-3.72815E-01	1000010010	7.67586E+00	7.23798E-03	-1.66356E-02	8.41826E-03	-5.64120E-01	7.36734E-01	-3.72815E-01	PRIM
2.38603E-02	1000010010	2.01366E+01	-4.59207E-03	-4.04760E-04	1.08782E-04	-9.07929E-01	4.04760E-01	-1.08782E-01	1000010010	2.01366E+01	1.70714E-02	-1.00625E-02	2.70434E-03	-9.07929E-01	4.04760E-01	-1.08782E-01	PRIM
2.19163E-02	1000010010	7.20858E+00	-4.88350E-03	7.11162E-04	-3.37893E-04	-6.16504E-01	-7.11162E-01	3.37893E-01	1000010010	7.20858E+00	8.62801E-03	1.62972E-02	-7.74327E-03	-6.16504E-01	-7.11162E-01	3.37893E-01	PRIM
1.99549E-02	1000010010	1.44480E+01	-5.19915E-03	9.46441E-04	-1.16365E-04	-3.00877E-01	-9.46536E-01	1.16376E-01	1000010010	1.44480E+01	8.04805E-04	1.98344E-02	-2.43864E-03	-3.00877E-01	-9.46536E-01	1.16376E-01	PRIM
1.44654E-02	1000010010	9.72854E+00	-6.26748E-03	-2.14669E-04	6.03894E-04	7.67559E-01	2.14691E-01	-6.03955E-01	1000010010	9.72854E+00	-1.73705E-02	-3.32025E-03	9.34032E-03	7.67559E-01	2.14691E-01	-6.03955E-01	PRIM
1.99171E-02	1000010010	6.73365E+00	-5.20544E-03	-6.68937E-04	6.82462E-04	-2.94564E-01	6.68937E-01	-6.82462E-01	1000010010	6.73365E+00	6.61435E-04	-1.39922E-02	1.42751E-02	-2.94564E-01	6.68937E-01	-6.82462E-01	PRIM
1.79560E-02	1000010010	1.08863E+01	-5.54998E-03	-1.24862E-04	-9.90914E-04	4.99793E-02	1.24862E-01	9.90914E-01	1000010010	1.08863E+01	-6.44741E-03	-2.36689E-03	-1.87837E-02	4.99793E-02	1.24862E-01	9.90914E-01	PRIM
1.96024E-02	1000010010	1.71274E+02	-5.25859E-03	-5.95583E-05	9.68594E-04	-2.41410E-01	5.95583E-02	-9.68594E-01	1000010010	1.71274E+02	-5.26367E-04	-1.22705E-03	1.99554E-02	-2.41410E-01	5.95583E-02	-9.68594E-01	PRIM
2.09970E-02	1000010010	8.01103E+00	-5.02843E-03	4.89275E-04	-7.33508E-04	-4.71615E-01	-4.89323E-01	7.33581E-01	1000010010	8.01103E+00	4.87409E-03	1.07636E-02	-1.61365E-02	-4.71615E-01	-4.89323E-01	7.33581E-01	PRIM
2.38603E-02	1000010010	5.51390E+00	-4.59207E-03	-4.04760E-04	1.08782E-04	-9.07929E-01	4.04760E-01	-1.08782E-01	1000010010	5.51390E+00	1.70714E-02	-1.00625E-02	2.70434E-03	-9.07929E-01	4.04760E-01	-1.08782E-01	PRIM
1.80947E-02	1000010010	6.11891E+00	-5.52449E-03	-7.44231E-04	6.67473E-04	2.44908E-02	7.44231E-01	-6.67473E-01	1000010010	6.11891E+00	-5.96764E-03	-1.42108E-02	1.27452E-02	2.44908E-02	7.44231E-01	-6.67473E-01	PRIM
1.80782E-02	1000010010	2.51896E+01	-5.52750E-03	5.06342E-04	-8.61894E-04	2.74998E-02	-5.06342E-01	8.61894E-01	1000010010	2.51896E+01	-6.02465E-03	9.66010E-03	-1.64434E-02	2.74998E-02	-5.06342E-01	8.61894E-01	PRIM
1.68744E-02	1000010010	6.02859E+01	-5.75561E-03	8.48449E-04	4.63464E-04	2.55607E-01	-8.48449E-01	-4.63464E-01	1000010010	6.02859E+01	-1.00688E-02	1.51655E-02	8.28413E-03	2.55607E-01	-8.48449E-01	-4.63464E-01	PRIM
1.65449E-02	1000010010	1.03937E+01	-5.82085E-03	-9.16739E-04	-2.37578E-04	3.20885E-01	9.16831E-01	2.37602E-01	1000010010	1.03937E+01	-1.11299E-02	-1.60856E-02	-4.16868E-03	3.20885E-01	9.16831E-01	2.37602E-01	PRIM
1.38658E-02	1000010010	1.39419E+01	-6.40963E-03	-4.08209E-04	7.57213E-05	9.09724E-01	4.08250E-01	-7.57288E-02	1000010010	1.39419E+01	-1.90237E-02	-6.06893E-03	1.12576E-03	9.09724E-01	4.08250E-01	-7.57288E-02	PRIM
1.86785E-02	1000010010	7.43616E+00	-5.41918E-03	-7.54028E-04	-6.51851E-04	-8.08188E-02	7.54028E-01	6.51851E-01	1000010010	7.43616E+00	-3.90961E-03	-1.48382E-02	-1.28275E-02	-8.08188E-02	7.54028E-01	6.51851E-01	PRIM
2.16140E-02	1000010010	6.14371E+00	-4.93059E-03	-7.38973E-04	-3.60124E-04	-5.69412E-01	7.38973E-01	3.60124E-01	1000010010	6.14371E+00	7.37670E-03	-1.67111E-02	-8.14384E-03	-5.69412E-01	7.38973E-01	3.60124E-01	PRIM
1.56433E-02	1000010010	5.90424E+00	-6.00662E-03	8.30253E-04	-2.32408E-04	5.06623E-01	-8.30253E-01	2.32408E-01	1000010010	5.90424E+00	-1.39319E-02	1.38181E-02	-3.86804E-03	5.06623E-01	-8.30253E-01	2.32408E-01	PRIM
2.11908E-02	1000010010	5.09892E+00	-4.99742E-03	-6.68768E-04	5.47867E-04	-5.02585E-01	6.68768E-01	-5.47867E-01	1000010010	5.09892E+00	5.65274E-03	-1.48405E-02	1.21576E-02	-5.02585E-01	6.68768E-01	-5.47867E-01	PRIM
1.75708E-02	1000010010	3.05834E+01	-5.62177E-03	7.24607E-05	9.89809E-04	1.21782E-01	-7.24680E-02	-9.89908E-01	1000010010	3.05834E+01	-7.76158E-03	1.34578E-03	1.83833E-02	1.21782E-01	-7.24680E-02	-9.89908E-01	PRIM
1.77525E-02	1000010010	7.25745E+00	-5.58771E-03	-3.60021E-04	-9.28812E-04	8.77087E-02	3.60021E-01	9.28812E-01	1000010010	7.25745E+00	-7.14476E-03	-6.75130E-03	-1.74176E-02	8.77087E-02	3.60021E-01	9.28812E-01	PRIM
1.86785E-02	1000010010	5.63247E+01	-5.41918E-03	-7.54028E-04	-6.51851E-04	-8.08188E-02	7.54028E-01	6.51851E-01	1000010010	5.63247E+01	-3.90961E-03	-1.48382E-02	-1.28275E-02	-8.08188E-02	7.54028E-01	6.51851E-01	PRIM
2.33310E-02	1000010010	1.05347E+01	-4.66961E-03	5.48952E-04	9.53735E-05	-8.30395E-01	-5.48952E-01	-9.53735E-02	1000010010	1.05347E+01	1.47043E-02	1.33566E-02	2.32053E-03	-8.30395E-01	-5.48952E-01	-9.53735E-02	PRIM
2.18811E-02	1000010010	6.15441E+00	-4.88903E-03	-3.54886E-04	-7.07514E-04	-6.11027E-01	3.54921E-01	7.07585E-01	1000010010	6.15441E+00	8.48091E-03	-8.12096E-03	-1.61903E-02	-6.11027E-01	3.54921E-01	7.07585E-01	PRIM
2.20591E-02	1000010010	2.03745E+01	-4.86151E-03	4.40143E-04	6.31195E-04	-6.38552E-01	-4.40187E-01	-6.31258E-01	1000010010	2.03745E+01	9.22438E-03	1.01503E-02	1.45562E-02	-6.38552E-01	-4.40187E-01	-6.31258E-01	PRIM
2.25257E-02	1000010010	1.46227E+01	-4.79020E-03	7.04212E-04	8.05083E-06	-7.09875E-01	-7.04282E-01	-8.05164E-03	1000010010	1.46227E+01	1.12002E-02	1.65686E-02	1.89419E-04	-7.09875E-01	-7.04282E-01	-8.05164E-03	PRIM
1.94861E-02	1000010010	5.31600E+00	-5.27842E-03	-9.94031E-05	9.70063E-04	-2.21579E-01	9.94031E-02	-9.70063E-01	1000010010	5.31600E+00	-9.60702E-04	-2.03639E-03	1.98729E-02	-2.21579E-01	9.94031E-02	-9.70063E-01	PRIM
2.09286E-02	1000010010	1.70920E+01	-5.03935E-03	4.19213E-04	7.82345E-04	-4.60647E-01	-4.19213E-01	-7.82345E-01	1000010010	1.70920E+01	4.60136E-03	9.19278E-03	1.71558E-02	-4.60647E-01	-4.19213E-01	-7.82345E-01	PRIM
1.78466E-02	1000010010	5.78139E+00	-5.57022E-03	-5.27532E-04	8.46510E-04	7.02231E-02	5.27585E-01	-8.46595E-01	1000010010	5.78139E+00	-6.82346E-03	-9.94315E-03	1.59554E-02	7.02231E-02	5.27585E-01	-8.46595E-01	PRIM
1.97333E-02	1000010010	1.44861E+01	-5.23640E-03	-2.63883E-05	9.64271E-04	-2.63599E-01	2.63883E-02	-9.64271E-01	1000010010	1.44861E+01	-3.47428E-05	-5.47116E-04	1.99925E-02	-2.63599E-01	2.63883E-02	-9.64271E-01	PRIM
1.75708E-02	1000010010	5.68489E+00	-5.62177E-03	7.24607E-05	9.89809E-04	1.21782E-01	-7.24680E-02	-9.89908E-01	1000010010	5.68489E+00	-7.76158E-03	1.34578E-03	1.83833E-02	1.21782E-01	-7.24680E-02	-9.89908E-01	PRIM
2.40442E-02	1000010010	1.47189E+01	-4.56554E-03	3.47792E-04	7.49871E-05	-9.34555E-01	-3.47827E-01	-7.49946E-02	1000010010	1.47189E+01	1.79051E-02	8.71101E-03	1.87817E-03	-9.34555E-01	-3.47827E-01	-7.49946E-02	PRIM
2.28001E-02	1000010010	1.21058E+01	-4.74869E-03	-3.49933E-04	-5.59534E-04	-7.51311E-01	3.49933E-01	5.59534E-01	1000010010	1.21058E+01	1.23813E-02	-8.32843E-03	-1.33170E-02	-7.51311E-01	3.49933E-01	5.59534E-01	PRIM
2.18859E-02	1000010010	5.04987E+00	-4.88822E-03	2.54235E-04	-7.49055E-04	-6.11785E-01	-2.54235E-01	7.49055E-01	1000010010	5.04987E+00	8.50123E-03	5.81840E-03	-1.71428E-02	-6.11785E-01	-2.54235E-01	7.49055E-01	PRIM
1.75159E-02	1000010010	1.00232E+01	-5.63213E-03	-4.55161E-05	9.90186E-04	1.32135E-01	4.55161E-02	-9.90186E-01	1000010010	1.00232E+01	-7.94659E-03	-8.42770E-04	1.83342E-02	1.32135E-01	4.55161E-02	-9.90186E-01	PRIM
1.71733E-02	1000010010	1.43905E+01	-5.69749E-03	-9.27570E-04	-3.17191E-04	1.97494E-01	9.27570E-01	3.17191E-01	1000010010	1.43905E+01	-9.08912E-03	-1.68570E-02	-5.76441E-03	1.97494E-01	9.27570E-01	3.17191E-01	PRIM
2.11168E-02	1000010010	1.13674E+01	-5.00927E-03	4.24799E-04	7.60615E-04	-4.90774E-01	-4.24842E-01	-7.60691E-01	1000010010	1.13674E+01	5.35430E-03	9.39608E-03	1.68239E-02	-4.90774E-01	-4.24842E-01	-7.60691E-01	PRIM
1.98473E-02	1000010010	2.82666E+01	-5.21717E-03	-6.03655E-04	-7.45390E-04	-2.82832E-01	6.03655E-01	7.45390E-01	1000010010	2.82666E+01	3.96282E-04	-1.25846E-02	-1.55394E-02	-2.82832E-01	6.03655E-01	7.45390E-01	PRIM
1.83637E-02	1000010010	1.97496E+01	-5.47558E-03	6.91888E-05	9.97305E-04	-2.44224E-02	-6.91888E-02	-9.97305E-01	1000010010	1.97496E+01	-5.02709E-03	1.33975E-03	1.93115E-02	-2.44224E-02	-6.91888E-02	-9.97305E-01	PRIM
1.60781E-02	1000010010	2.12337E+01	-5.91566E-03	4.47266E-04	-7.91818E-04	4.15706E-01	-4.47311E-01	7.91898E-01	1000010010	2.12337E+01	-1.25994E-02	7.63915E-03	-1.35240E-02	4.15706E-01	-4.47311E-01	7.91898E-01	PRIM
1.83585E-02	1000010010	9.19619E+00	-5.47651E-03	7.03145E-04	7.10659E-04	-2.34910E-02	-7.03145E-01	-7.10659E-01	1000010010	9.19619E+00	-5.04525E-03	1.36118E-02	1.37573E-02	-2.34910E-02	-7.03145E-01	-7.10659E-01	PRIM
1.80235E-02	1000010010	7.24797E+00	-5.53754E-03	-7.46636E-04	-6.64173E-04	3.75385E-02	7.46636E-01	6.64173E-01	1000010010	7.24797E+00	-6.21411E-03	-1.42037E-02	-1.26349E-02	3.75385E-02	7.46636E-01	6.64173E-01	PRIM
1.63363E-02	1000010010	5.31494E+00	-5.86288E-03	-5.80456E-04	7.28825E-04	3.62919E-01	5.80514E-01	-7.28898E-01	1000010010	5.31494E+00	-1.17916E-02	-1.00639E-02	1.26363E-02	3.62919E-01	5.80514E-01	-7.28898E-01	PRIM
1.93603E-02	1000010010	4.20234E+01	-5.30000E-03	5.02643E-06	9.79783E-04	-2.00000E-01	-5.02643E-03	-9.79783E-01	1000010010	4.20234E+01	-1.42793E-03	1.02340E-04	1.99487E-02	-2.00000E-01	-5.02643E-03	-9.79783E-01	PRIM
2.33310E-02	1000010010	6.97831E+00	-4.66961E-03	5.48952E-04	9.53735E-05	-8.30395E-01	-5.48952E-01	-9.53735E-02	1000010010	6.97831E+00	1.47043E-02	1.33566E-02	2.32053E-03	-8.30395E-01	-5.48952E-01	-9.53735E-02	PRIM
1.93019E-02	1000010010	6.01063E+00	-5.31006E-03	9.80122E-04	-5.73128E-05	-1.89939E-01	-9.80122E-01	5.73128E-02	1000010010	6.01063E+00	-1.64387E-03	1.98983E-02	-1.16356E-03	-1.89939E-01	-9.80122E-01	5.73128E-02	PRIM
2.14515E-02	1000010010	8.32588E+00	-4.95612E-03	5.65589E-04	6.19923E-04	-5.43878E-01	-5.65589E-01	-6.19923E-01	1000010010	8.32588E+00	6.71088E-03	1.26983E-02	1.39182E-02	-5.43878E-01	-5.65589E-01	-6.19923E-01	PRIM
2.00189E-02	1000010010	5.23732E+00	-5.18841E-03	5.99208E-05	9.48324E-04	-3.11594E-01	-5.99208E-02	-9.48324E-01	1000010010	5.23732E+00	1.04935E-03	1.25947E-03	1.99327E-02	-3.11594E-01	-5.99208E-02	-9.48324E-01	PRIM
