#	D	ID	E	X	Y	Z	Px	Py	Pz	ID0	E0	X0	Y0	Z0	P0x	P0y	P0z	tag
#
# D             Trajectory length [1 Mpc]
# ID/ID0/ID1    Particle type (PDG MC numbering scheme)
# E/E0/E1       Energy [1 EeV]
# X/X0/X1...    Position [1 Mpc]
# Px/P0x/P1x... Heading (unit vector of momentum)
# tag           Candidate tag can be given by the source feature (user defined tag) or by the following interaction process 
#	ES  	ElasticScattering 
#	EPP 	ElectronPairProduction 
#	EMPP	EMPairProduction
#	EMDP	EMDoublePairProduction
#	EMTP	EMTripletPairProduction 
#	EMIC	EMInverseComptonScattering
#	ND  	NuclearDecay
#	PD  	PhotoDisintegration
#	PPP  	PhotoPionProduction
#	SYN 	SynchrotronRadiation
#	PRIM/SEC	 primary / secondary particle
# no index = current, 0 = at source, 1 = at point of creation
#
# CRPropa version: 3.2-85-g7a40f1f1
#
1.89777E-02	1000010010	5.57762E+00	-2.44634E-03	5.12269E-06	9.98546E-04	-5.36631E-02	-5.12269E-03	-9.98546E-01	1000010010	5.57762E+00	-1.42793E-03	1.02340E-04	1.99487E-02	-5.36631E-02	-5.12269E-03	-9.98546E-01	PRIM
1.84784E-02	1000010010	1.10664E+01	-2.64728E-03	-2.50585E-04	-9.56826E-04	1.47277E-01	2.50585E-01	9.56826E-01	1000010010	1.10664E+01	-5.36871E-03	-4.88099E-03	-1.86374E-02	1.47277E-01	2.50585E-01	9.56826E-01	PRIM
2.06370E-02	1000010010	7.54358E+00	-1.81230E-03	-3.84879E-04	-6.15413E-04	-6.87772E-01	3.84918E-01	6.15474E-01	1000010010	7.54358E+00	1.23813E-02	-8.32843E-03	-1.33170E-02	-6.87772E-01	3.84918E-01	6.15474E-01	PRIM
1.67942E-02	1000010010	7.54628E+00	-3.36674E-03	4.80847E-04	1.32459E-04	8.66741E-01	-4.80847E-01	-1.32459E-01	1000010010	7.54628E+00	-1.79230E-02	8.55631E-03	2.35700E-03	8.66741E-01	-4.80847E-01	-1.32459E-01	PRIM
1.65911E-02	1000010010	6.22445E+00	-3.45848E-03	7.44588E-06	2.85076E-04	9.58476E-01	-7.44588E-03	-2.85076E-01	1000010010	6.22445E+00	-1.93606E-02	1.30981E-04	5.01480E-03	9.58476E-01	-7.44588E-03	-2.85076E-01	PRIM
1.85198E-02	1000010010	5.31535E+00	-2.63039E-03	6.97334E-04	7.04786E-04	1.30393E-01	-6.97334E-01	-7.04786E-01	1000010010	5.31535E+00	-5.04525E-03	1.36118E-02	1.37573E-02	1.30393E-01	-6.97334E-01	-7.04786E-01	PRIM
1.74925E-02	1000010010	3.03772E+01	-3.05997E-03	-3.31496E-04	7.59303E-04	5.59973E-01	3.31496E-01	-7.59303E-01	1000010010	3.03772E+01	-1.28553E-02	-6.13020E-03	1.40414E-02	5.59973E-01	3.31496E-01	-7.59303E-01	PRIM
1.82491E-02	1000010010	5.79088E+00	-2.74130E-03	-3.50734E-04	-9.04854E-04	2.41298E-01	3.50734E-01	9.04854E-01	1000010010	5.79088E+00	-7.14476E-03	-6.75130E-03	-1.74176E-02	2.41298E-01	3.50734E-01	9.04854E-01	PRIM
1.90628E-02	1000010010	5.33220E+00	-2.41262E-03	7.61287E-04	-6.42501E-04	-8.73794E-02	-7.61287E-01	6.42501E-01	1000010010	5.33220E+00	-7.46927E-04	1.52735E-02	-1.28904E-02	-8.73794E-02	-7.61287E-01	6.42501E-01	PRIM
1.84013E-02	1000010010	5.51599E+00	-2.67873E-03	-7.32467E-04	6.56922E-04	1.78732E-01	7.32467E-01	-6.56922E-01	1000010010	5.51599E+00	-5.96764E-03	-1.42108E-02	1.27452E-02	1.78732E-01	7.32467E-01	-6.56922E-01	PRIM
1.88689E-02	1000010010	7.81756E+01	-2.48971E-03	-7.20317E-04	6.93569E-04	-1.02920E-02	7.20317E-01	-6.93569E-01	1000010010	7.81756E+01	-2.29551E-03	-1.43119E-02	1.37804E-02	-1.02920E-02	7.20317E-01	-6.93569E-01	PRIM
2.09846E-02	1000010010	1.45817E+01	-1.68512E-03	3.50095E-04	4.61960E-04	-8.14878E-01	-3.50095E-01	-4.61960E-01	1000010010	1.45817E+01	1.54148E-02	7.69670E-03	1.01560E-02	-8.14878E-01	-3.50095E-01	-4.61960E-01	PRIM
1.89475E-02	1000010010	1.55393E+01	-2.45837E-03	-1.94265E-04	9.80066E-04	-4.16253E-02	1.94265E-01	-9.80066E-01	1000010010	1.55393E+01	-1.66968E-03	-3.87510E-03	1.95498E-02	-4.16253E-02	1.94265E-01	-9.80066E-01	PRIM
2.11422E-02	1000010010	1.65592E+01	-1.62813E-03	4.76354E-04	1.13702E-04	-8.71871E-01	-4.76354E-01	-1.13702E-01	1000010010	1.65592E+01	1.68051E-02	1.05475E-02	2.51761E-03	-8.71871E-01	-4.76354E-01	-1.13702E-01	PRIM
1.87925E-02	1000010010	5.55922E+00	-2.52026E-03	-1.61179E-04	9.86717E-04	2.02615E-02	1.61179E-01	-9.86717E-01	1000010010	5.55922E+00	-2.90103E-03	-3.19015E-03	1.95296E-02	2.02615E-02	1.61179E-01	-9.86717E-01	PRIM
1.75271E-02	1000010010	1.18002E+01	-3.04512E-03	4.12323E-04	-7.29958E-04	5.45116E-01	-4.12323E-01	7.29958E-01	1000010010	1.18002E+01	-1.25994E-02	7.63915E-03	-1.35240E-02	5.45116E-01	-4.12323E-01	7.29958E-01	PRIM
2.11422E-02	1000010010	7.10075E+00	-1.62813E-03	4.76354E-04	1.13702E-04	-8.71871E-01	-4.76354E-01	-1.13702E-01	1000010010	7.10075E+00	1.68051E-02	1.05475E-02	2.51761E-03	-8.71871E-01	-4.76354E-01	-1.13702E-01	PRIM
1.78955E-02	1000010010	9.29621E+00	-2.88856E-03	-6.53834E-04	-6.49247E-04	3.88561E-01	6.53834E-01	6.49247E-01	1000010010	9.29621E+00	-9.84205E-03	-1.23545E-02	-1.22678E-02	3.88561E-01	6.53834E-01	6.49247E-01	PRIM
2.00507E-02	1000010010	5.51043E+00	-2.03081E-03	-7.93851E-04	-3.86867E-04	-4.69185E-01	7.93851E-01	3.86867E-01	1000010010	5.51043E+00	7.37670E-03	-1.67111E-02	-8.14384E-03	-4.69185E-01	7.93851E-01	3.86867E-01	PRIM
2.10796E-02	1000010010	1.14971E+01	-1.65073E-03	-5.12780E-04	1.25709E-04	-8.49267E-01	5.12780E-01	-1.25709E-01	1000010010	1.14971E+01	1.62514E-02	-1.13220E-02	2.77559E-03	-8.49267E-01	5.12780E-01	-1.25709E-01	PRIM
2.00509E-02	1000010010	5.16320E+00	-2.03074E-03	9.44323E-05	8.77997E-04	-4.69259E-01	-9.44323E-02	-8.77997E-01	1000010010	5.16320E+00	7.37833E-03	1.98789E-03	1.84827E-02	-4.69259E-01	-9.44323E-02	-8.77997E-01	PRIM
1.91007E-02	1000010010	5.89960E+00	-2.39763E-03	-8.34422E-05	9.91241E-04	-1.02370E-01	8.34422E-02	-9.91241E-01	1000010010	5.89960E+00	-4.42289E-04	-1.67725E-03	1.99246E-02	-1.02370E-01	8.34422E-02	-9.91241E-01	PRIM
1.78215E-02	1000010010	5.94780E+00	-2.91973E-03	-7.92745E-04	4.42023E-04	4.19728E-01	7.92745E-01	-4.42023E-01	1000010010	5.94780E+00	-1.03999E-02	-1.49207E-02	8.31955E-03	4.19728E-01	7.92745E-01	-4.42023E-01	PRIM
1.88318E-02	1000010010	3.84961E+01	-2.50455E-03	-9.31758E-04	-3.63052E-04	4.54712E-03	9.31758E-01	3.63052E-01	1000010010	3.84961E+01	-2.59018E-03	-1.84784E-02	-7.19997E-03	4.54712E-03	9.31758E-01	3.63052E-01	PRIM
1.73464E-02	1000010010	5.09152E+00	-3.12311E-03	7.53180E-04	-2.10833E-04	6.23112E-01	-7.53180E-01	2.10833E-01	1000010010	5.09152E+00	-1.39319E-02	1.38181E-02	-3.86804E-03	6.23112E-01	-7.53180E-01	2.10833E-01	PRIM
1.85198E-02	1000010010	1.77286E+01	-2.63040E-03	7.26150E-04	-6.75057E-04	1.30403E-01	-7.26150E-01	6.75057E-01	1000010010	1.77286E+01	-5.04544E-03	1.41743E-02	-1.31770E-02	1.30403E-01	-7.26150E-01	6.75057E-01	PRIM
1.92075E-02	1000010010	7.24078E+00	-2.35561E-03	1.91972E-04	-9.70618E-04	-1.44402E-01	-1.91991E-01	9.70715E-01	1000010010	7.24078E+00	4.18002E-04	3.87964E-03	-1.96156E-02	-1.44402E-01	-1.91991E-01	9.70715E-01	PRIM
1.84225E-02	1000010010	6.03401E+00	-2.67011E-03	6.34399E-04	7.53923E-04	1.70129E-01	-6.34462E-01	-7.53999E-01	1000010010	6.03401E+00	-5.80431E-03	1.23228E-02	1.46444E-02	1.70129E-01	-6.34462E-01	-7.53999E-01	PRIM
1.70633E-02	1000010010	6.28385E+00	-3.24697E-03	9.10141E-05	6.58445E-04	7.47046E-01	-9.10232E-02	-6.58511E-01	1000010010	6.28385E+00	-1.59941E-02	1.64417E-03	1.18948E-02	7.47046E-01	-9.10232E-02	-6.58511E-01	PRIM
1.74840E-02	1000010010	1.26368E+02	-3.06361E-03	6.36754E-04	-5.26010E-04	5.63667E-01	-6.36818E-01	5.26063E-01	1000010010	1.26368E+02	-1.29188E-02	1.17709E-02	-9.72372E-03	5.63667E-01	-6.36818E-01	5.26063E-01	PRIM
1.71533E-02	1000010010	1.77078E+01	-3.20737E-03	-6.91496E-04	-1.45795E-04	7.07444E-01	6.91565E-01	1.45810E-01	1000010010	1.77078E+01	-1.53424E-02	-1.25541E-02	-2.64691E-03	7.07444E-01	6.91565E-01	1.45810E-01	PRIM
1.67161E-02	1000010010	5.32872E+00	-3.40183E-03	-1.88506E-04	-3.88549E-04	9.01919E-01	1.88524E-01	3.88588E-01	1000010010	5.32872E+00	-1.84784E-02	-3.33991E-03	-6.88424E-03	9.01919E-01	1.88524E-01	3.88588E-01	PRIM
1.80207E-02	1000010010	3.95684E+01	-2.83608E-03	-2.25227E-04	9.14506E-04	3.36081E-01	2.25227E-01	-9.14506E-01	1000010010	3.95684E+01	-8.89251E-03	-4.28399E-03	1.73946E-02	3.36081E-01	2.25227E-01	-9.14506E-01	PRIM
1.94474E-02	1000010010	6.19576E+00	-2.26185E-03	-1.05847E-04	-9.65443E-04	-2.38152E-01	1.05847E-01	9.65443E-01	1000010010	6.19576E+00	2.36961E-03	-2.16430E-03	-1.97408E-02	-2.38152E-01	1.05847E-01	9.65443E-01	PRIM
1.74925E-02	1000010010	7.26141E+00	-3.05997E-03	-3.31496E-04	7.59303E-04	5.59973E-01	3.31496E-01	-7.59303E-01	1000010010	7.26141E+00	-1.28553E-02	-6.13020E-03	1.40414E-02	5.59973E-01	3.31496E-01	-7.59303E-01	PRIM
1.75925E-02	1000010010	5.27435E+01	-3.01707E-03	-8.40423E-04	1.62254E-04	5.17071E-01	8.40423E-01	-1.62254E-01	1000010010	5.27435E+01	-1.21137E-02	-1.56256E-02	3.01672E-03	5.17071E-01	8.40423E-01	-1.62254E-01	PRIM
2.00007E-02	1000010010	8.36575E+00	-2.04974E-03	-4.80242E-04	7.52751E-04	-4.50260E-01	4.80242E-01	-7.52751E-01	1000010010	8.36575E+00	6.95576E-03	-1.00854E-02	1.58083E-02	-4.50260E-01	4.80242E-01	-7.52751E-01	PRIM
1.92154E-02	1000010010	5.36024E+00	-2.35246E-03	-8.00893E-04	-5.80346E-04	-1.47541E-01	8.00893E-01	5.80346E-01	1000010010	5.36024E+00	4.82606E-04	-1.61904E-02	-1.17319E-02	-1.47541E-01	8.00893E-01	5.80346E-01	PRIM
1.97827E-02	1000010010	6.11250E+00	-2.13273E-03	7.31538E-04	5.74252E-04	-3.67306E-01	-7.31611E-01	-5.74310E-01	1000010010	6.11250E+00	5.13359E-03	1.52048E-02	1.19357E-02	-3.67306E-01	-7.31611E-01	-5.74310E-01	PRIM
1.66876E-02	1000010010	7.00379E+00	-3.41474E-03	-8.42190E-05	3.95172E-04	9.14738E-01	8.42190E-02	-3.95172E-01	1000010010	7.00379E+00	-1.86796E-02	-1.48963E-03	6.98966E-03	9.14738E-01	8.42190E-02	-3.95172E-01	PRIM
1.83940E-02	1000010010	6.08390E+00	-2.68174E-03	4.98098E-04	-8.47862E-04	1.81739E-01	-4.98098E-01	8.47862E-01	1000010010	6.08390E+00	-6.02465E-03	9.66010E-03	-1.64434E-02	1.81739E-01	-4.98098E-01	8.47862E-01	PRIM
2.12580E-02	1000010010	5.20838E+00	-1.58646E-03	3.01844E-04	-2.72642E-04	-9.13541E-01	-3.01844E-01	2.72642E-01	1000010010	5.20838E+00	1.78336E-02	6.71843E-03	-6.06847E-03	-9.13541E-01	-3.01844E-01	2.72642E-01	PRIM
1.76359E-02	1000010010	6.34489E+00	-2.99854E-03	-5.39976E-04	6.77999E-04	4.98591E-01	5.40030E-01	-6.78067E-01	1000010010	6.34489E+00	-1.17916E-02	-1.00639E-02	1.26363E-02	4.98591E-01	5.40030E-01	-6.78067E-01	PRIM
2.09037E-02	1000010010	8.03217E+00	-1.71455E-03	6.09785E-04	1.05943E-04	-7.85454E-01	-6.09785E-01	-1.05943E-01	1000010010	8.03217E+00	1.47043E-02	1.33566E-02	2.32053E-03	-7.85454E-01	-6.09785E-01	-1.05943E-01	PRIM
1.88698E-02	1000010010	8.23673E+00	-2.48936E-03	-2.16845E-05	9.99708E-04	-1.06398E-02	2.16845E-02	-9.99708E-01	1000010010	8.23673E+00	-2.28859E-03	-4.30865E-04	1.98640E-02	-1.06398E-02	2.16845E-02	-9.99708E-01	PRIM
1.96559E-02	1000010010	5.20522E+01	-2.18128E-03	3.33072E-04	8.87401E-04	-3.18719E-01	-3.33072E-01	-8.87401E-01	1000010010	5.20522E+01	4.08343E-03	6.87992E-03	1.83301E-02	-3.18719E-01	-3.33072E-01	-8.87401E-01	PRIM
2.06218E-02	1000010010	5.43381E+01	-1.81780E-03	-4.82809E-04	5.49083E-04	-6.82205E-01	4.82809E-01	-5.49083E-01	1000010010	5.43381E+01	1.22505E-02	-1.04392E-02	1.18722E-02	-6.82205E-01	4.82809E-01	-5.49083E-01	PRIM
2.11983E-02	1000010010	9.19698E+00	-1.60804E-03	-1.11988E-04	-4.37802E-04	-8.92046E-01	1.11999E-01	4.37846E-01	1000010010	9.19698E+00	1.73018E-02	-2.48618E-03	-9.71939E-03	-8.92046E-01	1.11999E-01	4.37846E-01	PRIM
2.11422E-02	1000010010	8.92494E+00	-1.62813E-03	4.76354E-04	1.13702E-04	-8.71871E-01	-4.76354E-01	-1.13702E-01	1000010010	8.92494E+00	1.68051E-02	1.05475E-02	2.51761E-03	-8.71871E-01	-4.76354E-01	-1.13702E-01	PRIM
1.96559E-02	1000010010	3.22172E+01	-2.18128E-03	3.33072E-04	8.87401E-04	-3.18719E-01	-3.33072E-01	-8.87401E-01	1000010010	3.22172E+01	4.08343E-03	6.87992E-03	1.83301E-02	-3.18719E-01	-3.33072E-01	-8.87401E-01	PRIM
1.67226E-02	1000010010	6.09164E+00	-3.39894E-03	4.25477E-04	1.04284E-04	8.98941E-01	-4.25477E-01	-1.04284E-01	1000010010	6.09164E+00	-1.84316E-02	7.54057E-03	1.84819E-03	8.98941E-01	-4.25477E-01	-1.04284E-01	PRIM
1.89630E-02	1000010010	1.55244E+01	-2.45219E-03	-5.17910E-05	-9.97513E-04	-4.78123E-02	5.17910E-02	9.97513E-01	1000010010	1.55244E+01	-1.54552E-03	-1.03390E-03	-1.99134E-02	-4.78123E-02	5.17910E-02	9.97513E-01	PRIM
2.06428E-02	1000010010	1.05736E+01	-1.81018E-03	4.59094E-04	-5.59632E-04	-6.89884E-01	-4.59139E-01	5.59688E-01	1000010010	1.05736E+01	1.24309E-02	9.93700E-03	-1.21131E-02	-6.89884E-01	-4.59139E-01	5.59688E-01	PRIM
1.94428E-02	1000010010	5.89174E+00	-2.26364E-03	-2.00190E-04	9.50819E-04	-2.36361E-01	2.00190E-01	-9.50819E-01	1000010010	5.89174E+00	2.33189E-03	-4.09246E-03	1.94374E-02	-2.36361E-01	2.00190E-01	-9.50819E-01	PRIM
1.74374E-02	1000010010	1.61252E+01	-3.08374E-03	6.87868E-04	4.31378E-04	5.83738E-01	-6.87868E-01	-4.31378E-01	1000010010	1.61252E+01	-1.32626E-02	1.26825E-02	7.95348E-03	5.83738E-01	-6.87868E-01	-4.31378E-01	PRIM
1.93728E-02	1000010010	9.86042E+00	-2.29088E-03	-6.02534E-05	9.76032E-04	-2.09121E-01	6.02534E-02	-9.76032E-01	1000010010	9.86042E+00	1.76038E-03	-1.22753E-03	1.98845E-02	-2.09121E-01	6.02534E-02	-9.76032E-01	PRIM
1.67942E-02	1000010010	2.01314E+01	-3.36674E-03	4.80847E-04	1.32459E-04	8.66741E-01	-4.80847E-01	-1.32459E-01	1000010010	2.01314E+01	-1.79230E-02	8.55631E-03	2.35700E-03	8.66741E-01	-4.80847E-01	-1.32459E-01	PRIM
2.09846E-02	1000010010	9.01215E+00	-1.68512E-03	3.50095E-04	4.61960E-04	-8.14878E-01	-3.50095E-01	-4.61960E-01	1000010010	9.01215E+00	1.54148E-02	7.69670E-03	1.01560E-02	-8.14878E-01	-3.50095E-01	-4.61960E-01	PRIM
1.99715E-02	1000010010	9.50102E+00	-2.06079E-03	6.05504E-04	6.63672E-04	-4.39209E-01	-6.05504E-01	-6.63672E-01	1000010010	9.50102E+00	6.71088E-03	1.26983E-02	1.39182E-02	-4.39209E-01	-6.05504E-01	-6.63672E-01	PRIM
1.84767E-02	1000010010	6.59850E+00	-2.64795E-03	5.14236E-04	8.44792E-04	1.47946E-01	-5.14236E-01	-8.44792E-01	1000010010	6.59850E+00	-5.38150E-03	1.00156E-02	1.64538E-02	1.47946E-01	-5.14236E-01	-8.44792E-01	PRIM
1.89630E-02	1000010010	7.53973E+00	-2.45219E-03	-5.17910E-05	-9.97513E-04	-4.78123E-02	5.17910E-02	9.97513E-01	1000010010	7.53973E+00	-1.54552E-03	-1.03390E-03	-1.99134E-02	-4.78123E-02	5.17910E-02	9.97513E-01	PRIM
1.93899E-02	1000010010	9.21710E+00	-2.28422E-03	2.54918E-05	-9.76109E-04	-2.15779E-01	-2.54918E-02	9.76109E-01	1000010010	9.21710E+00	1.89971E-03	5.19776E-04	-1.99028E-02	-2.15779E-01	-2.54918E-02	9.76109E-01	PRIM
1.87263E-02	1000010010	6.24591E+00	-2.54692E-03	2.79704E-04	9.58835E-04	4.69269E-02	-2.79732E-01	-9.58931E-01	1000010010	6.24591E+00	-3.42569E-03	5.51804E-03	1.89160E-02	4.69269E-02	-2.79732E-01	-9.58931E-01	PRIM
1.97514E-02	1000010010	5.04482E+00	-2.14465E-03	5.18693E-04	-7.77612E-04	-3.55354E-01	-5.18693E-01	7.77612E-01	1000010010	5.04482E+00	4.87409E-03	1.07636E-02	-1.61365E-02	-3.55354E-01	-5.18693E-01	7.77612E-01	PRIM
1.90628E-02	1000010010	5.53446E+00	-2.41262E-03	7.61287E-04	-6.42501E-04	-8.73794E-02	-7.61287E-01	6.42501E-01	1000010010	5.53446E+00	-7.46927E-04	1.52735E-02	-1.28904E-02	-8.73794E-02	-7.61287E-01	6.42501E-01	PRIM
1.81446E-02	1000010010	5.23736E+00	-2.78450E-03	-4.40212E-05	9.57666E-04	2.84497E-01	4.40212E-02	-9.57666E-01	1000010010	5.23736E+00	-7.94659E-03	-8.42770E-04	1.83342E-02	2.84497E-01	4.40212E-02	-9.57666E-01	PRIM
1.83394E-02	1000010010	5.70638E+00	-2.70411E-03	-1.22387E-04	-9.71267E-04	2.04112E-01	1.22387E-01	9.71267E-01	1000010010	5.70638E+00	-6.44741E-03	-2.36689E-03	-1.87837E-02	2.04112E-01	1.22387E-01	9.71267E-01	PRIM
2.05015E-02	1000010010	5.54183E+00	-1.86222E-03	-4.30000E-04	-6.39011E-04	-6.37781E-01	4.30000E-01	6.39011E-01	1000010010	5.54183E+00	1.12133E-02	-9.24567E-03	-1.37397E-02	-6.37781E-01	4.30000E-01	6.39011E-01	PRIM
1.81450E-02	1000010010	1.39126E+01	-2.78436E-03	6.23789E-04	-7.27893E-04	2.84385E-01	-6.23852E-01	7.27966E-01	1000010010	1.39126E+01	-7.94452E-03	1.19436E-02	-1.39368E-02	2.84385E-01	-6.23852E-01	7.27966E-01	PRIM
1.97380E-02	1000010010	7.06977E+00	-2.14987E-03	-1.58383E-04	9.23104E-04	-3.50168E-01	1.58399E-01	-9.23197E-01	1000010010	7.06977E+00	4.76172E-03	-3.28486E-03	1.91451E-02	-3.50168E-01	1.58399E-01	-9.23197E-01	PRIM
1.85222E-02	1000010010	7.54838E+00	-2.62945E-03	6.86272E-05	9.89209E-04	1.29447E-01	-6.86272E-02	-9.89209E-01	1000010010	7.54838E+00	-5.02709E-03	1.33975E-03	1.93115E-02	1.29447E-01	-6.86272E-02	-9.89209E-01	PRIM
1.96559E-02	1000010010	1.59160E+01	-2.18128E-03	3.33072E-04	8.87401E-04	-3.18719E-01	-3.33072E-01	-8.87401E-01	1000010010	1.59160E+01	4.08343E-03	6.87992E-03	1.83301E-02	-3.18719E-01	-3.33072E-01	-8.87401E-01	PRIM
2.01988E-02	1000010010	1.14968E+01	-1.97506E-03	7.68779E-04	-3.65269E-04	-5.24935E-01	-7.68779E-01	3.65269E-01	1000010010	1.14968E+01	8.62801E-03	1.62972E-02	-7.74327E-03	-5.24935E-01	-7.68779E-01	3.65269E-01	PRIM
1.97185E-02	1000010010	3.08687E+01	-2.15725E-03	4.43699E-04	8.28040E-04	-3.42754E-01	-4.43699E-01	-8.28040E-01	1000010010	3.08687E+01	4.60136E-03	9.19278E-03	1.71558E-02	-3.42754E-01	-4.43699E-01	-8.28040E-01	PRIM
1.83940E-02	1000010010	5.82485E+00	-2.68174E-03	4.98098E-04	-8.47862E-04	1.81739E-01	-4.98098E-01	8.47862E-01	1000010010	5.82485E+00	-6.02465E-03	9.66010E-03	-1.64434E-02	1.81739E-01	-4.98098E-01	8.47862E-01	PRIM
1.90381E-02	1000010010	8.91217E+00	-2.42239E-03	4.60730E-04	-8.84141E-04	-7.76076E-02	-4.60730E-01	8.84141E-01	1000010010	8.91217E+00	-9.44891E-04	9.23216E-03	-1.77165E-02	-7.76076E-02	-4.60730E-01	8.84141E-01	PRIM
1.88689E-02	1000010010	1.20533E+01	-2.48971E-03	-7.20317E-04	6.93569E-04	-1.02920E-02	7.20317E-01	-6.93569E-01	1000010010	1.20533E+01	-2.29551E-03	-1.43119E-02	1.37804E-02	-1.02920E-02	7.20317E-01	-6.93569E-01	PRIM
2.11722E-02	1000010010	5.67444E+00	-1.61730E-03	-4.53832E-04	1.21970E-04	-8.82700E-01	4.53832E-01	-1.21970E-01	1000010010	5.67444E+00	1.70714E-02	-1.00625E-02	2.70434E-03	-8.82700E-01	4.53832E-01	-1.21970E-01	PRIM
1.91420E-02	1000010010	1.25280E+01	-2.38139E-03	1.83292E-05	9.92671E-04	-1.18623E-01	-1.83311E-02	-9.92770E-01	1000010010	1.25280E+01	-1.10708E-04	3.69223E-04	1.99963E-02	-1.18623E-01	-1.83311E-02	-9.92770E-01	PRIM
1.87912E-02	1000010010	5.74643E+00	-2.52082E-03	-1.55550E-04	-9.87507E-04	2.08249E-02	1.55566E-01	9.87606E-01	1000010010	5.74643E+00	-2.91215E-03	-3.07882E-03	-1.95458E-02	2.08249E-02	1.55566E-01	9.87606E-01	PRIM
1.83940E-02	1000010010	6.77565E+00	-2.68174E-03	4.98098E-04	-8.47862E-04	1.81739E-01	-4.98098E-01	8.47862E-01	1000010010	6.77565E+00	-6.02465E-03	9.66010E-03	-1.64434E-02	1.81739E-01	-4.98098E-01	8.47862E-01	PRIM
1.91733E-02	1000010010	9.80237E+00	-2.36900E-03	-1.73458E-04	9.76090E-04	-1.31000E-01	1.73458E-01	-9.76090E-01	1000010010	9.80237E+00	1.42708E-04	-3.49922E-03	1.96910E-02	-1.31000E-01	1.73458E-01	-9.76090E-01	PRIM
1.71533E-02	1000010010	6.22545E+00	-3.20737E-03	-6.91496E-04	-1.45795E-04	7.07444E-01	6.91565E-01	1.45810E-01	1000010010	6.22545E+00	-1.53424E-02	-1.25541E-02	-2.64691E-03	7.07444E-01	6.91565E-01	1.45810E-01	PRIM
2.11983E-02	1000010010	6.86558E+00	-1.60804E-03	-1.11988E-04	-4.37802E-04	-8.92046E-01	1.11999E-01	4.37846E-01	1000010010	6.86558E+00	1.73018E-02	-2.48618E-03	-9.71939E-03	-8.92046E-01	1.11999E-01	4.37846E-01	PRIM
1.74927E-02	1000010010	1.10419E+01	-3.05991E-03	8.11089E-04	-1.69232E-04	5.59907E-01	-8.11089E-01	1.69232E-01	1000010010	1.10419E+01	-1.28542E-02	1.49992E-02	-3.12955E-03	5.59907E-01	-8.11089E-01	1.69232E-01	PRIM
1.99945E-02	1000010010	3.73325E+01	-2.05208E-03	-3.39020E-04	-8.27307E-04	-4.47915E-01	3.39020E-01	8.27307E-01	1000010010	3.73325E+01	6.90375E-03	-7.11755E-03	-1.73689E-02	-4.47915E-01	3.39020E-01	8.27307E-01	PRIM
1.82908E-02	1000010010	1.12720E+01	-2.72410E-03	-5.15385E-04	8.27018E-04	2.24121E-01	5.15436E-01	-8.27101E-01	1000010010	1.12720E+01	-6.82346E-03	-9.94315E-03	1.59554E-02	2.24121E-01	5.15436E-01	-8.27101E-01	PRIM
1.89521E-02	1000010010	5.37100E+00	-2.45659E-03	-1.46629E-04	9.88137E-04	-4.34183E-02	1.46644E-01	-9.88236E-01	1000010010	5.37100E+00	-1.63372E-03	-2.92584E-03	1.97173E-02	-4.34183E-02	1.46644E-01	-9.88236E-01	PRIM
1.92061E-02	1000010010	2.67465E+01	-2.35611E-03	5.55461E-04	-8.18998E-04	-1.43895E-01	-5.55461E-01	8.18998E-01	1000010010	2.67465E+01	4.07560E-04	1.12237E-02	-1.65488E-02	-1.43895E-01	-5.55461E-01	8.18998E-01	PRIM
1.99945E-02	1000010010	4.56409E+01	-2.05208E-03	-3.39020E-04	-8.27307E-04	-4.47915E-01	3.39020E-01	8.27307E-01	1000010010	4.56409E+01	6.90375E-03	-7.11755E-03	-1.73689E-02	-4.47915E-01	3.39020E-01	8.27307E-01	PRIM
1.89521E-02	1000010010	8.20064E+00	-2.45659E-03	-1.46629E-04	9.88137E-04	-4.34183E-02	1.46644E-01	-9.88236E-01	1000010010	8.20064E+00	-1.63372E-03	-2.92584E-03	1.97173E-02	-4.34183E-02	1.46644E-01	-9.88236E-01	PRIM
1.95727E-02	1000010010	1.08480E+01	-2.21334E-03	3.16255E-04	9.04327E-04	-2.86661E-01	-3.16255E-01	-9.04327E-01	1000010010	1.08480E+01	3.39740E-03	6.50623E-03	1.86045E-02	-2.86661E-01	-3.16255E-01	-9.04327E-01	PRIM
1.88698E-02	1000010010	8.23747E+00	-2.48936E-03	-2.16845E-05	9.99708E-04	-1.06398E-02	2.16845E-02	-9.99708E-01	1000010010	8.23747E+00	-2.28859E-03	-4.30865E-04	1.98640E-02	-1.06398E-02	2.16845E-02	-9.99708E-01	PRIM
2.02281E-02	1000010010	5.72452E+00	-1.96417E-03	6.58456E-04	-5.28316E-04	-5.35887E-01	-6.58522E-01	5.28369E-01	1000010010	5.72452E+00	8.87583E-03	1.39791E-02	-1.12162E-02	-5.35887E-01	-6.58522E-01	5.28369E-01	PRIM
1.81450E-02	1000010010	1.54581E+01	-2.78436E-03	6.23789E-04	-7.27893E-04	2.84385E-01	-6.23852E-01	7.27966E-01	1000010010	1.54581E+01	-7.94452E-03	1.19436E-02	-1.39368E-02	2.84385E-01	-6.23852E-01	7.27966E-01	PRIM
2.08571E-02	1000010010	6.29089E+00	-1.73154E-03	6.01745E-04	-2.17646E-04	-7.68462E-01	-6.01745E-01	2.17646E-01	1000010010	6.29089E+00	1.42963E-02	1.31524E-02	-4.75709E-03	-7.68462E-01	-6.01745E-01	2.17646E-01	PRIM
2.10182E-02	1000010010	4.88108E+01	-1.67296E-03	5.02543E-04	2.51903E-04	-8.27040E-01	-5.02543E-01	-2.51903E-01	1000010010	4.88108E+01	1.57099E-02	1.10651E-02	5.54644E-03	-8.27040E-01	-5.02543E-01	-2.51903E-01	PRIM
2.12661E-02	1000010010	5.80617E+00	-1.58367E-03	3.91185E-04	8.43430E-05	-9.16421E-01	-3.91224E-01	-8.43514E-02	1000010010	5.80617E+00	1.79051E-02	8.71101E-03	1.87817E-03	-9.16421E-01	-3.91224E-01	-8.43514E-02	PRIM
2.06218E-02	1000010010	5.19349E+01	-1.81780E-03	-4.82809E-04	5.49083E-04	-6.82205E-01	4.82809E-01	-5.49083E-01	1000010010	5.19349E+01	1.22505E-02	-1.04392E-02	1.18722E-02	-6.82205E-01	4.82809E-01	-5.49083E-01	PRIM
1.83695E-02	1000010010	8.56248E+00	-2.69175E-03	-7.33298E-04	-6.52308E-04	1.91750E-01	7.33298E-01	6.52308E-01	1000010010	8.56248E+00	-6.21411E-03	-1.42037E-02	-1.26349E-02	1.91750E-01	7.33298E-01	6.52308E-01	PRIM
1.94428E-02	1000010010	1.18622E+01	-2.26364E-03	-2.00190E-04	9.50819E-04	-2.36361E-01	2.00190E-01	-9.50819E-01	1000010010	1.18622E+01	2.33189E-03	-4.09246E-03	1.94374E-02	-2.36361E-01	2.00190E-01	-9.50819E-01	PRIM
1.87585E-02	1000010010	1.53809E+01	-2.53396E-03	2.86980E-04	-9.57230E-04	3.39647E-02	-2.87009E-01	9.57326E-01	1000010010	1.53809E+01	-3.17109E-03	5.67084E-03	-1.89152E-02	3.39647E-02	-2.87009E-01	9.57326E-01	PRIM
1.88318E-02	1000010010	6.68362E+00	-2.50455E-03	-9.31758E-04	-3.63052E-04	4.54712E-03	9.31758E-01	3.63052E-01	1000010010	6.68362E+00	-2.59018E-03	-1.84784E-02	-7.19997E-03	4.54712E-03	9.31758E-01	3.63052E-01	PRIM
1.96163E-02	1000010010	9.48268E+00	-2.19654E-03	-9.44949E-04	1.22405E-04	-3.03460E-01	9.44949E-01	-1.22405E-01	1000010010	9.48268E+00	3.75622E-03	-1.94813E-02	2.52354E-03	-3.03460E-01	9.44949E-01	-1.22405E-01	PRIM
2.06239E-02	1000010010	8.63393E+00	-1.81714E-03	-3.55561E-04	-6.38028E-04	-6.82927E-01	3.55597E-01	6.38092E-01	1000010010	8.63393E+00	1.22675E-02	-7.68935E-03	-1.37980E-02	-6.82927E-01	3.55597E-01	6.38092E-01	PRIM
1.84767E-02	1000010010	5.73687E+00	-2.64795E-03	5.14236E-04	8.44792E-04	1.47946E-01	-5.14236E-01	-8.44792E-01	1000010010	5.73687E+00	-5.38150E-03	1.00156E-02	1.64538E-02	1.47946E-01	-5.14236E-01	-8.44792E-01	PRIM
1.91645E-02	1000010010	2.26811E+01	-2.37246E-03	-1.66912E-05	9.91693E-04	-1.27536E-01	1.66912E-02	-9.91693E-01	1000010010	2.26811E+01	7.17128E-05	-3.36570E-04	1.99970E-02	-1.27536E-01	1.66912E-02	-9.91693E-01	PRIM
1.78421E-02	1000010010	6.35039E+00	-2.91104E-03	7.99772E-05	-9.08102E-04	4.11041E-01	-7.99772E-02	9.08102E-01	1000010010	6.35039E+00	-1.02449E-02	1.50694E-03	-1.71106E-02	4.11041E-01	-7.99772E-02	9.08102E-01	PRIM
1.92047E-02	1000010010	6.93943E+00	-2.35665E-03	-6.22852E-04	-7.69095E-04	-1.43347E-01	6.22852E-01	7.69095E-01	1000010010	6.93943E+00	3.96282E-04	-1.25846E-02	-1.55394E-02	-1.43347E-01	6.22852E-01	7.69095E-01	PRIM
1.96163E-02	1000010010	3.21555E+01	-2.19654E-03	-9.44949E-04	1.22405E-04	-3.03460E-01	9.44949E-01	-1.22405E-01	1000010010	3.21555E+01	3.75622E-03	-1.94813E-02	2.52354E-03	-3.03460E-01	9.44949E-01	-1.22405E-01	PRIM
1.95727E-02	1000010010	6.94949E+00	-2.21334E-03	3.16255E-04	9.04327E-04	-2.86661E-01	-3.16255E-01	-9.04327E-01	1000010010	6.94949E+00	3.39740E-03	6.50623E-03	1.86045E-02	-2.86661E-01	-3.16255E-01	-9.04327E-01	PRIM
2.11983E-02	1000010010	1.62321E+01	-1.60804E-03	-1.11988E-04	-4.37802E-04	-8.92046E-01	1.11999E-01	4.37846E-01	1000010010	1.62321E+01	1.73018E-02	-2.48618E-03	-9.71939E-03	-8.92046E-01	1.11999E-01	4.37846E-01	PRIM
1.85786E-02	1000010010	1.43576E+01	-2.60653E-03	8.12963E-05	9.90981E-04	1.06527E-01	-8.12963E-02	-9.90981E-01	1000010010	1.43576E+01	-4.58565E-03	1.59167E-03	1.94020E-02	1.06527E-01	-8.12963E-02	-9.90981E-01	PRIM
1.84784E-02	1000010010	6.42437E+00	-2.64728E-03	-2.50585E-04	-9.56826E-04	1.47277E-01	2.50585E-01	9.56826E-01	1000010010	6.42437E+00	-5.36871E-03	-4.88099E-03	-1.86374E-02	1.47277E-01	2.50585E-01	9.56826E-01	PRIM
1.80244E-02	1000010010	6.10007E+00	-2.83456E-03	-7.82310E-04	5.25418E-04	3.34555E-01	7.82310E-01	-5.25418E-01	1000010010	6.10007E+00	-8.86470E-03	-1.48829E-02	9.99575E-03	3.34555E-01	7.82310E-01	-5.25418E-01	PRIM
1.88698E-02	1000010010	7.97796E+00	-2.48936E-03	-2.16845E-05	9.99708E-04	-1.06398E-02	2.16845E-02	-9.99708E-01	1000010010	7.97796E+00	-2.28859E-03	-4.30865E-04	1.98640E-02	-1.06398E-02	2.16845E-02	-9.99708E-01	PRIM
2.01619E-02	1000010010	6.44909E+00	-1.98893E-03	-6.53786E-04	-5.58010E-04	-5.11067E-01	6.53786E-01	5.58010E-01	1000010010	6.44909E+00	8.31514E-03	-1.38353E-02	-1.18085E-02	-5.11067E-01	6.53786E-01	5.58010E-01	PRIM
1.74927E-02	1000010010	2.57875E+01	-3.05991E-03	8.11089E-04	-1.69232E-04	5.59907E-01	-8.11089E-01	1.69232E-01	1000010010	2.57875E+01	-1.28542E-02	1.49992E-02	-3.12955E-03	5.59907E-01	-8.11089E-01	1.69232E-01	PRIM
2.14093E-02	1000010010	6.71548E+00	-1.53231E-03	1.21846E-04	-2.20760E-04	-9.67687E-01	-1.21846E-01	2.20760E-01	1000010010	6.71548E+00	1.91852E-02	2.73048E-03	-4.94708E-03	-9.67687E-01	-1.21846E-01	2.20760E-01	PRIM
1.89932E-02	1000010010	3.27063E+01	-2.44020E-03	-2.98767E-04	-9.52450E-04	-5.98017E-02	2.98767E-01	9.52450E-01	1000010010	3.27063E+01	-1.30437E-03	-5.97331E-03	-1.90425E-02	-5.98017E-02	2.98767E-01	9.52450E-01	PRIM
1.84767E-02	1000010010	8.92223E+00	-2.64795E-03	5.14236E-04	8.44792E-04	1.47946E-01	-5.14236E-01	-8.44792E-01	1000010010	8.92223E+00	-5.38150E-03	1.00156E-02	1.64538E-02	1.47946E-01	-5.14236E-01	-8.44792E-01	PRIM
1.78655E-02	1000010010	7.24951E+00	-2.90120E-03	8.03876E-04	4.39116E-04	4.01199E-01	-8.03876E-01	-4.39116E-01	1000010010	7.24951E+00	-1.00688E-02	1.51655E-02	8.28413E-03	4.01199E-01	-8.03876E-01	-4.39116E-01	PRIM
2.05015E-02	1000010010	5.34812E+00	-1.86222E-03	-4.30000E-04	-6.39011E-04	-6.37781E-01	4.30000E-01	6.39011E-01	1000010010	5.34812E+00	1.12133E-02	-9.24567E-03	-1.37397E-02	-6.37781E-01	4.30000E-01	6.39011E-01	PRIM
1.93899E-02	1000010010	9.64046E+00	-2.28422E-03	2.54918E-05	-9.76109E-04	-2.15779E-01	-2.54918E-02	9.76109E-01	1000010010	9.64046E+00	1.89971E-03	5.19776E-04	-1.99028E-02	-2.15779E-01	-2.54918E-02	9.76109E-01	PRIM
1.91645E-02	1000010010	1.42791E+01	-2.37246E-03	-1.66912E-05	9.91693E-04	-1.27536E-01	1.66912E-02	-9.91693E-01	1000010010	1.42791E+01	7.17128E-05	-3.36570E-04	1.99970E-02	-1.27536E-01	1.66912E-02	-9.91693E-01	PRIM
1.88568E-02	1000010010	5.38894E+00	-2.49455E-03	8.67271E-04	4.97806E-04	-5.44696E-03	-8.67271E-01	-4.97806E-01	1000010010	5.38894E+00	-2.39184E-03	1.72212E-02	9.88481E-03	-5.44696E-03	-8.67271E-01	-4.97806E-01	PRIM
2.00343E-02	1000010010	6.58194E+00	-2.03704E-03	-7.90883E-04	4.00217E-04	-4.62958E-01	7.90883E-01	-4.00217E-01	1000010010	6.58194E+00	7.23798E-03	-1.66356E-02	8.41826E-03	-4.62958E-01	7.90883E-01	-4.00217E-01	PRIM
1.81446E-02	1000010010	6.08097E+00	-2.78450E-03	-4.40212E-05	9.57666E-04	2.84497E-01	4.40212E-02	-9.57666E-01	1000010010	6.08097E+00	-7.94659E-03	-8.42770E-04	1.83342E-02	2.84497E-01	4.40212E-02	-9.57666E-01	PRIM
1.69518E-02	1000010010	7.36262E+00	-3.29638E-03	-3.62990E-06	6.04781E-04	7.96384E-01	3.62990E-03	-6.04781E-01	1000010010	7.36262E+00	-1.67965E-02	-6.51633E-05	1.08569E-02	7.96384E-01	3.62990E-03	-6.04781E-01	PRIM
2.01839E-02	1000010010	7.63728E+00	-1.98068E-03	2.74662E-04	-8.09238E-04	-5.19321E-01	-2.74662E-01	8.09238E-01	1000010010	7.63728E+00	8.50123E-03	5.81840E-03	-1.71428E-02	-5.19321E-01	-2.74662E-01	8.09238E-01	PRIM
1.93447E-02	1000010010	6.95351E+00	-2.30190E-03	-9.26507E-04	-3.19594E-04	-1.98121E-01	9.26600E-01	3.19626E-01	1000010010	6.95351E+00	1.53069E-03	-1.88513E-02	-6.50266E-03	-1.98121E-01	9.26600E-01	3.19626E-01	PRIM
2.04176E-02	1000010010	7.74037E+00	-1.89335E-03	-6.09977E-05	-7.92622E-04	-6.06654E-01	6.09977E-02	7.92622E-01	1000010010	7.74037E+00	1.04931E-02	-1.30643E-03	-1.69761E-02	-6.06654E-01	6.09977E-02	7.92622E-01	PRIM
2.01839E-02	1000010010	6.07178E+00	-1.98068E-03	2.74662E-04	-8.09238E-04	-5.19321E-01	-2.74662E-01	8.09238E-01	1000010010	6.07178E+00	8.50123E-03	5.81840E-03	-1.71428E-02	-5.19321E-01	-2.74662E-01	8.09238E-01	PRIM
1.88698E-02	1000010010	6.20428E+00	-2.48936E-03	-2.16845E-05	9.99708E-04	-1.06398E-02	2.16845E-02	-9.99708E-01	1000010010	6.20428E+00	-2.28859E-03	-4.30865E-04	1.98640E-02	-1.06398E-02	2.16845E-02	-9.99708E-01	PRIM
1.78655E-02	1000010010	1.28971E+01	-2.90120E-03	8.03876E-04	4.39116E-04	4.01199E-01	-8.03876E-01	-4.39116E-01	1000010010	1.28971E+01	-1.00688E-02	1.51655E-02	8.28413E-03	4.01199E-01	-8.03876E-01	-4.39116E-01	PRIM
1.67049E-02	1000010010	9.16605E+00	-3.40691E-03	1.40056E-04	-3.97119E-04	9.06998E-01	-1.40070E-01	3.97158E-01	1000010010	9.16605E+00	-1.85582E-02	2.47991E-03	-7.03160E-03	9.06998E-01	-1.40070E-01	3.97158E-01	PRIM
1.95465E-02	1000010010	8.07983E+00	-2.22355E-03	2.98593E-04	9.13355E-04	-2.76479E-01	-2.98622E-01	-9.13446E-01	1000010010	8.07983E+00	3.18063E-03	6.13561E-03	1.87680E-02	-2.76479E-01	-2.98622E-01	-9.13446E-01	PRIM
1.76359E-02	1000010010	8.44173E+00	-2.99854E-03	-5.39976E-04	6.77999E-04	4.98591E-01	5.40030E-01	-6.78067E-01	1000010010	8.44173E+00	-1.17916E-02	-1.00639E-02	1.26363E-02	4.98591E-01	5.40030E-01	-6.78067E-01	PRIM
1.92075E-02	1000010010	5.07096E+00	-2.35561E-03	1.91972E-04	-9.70618E-04	-1.44402E-01	-1.91991E-01	9.70715E-01	1000010010	5.07096E+00	4.18002E-04	3.87964E-03	-1.96156E-02	-1.44402E-01	-1.91991E-01	9.70715E-01	PRIM
2.01839E-02	1000010010	8.96088E+00	-1.98068E-03	2.74662E-04	-8.09238E-04	-5.19321E-01	-2.74662E-01	8.09238E-01	1000010010	8.96088E+00	8.50123E-03	5.81840E-03	-1.71428E-02	-5.19321E-01	-2.74662E-01	8.09238E-01	PRIM
1.93301E-02	1000010010	1.17231E+01	-2.30754E-03	-6.38541E-04	-7.45135E-04	-1.92457E-01	6.38541E-01	7.45135E-01	1000010010	1.17231E+01	1.41267E-03	-1.29816E-02	-1.51487E-02	-1.92457E-01	6.38541E-01	7.45135E-01	PRIM
1.81110E-02	1000010010	9.82480E+00	-2.79845E-03	-9.43681E-04	-1.42801E-04	2.98452E-01	9.43681E-01	1.42801E-01	1000010010	9.82480E+00	-8.20372E-03	-1.80347E-02	-2.72908E-03	2.98452E-01	9.43681E-01	1.42801E-01	PRIM
1.93301E-02	1000010010	5.25932E+00	-2.30754E-03	-6.38541E-04	-7.45135E-04	-1.92457E-01	6.38541E-01	7.45135E-01	1000010010	5.25932E+00	1.41267E-03	-1.29816E-02	-1.51487E-02	-1.92457E-01	6.38541E-01	7.45135E-01	PRIM
2.11422E-02	1000010010	1.35227E+01	-1.62813E-03	4.76354E-04	1.13702E-04	-8.71871E-01	-4.76354E-01	-1.13702E-01	1000010010	1.35227E+01	1.68051E-02	1.05475E-02	2.51761E-03	-8.71871E-01	-4.76354E-01	-1.13702E-01	PRIM
1.91137E-02	1000010010	2.82911E+01	-2.39250E-03	4.71031E-04	8.75542E-04	-1.07499E-01	-4.71031E-01	-8.75542E-01	1000010010	2.82911E+01	-3.37793E-04	9.47418E-03	1.76104E-02	-1.07499E-01	-4.71031E-01	-8.75542E-01	PRIM
1.68717E-02	1000010010	9.53825E+01	-3.33207E-03	-1.85783E-04	5.22632E-04	8.32070E-01	1.85783E-01	-5.22632E-01	1000010010	9.53825E+01	-1.73705E-02	-3.32025E-03	9.34032E-03	8.32070E-01	1.85783E-01	-5.22632E-01	PRIM
1.83233E-02	1000010010	2.02215E+01	-2.71074E-03	4.96617E-04	-8.41878E-04	2.10765E-01	-4.96667E-01	8.41962E-01	1000010010	2.02215E+01	-6.57267E-03	9.59720E-03	-1.62694E-02	2.10765E-01	-4.96667E-01	8.41962E-01	PRIM
1.80244E-02	1000010010	5.76464E+00	-2.83456E-03	-7.82310E-04	5.25418E-04	3.34555E-01	7.82310E-01	-5.25418E-01	1000010010	5.76464E+00	-8.86470E-03	-1.48829E-02	9.99575E-03	3.34555E-01	7.82310E-01	-5.25418E-01	PRIM
2.05000E-02	1000010010	6.09302E+00	-1.86278E-03	7.70633E-04	8.81019E-06	-6.37218E-01	-7.70633E-01	-8.81019E-03	1000010010	6.09302E+00	1.12002E-02	1.65686E-02	1.89419E-04	-6.37218E-01	-7.70633E-01	-8.81019E-03	PRIM
1.85222E-02	1000010010	1.58068E+01	-2.62945E-03	6.86272E-05	9.89209E-04	1.29447E-01	-6.86272E-02	-9.89209E-01	1000010010	1.58068E+01	-5.02709E-03	1.33975E-03	1.93115E-02	1.29447E-01	-6.86272E-02	-9.89209E-01	PRIM
1.96559E-02	1000010010	1.02293E+01	-2.18128E-03	3.33072E-04	8.87401E-04	-3.18719E-01	-3.33072E-01	-8.87401E-01	1000010010	1.02293E+01	4.08343E-03	6.87992E-03	1.83301E-02	-3.18719E-01	-3.33072E-01	-8.87401E-01	PRIM
1.92854E-02	1000010010	1.50208E+01	-2.32503E-03	6.20875E-05	9.82614E-04	-1.74971E-01	-6.20875E-02	-9.82614E-01	1000010010	1.50208E+01	1.04935E-03	1.25947E-03	1.99327E-02	-1.74971E-01	-6.20875E-02	-9.82614E-01	PRIM
1.82908E-02	1000010010	1.05297E+01	-2.72410E-03	-5.15385E-04	8.27018E-04	2.24121E-01	5.15436E-01	-8.27101E-01	1000010010	1.05297E+01	-6.82346E-03	-9.94315E-03	1.59554E-02	2.24121E-01	5.15436E-01	-8.27101E-01	PRIM
1.66586E-02	1000010010	8.48993E+00	-3.42788E-03	-3.12407E-04	2.03580E-04	9.27878E-01	3.12407E-01	-2.03580E-01	1000010010	8.48993E+00	-1.88850E-02	-5.51666E-03	3.59493E-03	9.27878E-01	3.12407E-01	-2.03580E-01	PRIM
2.04787E-02	1000010010	6.28589E+00	-1.87067E-03	1.37952E-04	7.64793E-04	-6.29334E-01	-1.37952E-01	-7.64793E-01	1000010010	6.28589E+00	1.10173E-02	2.96304E-03	1.64268E-02	-6.29334E-01	-1.37952E-01	-7.64793E-01	PRIM
1.84016E-02	1000010010	8.64063E+00	-2.67866E-03	6.74033E-04	-7.16632E-04	1.78673E-01	-6.74101E-01	7.16704E-01	1000010010	8.64063E+00	-5.96653E-03	1.30785E-02	-1.39051E-02	1.78673E-01	-6.74101E-01	7.16704E-01	PRIM
1.83233E-02	1000010010	1.17501E+01	-2.71074E-03	4.96617E-04	-8.41878E-04	2.10765E-01	-4.96667E-01	8.41962E-01	1000010010	1.17501E+01	-6.57267E-03	9.59720E-03	-1.62694E-02	2.10765E-01	-4.96667E-01	8.41962E-01	PRIM
1.78655E-02	1000010010	8.66815E+00	-2.90120E-03	8.03876E-04	4.39116E-04	4.01199E-01	-8.03876E-01	-4.39116E-01	1000010010	8.66815E+00	-1.00688E-02	1.51655E-02	8.28413E-03	4.01199E-01	-8.03876E-01	-4.39116E-01	PRIM
1.97514E-02	1000010010	6.36911E+00	-2.14465E-03	5.18693E-04	-7.77612E-04	-3.55354E-01	-5.18693E-01	7.77612E-01	1000010010	6.36911E+00	4.87409E-03	1.07636E-02	-1.61365E-02	-3.55354E-01	-5.18693E-01	7.77612E-01	PRIM
1.97115E-02	1000010010	9.52584E+00	-2.15992E-03	-5.49321E-05	-9.38791E-04	-3.40079E-01	5.49321E-02	9.38791E-01	1000010010	9.52584E+00	4.54356E-03	-1.13773E-03	-1.94438E-02	-3.40079E-01	5.49321E-02	9.38791E-01	PRIM
1.93156E-02	1000010010	6.23767E+00	-2.31322E-03	-8.55320E-05	9.78672E-04	-1.86777E-01	8.55320E-02	-9.78672E-01	1000010010	6.23767E+00	1.29449E-03	-1.73763E-03	1.98823E-02	-1.86777E-01	8.55320E-02	-9.78672E-01	PRIM
1.65911E-02	1000010010	5.78275E+00	-3.45848E-03	7.44588E-06	2.85076E-04	9.58476E-01	-7.44588E-03	-2.85076E-01	1000010010	5.78275E+00	-1.93606E-02	1.30981E-04	5.01480E-03	9.58476E-01	-7.44588E-03	-2.85076E-01	PRIM
1.93823E-02	1000010010	9.89358E+00	-2.28720E-03	8.93800E-05	-9.72999E-04	-2.12801E-01	-8.93800E-02	9.72999E-01	1000010010	9.89358E+00	1.83736E-03	1.82177E-03	-1.98319E-02	-2.12801E-01	-8.93800E-02	9.72999E-01	PRIM
2.09037E-02	1000010010	2.28909E+01	-1.71455E-03	6.09785E-04	1.05943E-04	-7.85454E-01	-6.09785E-01	-1.05943E-01	1000010010	2.28909E+01	1.47043E-02	1.33566E-02	2.32053E-03	-7.85454E-01	-6.09785E-01	-1.05943E-01	PRIM
2.09846E-02	1000010010	8.96661E+00	-1.68512E-03	3.50095E-04	4.61960E-04	-8.14878E-01	-3.50095E-01	-4.61960E-01	1000010010	8.96661E+00	1.54148E-02	7.69670E-03	1.01560E-02	-8.14878E-01	-3.50095E-01	-4.61960E-01	PRIM
1.87585E-02	1000010010	8.95393E+00	-2.53396E-03	2.86980E-04	-9.57230E-04	3.39647E-02	-2.87009E-01	9.57326E-01	1000010010	8.95393E+00	-3.17109E-03	5.67084E-03	-1.89152E-02	3.39647E-02	-2.87009E-01	9.57326E-01	PRIM
2.11983E-02	1000010010	9.27836E+00	-1.60804E-03	-1.11988E-04	-4.37802E-04	-8.92046E-01	1.11999E-01	4.37846E-01	1000010010	9.27836E+00	1.73018E-02	-2.48618E-03	-9.71939E-03	-8.92046E-01	1.11999E-01	4.37846E-01	PRIM
1.97356E-02	1000010010	5.05112E+00	-2.15069E-03	-9.09516E-04	2.25302E-04	-3.49314E-01	9.09516E-01	-2.25302E-01	1000010010	5.05112E+00	4.74325E-03	-1.88594E-02	4.67177E-03	-3.49314E-01	9.09516E-01	-2.25302E-01	PRIM
2.03716E-02	1000010010	7.30663E+01	-1.91047E-03	1.29321E-04	7.97327E-04	-5.89530E-01	-1.29321E-01	-7.97327E-01	1000010010	7.30663E+01	1.00992E-02	2.76380E-03	1.70402E-02	-5.89530E-01	-1.29321E-01	-7.97327E-01	PRIM
2.12817E-02	1000010010	8.13207E+00	-1.57807E-03	3.86568E-04	2.02349E-05	-9.22023E-01	-3.86607E-01	-2.02369E-02	1000010010	8.13207E+00	1.80442E-02	8.61423E-03	4.50912E-04	-9.22023E-01	-3.86607E-01	-2.02369E-02	PRIM
1.86648E-02	1000010010	1.23529E+01	-2.57167E-03	-7.54481E-04	-6.52243E-04	7.16819E-02	7.54557E-01	6.52308E-01	1000010010	1.23529E+01	-3.90961E-03	-1.48382E-02	-1.28275E-02	7.16819E-02	7.54557E-01	6.52308E-01	PRIM
2.01619E-02	1000010010	1.06365E+01	-1.98893E-03	-6.53786E-04	-5.58010E-04	-5.11067E-01	6.53786E-01	5.58010E-01	1000010010	1.06365E+01	8.31514E-03	-1.38353E-02	-1.18085E-02	-5.11067E-01	6.53786E-01	5.58010E-01	PRIM
1.98493E-02	1000010010	5.76431E+00	-2.10726E-03	-1.96776E-04	-8.98353E-04	-3.92736E-01	1.96776E-01	8.98353E-01	1000010010	5.76431E+00	5.68826E-03	-4.10263E-03	-1.87300E-02	-3.92736E-01	1.96776E-01	8.98353E-01	PRIM
2.10796E-02	1000010010	1.91808E+01	-1.65073E-03	-5.12780E-04	1.25709E-04	-8.49267E-01	5.12780E-01	-1.25709E-01	1000010010	1.91808E+01	1.62514E-02	-1.13220E-02	2.77559E-03	-8.49267E-01	5.12780E-01	-1.25709E-01	PRIM
1.83233E-02	1000010010	9.10762E+00	-2.71074E-03	4.96617E-04	-8.41878E-04	2.10765E-01	-4.96667E-01	8.41962E-01	1000010010	9.10762E+00	-6.57267E-03	9.59720E-03	-1.62694E-02	2.10765E-01	-4.96667E-01	8.41962E-01	PRIM
2.14093E-02	1000010010	1.37404E+02	-1.53231E-03	1.21846E-04	-2.20760E-04	-9.67687E-01	-1.21846E-01	2.20760E-01	1000010010	1.37404E+02	1.91852E-02	2.73048E-03	-4.94708E-03	-9.67687E-01	-1.21846E-01	2.20760E-01	PRIM
1.91171E-02	1000010010	8.12673E+00	-2.39115E-03	-7.72013E-05	9.91055E-04	-1.08854E-01	7.72013E-02	-9.91055E-01	1000010010	8.12673E+00	-3.10163E-04	-1.55307E-03	1.99372E-02	-1.08854E-01	7.72013E-02	-9.91055E-01	PRIM
1.83510E-02	1000010010	1.50411E+01	-2.69935E-03	-1.50813E-04	-9.68253E-04	1.99354E-01	1.50813E-01	9.68253E-01	1000010010	1.50411E+01	-6.35770E-03	-2.91838E-03	-1.87367E-02	1.99354E-01	1.50813E-01	9.68253E-01	PRIM
1.78069E-02	1000010010	6.67536E+00	-2.92593E-03	-7.89006E-04	-4.42779E-04	4.25931E-01	7.89006E-01	4.42779E-01	1000010010	6.67536E+00	-1.05104E-02	-1.48387E-02	-8.32727E-03	4.25931E-01	7.89006E-01	4.42779E-01	PRIM
1.87263E-02	1000010010	1.06090E+01	-2.54692E-03	2.79704E-04	9.58835E-04	4.69269E-02	-2.79732E-01	-9.58931E-01	1000010010	1.06090E+01	-3.42569E-03	5.51804E-03	1.89160E-02	4.69269E-02	-2.79732E-01	-9.58931E-01	PRIM
1.89111E-02	1000010010	3.16606E+01	-2.47285E-03	2.78471E-04	9.60061E-04	-2.71549E-02	-2.78471E-01	-9.60061E-01	1000010010	3.16606E+01	-1.95932E-03	5.54467E-03	1.91159E-02	-2.71549E-02	-2.78471E-01	-9.60061E-01	PRIM
1.88568E-02	1000010010	3.10016E+01	-2.49455E-03	8.67271E-04	4.97806E-04	-5.44696E-03	-8.67271E-01	-4.97806E-01	1000010010	3.10016E+01	-2.39184E-03	1.72212E-02	9.88481E-03	-5.44696E-03	-8.67271E-01	-4.97806E-01	PRIM
1.89521E-02	1000010010	5.59663E+00	-2.45659E-03	-1.46629E-04	9.88137E-04	-4.34183E-02	1.46644E-01	-9.88236E-01	1000010010	5.59663E+00	-1.63372E-03	-2.92584E-03	1.97173E-02	-4.34183E-02	1.46644E-01	-9.88236E-01	PRIM
2.02051E-02	1000010010	5.74834E+00	-1.97272E-03	-6.55993E-04	-5.40046E-04	-5.27279E-01	6.55993E-01	5.40046E-01	1000010010	5.74834E+00	8.68099E-03	-1.39104E-02	-1.14517E-02	-5.27279E-01	6.55993E-01	5.40046E-01	PRIM
1.83695E-02	1000010010	5.38459E+00	-2.69175E-03	-7.33298E-04	-6.52308E-04	1.91750E-01	7.33298E-01	6.52308E-01	1000010010	5.38459E+00	-6.21411E-03	-1.42037E-02	-1.26349E-02	1.91750E-01	7.33298E-01	6.52308E-01	PRIM
1.78215E-02	1000010010	5.06673E+00	-2.91973E-03	-7.92745E-04	4.42023E-04	4.19728E-01	7.92745E-01	-4.42023E-01	1000010010	5.06673E+00	-1.03999E-02	-1.49207E-02	8.31955E-03	4.19728E-01	7.92745E-01	-4.42023E-01	PRIM
1.72972E-02	1000010010	5.33796E+00	-3.14448E-03	5.35769E-04	-5.45526E-04	6.44480E-01	-5.35769E-01	5.45526E-01	1000010010	5.33796E+00	-1.42922E-02	9.80309E-03	-9.98161E-03	6.44480E-01	-5.35769E-01	5.45526E-01	PRIM
1.96163E-02	1000010010	1.52279E+01	-2.19654E-03	-9.44949E-04	1.22405E-04	-3.03460E-01	9.44949E-01	-1.22405E-01	1000010010	1.52279E+01	3.75622E-03	-1.94813E-02	2.52354E-03	-3.03460E-01	9.44949E-01	-1.22405E-01	PRIM
2.01815E-02	1000010010	6.45542E+00	-1.98158E-03	-3.83399E-04	-7.64359E-04	-5.18420E-01	3.83399E-01	7.64359E-01	1000010010	6.45542E+00	8.48091E-03	-8.12096E-03	-1.61903E-02	-5.18420E-01	3.83399E-01	7.64359E-01	PRIM
1.97185E-02	1000010010	7.09079E+00	-2.15725E-03	4.43699E-04	8.28040E-04	-3.42754E-01	-4.43699E-01	-8.28040E-01	1000010010	7.09079E+00	4.60136E-03	9.19278E-03	1.71558E-02	-3.42754E-01	-4.43699E-01	-8.28040E-01	PRIM
2.06370E-02	1000010010	6.94095E+00	-1.81230E-03	-3.84879E-04	-6.15413E-04	-6.87772E-01	3.84918E-01	6.15474E-01	1000010010	6.94095E+00	1.23813E-02	-8.32843E-03	-1.33170E-02	-6.87772E-01	3.84918E-01	6.15474E-01	PRIM
1.81433E-02	1000010010	1.12475E+01	-2.78505E-03	9.33211E-04	-2.18780E-04	2.85050E-01	-9.33211E-01	2.18780E-01	1000010010	1.12475E+01	-7.95680E-03	1.78647E-02	-4.18816E-03	2.85050E-01	-9.33211E-01	2.18780E-01	PRIM
1.91007E-02	1000010010	5.22248E+00	-2.39763E-03	-8.34422E-05	9.91241E-04	-1.02370E-01	8.34422E-02	-9.91241E-01	1000010010	5.22248E+00	-4.42289E-04	-1.67725E-03	1.99246E-02	-1.02370E-01	8.34422E-02	-9.91241E-01	PRIM
2.02690E-02	1000010010	6.02818E+00	-1.94876E-03	4.77233E-04	6.84384E-04	-5.51242E-01	-4.77233E-01	-6.84384E-01	1000010010	6.02818E+00	9.22438E-03	1.01503E-02	1.45562E-02	-5.51242E-01	-4.77233E-01	-6.84384E-01	PRIM
1.81110E-02	1000010010	5.79630E+00	-2.79845E-03	-9.43681E-04	-1.42801E-04	2.98452E-01	9.43681E-01	1.42801E-01	1000010010	5.79630E+00	-8.20372E-03	-1.80347E-02	-2.72908E-03	2.98452E-01	9.43681E-01	1.42801E-01	PRIM
1.66897E-02	1000010010	7.98205E+00	-3.41381E-03	-3.00254E-04	2.73478E-04	9.13815E-01	3.00254E-01	-2.73478E-01	1000010010	7.98205E+00	-1.86651E-02	-5.31140E-03	4.83774E-03	9.13815E-01	3.00254E-01	-2.73478E-01	PRIM
1.82491E-02	1000010010	2.19281E+01	-2.74130E-03	-3.50734E-04	-9.04854E-04	2.41298E-01	3.50734E-01	9.04854E-01	1000010010	2.19281E+01	-7.14476E-03	-6.75130E-03	-1.74176E-02	2.41298E-01	3.50734E-01	9.04854E-01	PRIM
1.84784E-02	1000010010	2.34406E+01	-2.64728E-03	-2.50585E-04	-9.56826E-04	1.47277E-01	2.50585E-01	9.56826E-01	1000010010	2.34406E+01	-5.36871E-03	-4.88099E-03	-1.86374E-02	1.47277E-01	2.50585E-01	9.56826E-01	PRIM
1.99715E-02	1000010010	7.74719E+00	-2.06079E-03	6.05504E-04	6.63672E-04	-4.39209E-01	-6.05504E-01	-6.63672E-01	1000010010	7.74719E+00	6.71088E-03	1.26983E-02	1.39182E-02	-4.39209E-01	-6.05504E-01	-6.63672E-01	PRIM
1.68717E-02	1000010010	1.47240E+01	-3.33207E-03	-1.85783E-04	5.22632E-04	8.32070E-01	1.85783E-01	-5.22632E-01	1000010010	1.47240E+01	-1.73705E-02	-3.32025E-03	9.34032E-03	8.32070E-01	1.85783E-01	-5.22632E-01	PRIM
1.89824E-02	1000010010	6.57054E+00	-2.44449E-03	2.36800E-04	9.69971E-04	-5.55133E-02	-2.36800E-01	-9.69971E-01	1000010010	6.57054E+00	-1.39071E-03	4.73183E-03	1.93824E-02	-5.55133E-02	-2.36800E-01	-9.69971E-01	PRIM
1.89932E-02	1000010010	7.53967E+00	-2.44020E-03	-2.98767E-04	-9.52450E-04	-5.98017E-02	2.98767E-01	9.52450E-01	1000010010	7.53967E+00	-1.30437E-03	-5.97331E-03	-1.90425E-02	-5.98017E-02	2.98767E-01	9.52450E-01	PRIM
2.00507E-02	1000010010	1.13076E+01	-2.03081E-03	-7.93851E-04	-3.86867E-04	-4.69185E-01	7.93851E-01	3.86867E-01	1000010010	1.13076E+01	7.37670E-03	-1.67111E-02	-8.14384E-03	-4.69185E-01	7.93851E-01	3.86867E-01	PRIM
1.81688E-02	1000010010	6.46018E+00	-2.77449E-03	7.02071E-05	9.59024E-04	2.74487E-01	-7.02071E-02	-9.59024E-01	1000010010	6.46018E+00	-7.76158E-03	1.34578E-03	1.83833E-02	2.74487E-01	-7.02071E-02	-9.59024E-01	PRIM
2.00507E-02	1000010010	5.71007E+00	-2.03081E-03	-7.93851E-04	-3.86867E-04	-4.69185E-01	7.93851E-01	3.86867E-01	1000010010	5.71007E+00	7.37670E-03	-1.67111E-02	-8.14384E-03	-4.69185E-01	7.93851E-01	3.86867E-01	PRIM
1.77243E-02	1000010010	6.28721E+00	-2.96089E-03	-8.59077E-04	-2.22634E-04	4.60891E-01	8.59077E-01	2.22634E-01	1000010010	6.28721E+00	-1.11299E-02	-1.60856E-02	-4.16868E-03	4.60891E-01	8.59077E-01	2.22634E-01	PRIM
1.92061E-02	1000010010	5.67060E+00	-2.35611E-03	5.55461E-04	-8.18998E-04	-1.43895E-01	-5.55461E-01	8.18998E-01	1000010010	5.67060E+00	4.07560E-04	1.12237E-02	-1.65488E-02	-1.43895E-01	-5.55461E-01	8.18998E-01	PRIM
1.97002E-02	1000010010	9.19579E+00	-2.16426E-03	-5.10206E-04	7.91814E-04	-3.35738E-01	5.10206E-01	-7.91814E-01	1000010010	9.19579E+00	4.44985E-03	-1.05614E-02	1.63907E-02	-3.35738E-01	5.10206E-01	-7.91814E-01	PRIM
1.94250E-02	1000010010	9.74869E+00	-2.27057E-03	-3.04000E-05	9.72851E-04	-2.29428E-01	3.04000E-02	-9.72851E-01	1000010010	9.74869E+00	2.18606E-03	-6.20920E-04	1.98705E-02	-2.29428E-01	3.04000E-02	-9.72851E-01	PRIM
1.96625E-02	1000010010	6.92868E+00	-2.17875E-03	-8.33462E-04	-4.49602E-04	-3.21245E-01	8.33462E-01	4.49602E-01	1000010010	6.92868E+00	4.13773E-03	-1.72214E-02	-9.28990E-03	-3.21245E-01	8.33462E-01	4.49602E-01	PRIM
2.11313E-02	1000010010	5.91269E+00	-1.63217E-03	-3.23780E-04	-3.76602E-04	-8.67922E-01	3.23812E-01	3.76640E-01	1000010010	5.91269E+00	1.67082E-02	-7.16635E-03	-8.33550E-03	-8.67922E-01	3.23812E-01	3.76640E-01	PRIM
2.14093E-02	1000010010	1.02630E+01	-1.53231E-03	1.21846E-04	-2.20760E-04	-9.67687E-01	-1.21846E-01	2.20760E-01	1000010010	1.02630E+01	1.91852E-02	2.73048E-03	-4.94708E-03	-9.67687E-01	-1.21846E-01	2.20760E-01	PRIM
1.94304E-02	1000010010	6.78623E+00	-2.26848E-03	9.12351E-04	3.37661E-04	-2.31517E-01	-9.12351E-01	-3.37661E-01	1000010010	6.78623E+00	2.22998E-03	1.86397E-02	6.89854E-03	-2.31517E-01	-9.12351E-01	-3.37661E-01	PRIM
1.85198E-02	1000010010	5.58038E+00	-2.63039E-03	6.97334E-04	7.04786E-04	1.30393E-01	-6.97334E-01	-7.04786E-01	1000010010	5.58038E+00	-5.04525E-03	1.36118E-02	1.37573E-02	1.30393E-01	-6.97334E-01	-7.04786E-01	PRIM
1.94474E-02	1000010010	5.43502E+00	-2.26185E-03	-1.05847E-04	-9.65443E-04	-2.38152E-01	1.05847E-01	9.65443E-01	1000010010	5.43502E+00	2.36961E-03	-2.16430E-03	-1.97408E-02	-2.38152E-01	1.05847E-01	9.65443E-01	PRIM
2.14093E-02	1000010010	2.08607E+01	-1.53231E-03	1.21846E-04	-2.20760E-04	-9.67687E-01	-1.21846E-01	2.20760E-01	1000010010	2.08607E+01	1.91852E-02	2.73048E-03	-4.94708E-03	-9.67687E-01	-1.21846E-01	2.20760E-01	PRIM
1.83510E-02	1000010010	8.66637E+00	-2.69935E-03	-1.50813E-04	-9.68253E-04	1.99354E-01	1.50813E-01	9.68253E-01	1000010010	8.66637E+00	-6.35770E-03	-2.91838E-03	-1.87367E-02	1.99354E-01	1.50813E-01	9.68253E-01	PRIM
1.92154E-02	1000010010	1.00683E+01	-2.35246E-03	-8.00893E-04	-5.80346E-04	-1.47541E-01	8.00893E-01	5.80346E-01	1000010010	1.00683E+01	4.82606E-04	-1.61904E-02	-1.17319E-02	-1.47541E-01	8.00893E-01	5.80346E-01	PRIM
1.91645E-02	1000010010	6.93223E+00	-2.37246E-03	-1.66912E-05	9.91693E-04	-1.27536E-01	1.66912E-02	-9.91693E-01	1000010010	6.93223E+00	7.17128E-05	-3.36570E-04	1.99970E-02	-1.27536E-01	1.66912E-02	-9.91693E-01	PRIM
1.84767E-02	1000010010	1.80986E+01	-2.64795E-03	5.14236E-04	8.44792E-04	1.47946E-01	-5.14236E-01	-8.44792E-01	1000010010	1.80986E+01	-5.38150E-03	1.00156E-02	1.64538E-02	1.47946E-01	-5.14236E-01	-8.44792E-01	PRIM
1.92577E-02	1000010010	6.35367E+00	-2.33594E-03	1.66858E-04	-9.72133E-04	-1.64077E-01	-1.66875E-01	9.72230E-01	1000010010	6.35367E+00	8.23808E-04	3.38048E-03	-1.96950E-02	-1.64077E-01	-1.66875E-01	9.72230E-01	PRIM
1.85786E-02	1000010010	9.79262E+00	-2.60653E-03	8.12963E-05	9.90981E-04	1.06527E-01	-8.12963E-02	-9.90981E-01	1000010010	9.79262E+00	-4.58565E-03	1.59167E-03	1.94020E-02	1.06527E-01	-8.12963E-02	-9.90981E-01	PRIM
2.02281E-02	1000010010	1.05546E+01	-1.96417E-03	6.58456E-04	-5.28316E-04	-5.35887E-01	-6.58522E-01	5.28369E-01	1000010010	1.05546E+01	8.87583E-03	1.39791E-02	-1.12162E-02	-5.35887E-01	-6.58522E-01	5.28369E-01	PRIM
2.06370E-02	1000010010	5.59234E+00	-1.81230E-03	-3.84879E-04	-6.15413E-04	-6.87772E-01	3.84918E-01	6.15474E-01	1000010010	5.59234E+00	1.23813E-02	-8.32843E-03	-1.33170E-02	-6.87772E-01	3.84918E-01	6.15474E-01	PRIM
2.01839E-02	1000010010	6.54518E+00	-1.98068E-03	2.74662E-04	-8.09238E-04	-5.19321E-01	-2.74662E-01	8.09238E-01	1000010010	6.54518E+00	8.50123E-03	5.81840E-03	-1.71428E-02	-5.19321E-01	-2.74662E-01	8.09238E-01	PRIM
2.12817E-02	1000010010	7.36623E+01	-1.57807E-03	3.86568E-04	2.02349E-05	-9.22023E-01	-3.86607E-01	-2.02369E-02	1000010010	7.36623E+01	1.80442E-02	8.61423E-03	4.50912E-04	-9.22023E-01	-3.86607E-01	-2.02369E-02	PRIM
1.70975E-02	1000010010	2.21642E+02	-3.23193E-03	-6.65469E-04	-1.46374E-04	7.31933E-01	6.65469E-01	1.46374E-01	1000010010	2.21642E+02	-1.57462E-02	-1.20433E-02	-2.64901E-03	7.31933E-01	6.65469E-01	1.46374E-01	PRIM
2.11722E-02	1000010010	3.86530E+01	-1.61730E-03	-4.53832E-04	1.21970E-04	-8.82700E-01	4.53832E-01	-1.21970E-01	1000010010	3.86530E+01	1.70714E-02	-1.00625E-02	2.70434E-03	-8.82700E-01	4.53832E-01	-1.21970E-01	PRIM
1.93156E-02	1000010010	3.51222E+01	-2.31322E-03	-8.55320E-05	9.78672E-04	-1.86777E-01	8.55320E-02	-9.78672E-01	1000010010	3.51222E+01	1.29449E-03	-1.73763E-03	1.98823E-02	-1.86777E-01	8.55320E-02	-9.78672E-01	PRIM
1.89630E-02	1000010010	7.32991E+00	-2.45219E-03	-5.17910E-05	-9.97513E-04	-4.78123E-02	5.17910E-02	9.97513E-01	1000010010	7.32991E+00	-1.54552E-03	-1.03390E-03	-1.99134E-02	-4.78123E-02	5.17910E-02	9.97513E-01	PRIM
1.83510E-02	1000010010	6.64240E+00	-2.69935E-03	-1.50813E-04	-9.68253E-04	1.99354E-01	1.50813E-01	9.68253E-01	1000010010	6.64240E+00	-6.35770E-03	-2.91838E-03	-1.87367E-02	1.99354E-01	1.50813E-01	9.68253E-01	PRIM
1.78421E-02	1000010010	7.40187E+00	-2.91104E-03	7.99772E-05	-9.08102E-04	4.11041E-01	-7.99772E-02	9.08102E-01	1000010010	7.40187E+00	-1.02449E-02	1.50694E-03	-1.71106E-02	4.11041E-01	-7.99772E-02	9.08102E-01	PRIM
1.92552E-02	1000010010	7.59171E+00	-2.33684E-03	9.79226E-04	-1.20395E-04	-1.63158E-01	-9.79226E-01	1.20395E-01	1000010010	7.59171E+00	8.04805E-04	1.98344E-02	-2.43864E-03	-1.63158E-01	-9.79226E-01	1.20395E-01	PRIM
1.94250E-02	1000010010	9.65620E+00	-2.27057E-03	-3.04000E-05	9.72851E-04	-2.29428E-01	3.04000E-02	-9.72851E-01	1000010010	9.65620E+00	2.18606E-03	-6.20920E-04	1.98705E-02	-2.29428E-01	3.04000E-02	-9.72851E-01	PRIM
1.97380E-02	1000010010	9.70850E+00	-2.14987E-03	-1.58383E-04	9.23104E-04	-3.50168E-01	1.58399E-01	-9.23197E-01	1000010010	9.70850E+00	4.76172E-03	-3.28486E-03	1.91451E-02	-3.50168E-01	1.58399E-01	-9.23197E-01	PRIM
2.06218E-02	1000010010	3.21463E+01	-1.81780E-03	-4.82809E-04	5.49083E-04	-6.82205E-01	4.82809E-01	-5.49083E-01	1000010010	3.21463E+01	1.22505E-02	-1.04392E-02	1.18722E-02	-6.82205E-01	4.82809E-01	-5.49083E-01	PRIM
1.89475E-02	1000010010	9.95992E+00	-2.45837E-03	-1.94265E-04	9.80066E-04	-4.16253E-02	1.94265E-01	-9.80066E-01	1000010010	9.95992E+00	-1.66968E-03	-3.87510E-03	1.95498E-02	-4.16253E-02	1.94265E-01	-9.80066E-01	PRIM
1.87263E-02	1000010010	5.80500E+00	-2.54692E-03	2.79704E-04	9.58835E-04	4.69269E-02	-2.79732E-01	-9.58931E-01	1000010010	5.80500E+00	-3.42569E-03	5.51804E-03	1.89160E-02	4.69269E-02	-2.79732E-01	-9.58931E-01	PRIM
2.01988E-02	1000010010	7.06012E+00	-1.97506E-03	7.68779E-04	-3.65269E-04	-5.24935E-01	-7.68779E-01	3.65269E-01	1000010010	7.06012E+00	8.62801E-03	1.62972E-02	-7.74327E-03	-5.24935E-01	-7.68779E-01	3.65269E-01	PRIM
1.93801E-02	1000010010	3.24174E+01	-2.28806E-03	-2.01825E-04	9.56216E-04	-2.11938E-01	2.01825E-01	-9.56216E-01	1000010010	3.24174E+01	1.81930E-03	-4.11321E-03	1.94877E-02	-2.11938E-01	2.01825E-01	-9.56216E-01	PRIM
1.92154E-02	1000010010	1.04080E+01	-2.35246E-03	-8.00893E-04	-5.80346E-04	-1.47541E-01	8.00893E-01	5.80346E-01	1000010010	1.04080E+01	4.82606E-04	-1.61904E-02	-1.17319E-02	-1.47541E-01	8.00893E-01	5.80346E-01	PRIM
1.81482E-02	1000010010	5.91831E+00	-2.78303E-03	8.64422E-04	4.15536E-04	2.83026E-01	-8.64422E-01	-4.15536E-01	1000010010	5.91831E+00	-7.91944E-03	1.65521E-02	7.95675E-03	2.83026E-01	-8.64422E-01	-4.15536E-01	PRIM
1.91645E-02	1000010010	1.02719E+01	-2.37246E-03	-1.66912E-05	9.91693E-04	-1.27536E-01	1.66912E-02	-9.91693E-01	1000010010	1.02719E+01	7.17128E-05	-3.36570E-04	1.99970E-02	-1.27536E-01	1.66912E-02	-9.91693E-01	PRIM
2.01988E-02	1000010010	7.47569E+00	-1.97506E-03	7.68779E-04	-3.65269E-04	-5.24935E-01	-7.68779E-01	3.65269E-01	1000010010	7.47569E+00	8.62801E-03	1.62972E-02	-7.74327E-03	-5.24935E-01	-7.68779E-01	3.65269E-01	PRIM
1.97356E-02	1000010010	6.75453E+00	-2.15069E-03	-9.09516E-04	2.25302E-04	-3.49314E-01	9.09516E-01	-2.25302E-01	1000010010	6.75453E+00	4.74325E-03	-1.88594E-02	4.67177E-03	-3.49314E-01	9.09516E-01	-2.25302E-01	PRIM
1.85198E-02	1000010010	6.28624E+00	-2.63040E-03	7.26150E-04	-6.75057E-04	1.30403E-01	-7.26150E-01	6.75057E-01	1000010010	6.28624E+00	-5.04544E-03	1.41743E-02	-1.31770E-02	1.30403E-01	-7.26150E-01	6.75057E-01	PRIM
1.94818E-02	1000010010	1.74185E+01	-2.24851E-03	3.15155E-04	9.15112E-04	-2.51491E-01	-3.15155E-01	-9.15112E-01	1000010010	1.74185E+01	2.65100E-03	6.45494E-03	1.87432E-02	-2.51491E-01	-3.15155E-01	-9.15112E-01	PRIM
1.66586E-02	1000010010	6.78539E+01	-3.42788E-03	-3.12407E-04	2.03580E-04	9.27878E-01	3.12407E-01	-2.03580E-01	1000010010	6.78539E+01	-1.88850E-02	-5.51666E-03	3.59493E-03	9.27878E-01	3.12407E-01	-2.03580E-01	PRIM
1.86213E-02	1000010010	2.10702E+01	-2.58923E-03	3.53385E-04	-9.31213E-04	8.92303E-02	-3.53385E-01	9.31213E-01	1000010010	2.10702E+01	-4.25081E-03	6.93388E-03	-1.82716E-02	8.92303E-02	-3.53385E-01	9.31213E-01	PRIM
1.82491E-02	1000010010	9.78765E+00	-2.74130E-03	-3.50734E-04	-9.04854E-04	2.41298E-01	3.50734E-01	9.04854E-01	1000010010	9.78765E+00	-7.14476E-03	-6.75130E-03	-1.74176E-02	2.41298E-01	3.50734E-01	9.04854E-01	PRIM
1.95119E-02	1000010010	6.11024E+00	-2.23685E-03	6.19851E-04	-7.39281E-04	-2.63151E-01	-6.19851E-01	7.39281E-01	1000010010	6.11024E+00	2.89773E-03	1.27143E-02	-1.51641E-02	-2.63151E-01	-6.19851E-01	7.39281E-01	PRIM
2.01619E-02	1000010010	9.97625E+00	-1.98893E-03	-6.53786E-04	-5.58010E-04	-5.11067E-01	6.53786E-01	5.58010E-01	1000010010	9.97625E+00	8.31514E-03	-1.38353E-02	-1.18085E-02	-5.11067E-01	6.53786E-01	5.58010E-01	PRIM
1.97776E-02	1000010010	1.10001E+01	-2.13462E-03	-1.10484E-04	-9.24280E-04	-3.65377E-01	1.10484E-01	9.24280E-01	1000010010	1.10001E+01	5.09165E-03	-2.29560E-03	-1.92043E-02	-3.65377E-01	1.10484E-01	9.24280E-01	PRIM
2.04072E-02	1000010010	9.74183E+00	-1.89723E-03	-7.96460E-04	-4.81462E-05	-6.02772E-01	7.96460E-01	4.81462E-02	1000010010	9.74183E+00	1.04037E-02	-1.70500E-02	-1.03068E-03	-6.02772E-01	7.96460E-01	4.81462E-02	PRIM
1.75271E-02	1000010010	1.02376E+01	-3.04512E-03	4.12323E-04	-7.29958E-04	5.45116E-01	-4.12323E-01	7.29958E-01	1000010010	1.02376E+01	-1.25994E-02	7.63915E-03	-1.35240E-02	5.45116E-01	-4.12323E-01	7.29958E-01	PRIM
1.88997E-02	1000010010	7.86850E+00	-2.47742E-03	2.12169E-05	-9.99520E-04	-2.25779E-02	-2.12169E-02	9.99520E-01	1000010010	7.86850E+00	-2.05071E-03	4.22208E-04	-1.98901E-02	-2.25779E-02	-2.12169E-02	9.99520E-01	PRIM
1.83453E-02	1000010010	2.13863E+01	-2.70169E-03	2.80485E-04	9.38430E-04	2.01687E-01	-2.80485E-01	-9.38430E-01	1000010010	2.13863E+01	-6.40171E-03	5.42607E-03	1.81542E-02	2.01687E-01	-2.80485E-01	-9.38430E-01	PRIM
1.93447E-02	1000010010	5.05656E+00	-2.30190E-03	-9.26507E-04	-3.19594E-04	-1.98121E-01	9.26600E-01	3.19626E-01	1000010010	5.05656E+00	1.53069E-03	-1.88513E-02	-6.50266E-03	-1.98121E-01	9.26600E-01	3.19626E-01	PRIM
2.09037E-02	1000010010	5.55993E+00	-1.71455E-03	6.09785E-04	1.05943E-04	-7.85454E-01	-6.09785E-01	-1.05943E-01	1000010010	5.55993E+00	1.47043E-02	1.33566E-02	2.32053E-03	-7.85454E-01	-6.09785E-01	-1.05943E-01	PRIM
1.93899E-02	1000010010	6.85173E+00	-2.28422E-03	2.54918E-05	-9.76109E-04	-2.15779E-01	-2.54918E-02	9.76109E-01	1000010010	6.85173E+00	1.89971E-03	5.19776E-04	-1.99028E-02	-2.15779E-01	-2.54918E-02	9.76109E-01	PRIM
1.97514E-02	1000010010	8.12679E+00	-2.14465E-03	5.18693E-04	-7.77612E-04	-3.55354E-01	-5.18693E-01	7.77612E-01	1000010010	8.12679E+00	4.87409E-03	1.07636E-02	-1.61365E-02	-3.55354E-01	-5.18693E-01	7.77612E-01	PRIM
1.88318E-02	1000010010	9.92970E+00	-2.50455E-03	-9.31758E-04	-3.63052E-04	4.54712E-03	9.31758E-01	3.63052E-01	1000010010	9.92970E+00	-2.59018E-03	-1.84784E-02	-7.19997E-03	4.54712E-03	9.31758E-01	3.63052E-01	PRIM
1.72972E-02	1000010010	6.19142E+00	-3.14448E-03	5.35769E-04	-5.45526E-04	6.44480E-01	-5.35769E-01	5.45526E-01	1000010010	6.19142E+00	-1.42922E-02	9.80309E-03	-9.98161E-03	6.44480E-01	-5.35769E-01	5.45526E-01	PRIM
2.00509E-02	1000010010	5.33903E+00	-2.03074E-03	9.44323E-05	8.77997E-04	-4.69259E-01	-9.44323E-02	-8.77997E-01	1000010010	5.33903E+00	7.37833E-03	1.98789E-03	1.84827E-02	-4.69259E-01	-9.44323E-02	-8.77997E-01	PRIM
1.76485E-02	1000010010	6.34122E+00	-2.99316E-03	-3.22361E-04	8.08006E-04	4.93163E-01	3.22361E-01	-8.08006E-01	1000010010	6.34122E+00	-1.16967E-02	-6.01154E-03	1.50681E-02	4.93163E-01	3.22361E-01	-8.08006E-01	PRIM
1.88997E-02	1000010010	3.97434E+01	-2.47742E-03	2.12169E-05	-9.99520E-04	-2.25779E-02	-2.12169E-02	9.99520E-01	1000010010	3.97434E+01	-2.05071E-03	4.22208E-04	-1.98901E-02	-2.25779E-02	-2.12169E-02	9.99520E-01	PRIM
1.90381E-02	1000010010	7.37287E+00	-2.42239E-03	4.60730E-04	-8.84141E-04	-7.76076E-02	-4.60730E-01	8.84141E-01	1000010010	7.37287E+00	-9.44891E-04	9.23216E-03	-1.77165E-02	-7.76076E-02	-4.60730E-01	8.84141E-01	PRIM
1.89475E-02	1000010010	5.13154E+00	-2.45837E-03	-1.94265E-04	9.80066E-04	-4.16253E-02	1.94265E-01	-9.80066E-01	1000010010	5.13154E+00	-1.66968E-03	-3.87510E-03	1.95498E-02	-4.16253E-02	1.94265E-01	-9.80066E-01	PRIM
2.06564E-02	1000010010	9.12693E+01	-1.80507E-03	-6.76632E-04	-2.43398E-04	-6.94929E-01	6.76632E-01	2.43398E-01	1000010010	9.12693E+01	1.25496E-02	-1.46534E-02	-5.27111E-03	-6.94929E-01	6.76632E-01	2.43398E-01	PRIM
1.94304E-02	1000010010	5.74324E+00	-2.26848E-03	9.12351E-04	3.37661E-04	-2.31517E-01	-9.12351E-01	-3.37661E-01	1000010010	5.74324E+00	2.22998E-03	1.86397E-02	6.89854E-03	-2.31517E-01	-9.12351E-01	-3.37661E-01	PRIM
2.01988E-02	1000010010	2.55859E+01	-1.97506E-03	7.68779E-04	-3.65269E-04	-5.24935E-01	-7.68779E-01	3.65269E-01	1000010010	2.55859E+01	8.62801E-03	1.62972E-02	-7.74327E-03	-5.24935E-01	-7.68779E-01	3.65269E-01	PRIM
1.93801E-02	1000010010	9.61184E+00	-2.28806E-03	-2.01825E-04	9.56216E-04	-2.11938E-01	2.01825E-01	-9.56216E-01	1000010010	9.61184E+00	1.81930E-03	-4.11321E-03	1.94877E-02	-2.11938E-01	2.01825E-01	-9.56216E-01	PRIM
1.89475E-02	1000010010	7.54690E+00	-2.45837E-03	-1.94265E-04	9.80066E-04	-4.16253E-02	1.94265E-01	-9.80066E-01	1000010010	7.54690E+00	-1.66968E-03	-3.87510E-03	1.95498E-02	-4.16253E-02	1.94265E-01	-9.80066E-01	PRIM
1.97776E-02	1000010010	7.76898E+00	-2.13462E-03	-1.10484E-04	-9.24280E-04	-3.65377E-01	1.10484E-01	9.24280E-01	1000010010	7.76898E+00	5.09165E-03	-2.29560E-03	-1.92043E-02	-3.65377E-01	1.10484E-01	9.24280E-01	PRIM
1.89777E-02	1000010010	6.16232E+00	-2.44634E-03	5.12269E-06	9.98546E-04	-5.36631E-02	-5.12269E-03	-9.98546E-01	1000010010	6.16232E+00	-1.42793E-03	1.02340E-04	1.99487E-02	-5.36631E-02	-5.12269E-03	-9.98546E-01	PRIM
1.74374E-02	1000010010	5.34134E+01	-3.08374E-03	6.87868E-04	4.31378E-04	5.83738E-01	-6.87868E-01	-4.31378E-01	1000010010	5.34134E+01	-1.32626E-02	1.26825E-02	7.95348E-03	5.83738E-01	-6.87868E-01	-4.31378E-01	PRIM
1.80162E-02	1000010010	7.11150E+00	-2.83796E-03	-4.65892E-04	-8.17758E-04	3.37959E-01	4.65892E-01	8.17758E-01	1000010010	7.11150E+00	-8.92670E-03	-8.85951E-03	-1.55507E-02	3.37959E-01	4.65892E-01	8.17758E-01	PRIM
1.86213E-02	1000010010	7.34836E+00	-2.58923E-03	3.53385E-04	-9.31213E-04	8.92303E-02	-3.53385E-01	9.31213E-01	1000010010	7.34836E+00	-4.25081E-03	6.93388E-03	-1.82716E-02	8.92303E-02	-3.53385E-01	9.31213E-01	PRIM
2.01815E-02	1000010010	8.33338E+00	-1.98158E-03	-3.83399E-04	-7.64359E-04	-5.18420E-01	3.83399E-01	7.64359E-01	1000010010	8.33338E+00	8.48091E-03	-8.12096E-03	-1.61903E-02	-5.18420E-01	3.83399E-01	7.64359E-01	PRIM
1.96475E-02	1000010010	5.97186E+00	-2.18452E-03	-5.44623E-04	-7.77082E-04	-3.15481E-01	5.44623E-01	7.77082E-01	1000010010	5.97186E+00	4.01390E-03	-1.12451E-02	-1.60448E-02	-3.15481E-01	5.44623E-01	7.77082E-01	PRIM
1.88698E-02	1000010010	6.06914E+00	-2.48936E-03	-2.16845E-05	9.99708E-04	-1.06398E-02	2.16845E-02	-9.99708E-01	1000010010	6.06914E+00	-2.28859E-03	-4.30865E-04	1.98640E-02	-1.06398E-02	2.16845E-02	-9.99708E-01	PRIM
1.92075E-02	1000010010	1.31068E+01	-2.35561E-03	1.91972E-04	-9.70618E-04	-1.44402E-01	-1.91991E-01	9.70715E-01	1000010010	1.31068E+01	4.18002E-04	3.87964E-03	-1.96156E-02	-1.44402E-01	-1.91991E-01	9.70715E-01	PRIM
2.01839E-02	1000010010	5.15359E+00	-1.98068E-03	2.74662E-04	-8.09238E-04	-5.19321E-01	-2.74662E-01	8.09238E-01	1000010010	5.15359E+00	8.50123E-03	5.81840E-03	-1.71428E-02	-5.19321E-01	-2.74662E-01	8.09238E-01	PRIM
1.93301E-02	1000010010	8.87332E+00	-2.30754E-03	-6.38541E-04	-7.45135E-04	-1.92457E-01	6.38541E-01	7.45135E-01	1000010010	8.87332E+00	1.41267E-03	-1.29816E-02	-1.51487E-02	-1.92457E-01	6.38541E-01	7.45135E-01	PRIM
2.06239E-02	1000010010	1.00519E+01	-1.81714E-03	-3.55561E-04	-6.38028E-04	-6.82927E-01	3.55597E-01	6.38092E-01	1000010010	1.00519E+01	1.22675E-02	-7.68935E-03	-1.37980E-02	-6.82927E-01	3.55597E-01	6.38092E-01	PRIM
2.12580E-02	1000010010	2.02821E+01	-1.58646E-03	3.01844E-04	-2.72642E-04	-9.13541E-01	-3.01844E-01	2.72642E-01	1000010010	2.02821E+01	1.78336E-02	6.71843E-03	-6.06847E-03	-9.13541E-01	-3.01844E-01	2.72642E-01	PRIM
1.84225E-02	1000010010	1.81739E+01	-2.67011E-03	6.34399E-04	7.53923E-04	1.70129E-01	-6.34462E-01	-7.53999E-01	1000010010	1.81739E+01	-5.80431E-03	1.23228E-02	1.46444E-02	1.70129E-01	-6.34462E-01	-7.53999E-01	PRIM
1.92577E-02	1000010010	1.32015E+01	-2.33594E-03	1.66858E-04	-9.72133E-04	-1.64077E-01	-1.66875E-01	9.72230E-01	1000010010	1.32015E+01	8.23808E-04	3.38048E-03	-1.96950E-02	-1.64077E-01	-1.66875E-01	9.72230E-01	PRIM
2.06218E-02	1000010010	3.55301E+01	-1.81780E-03	-4.82809E-04	5.49083E-04	-6.82205E-01	4.82809E-01	-5.49083E-01	1000010010	3.55301E+01	1.22505E-02	-1.04392E-02	1.18722E-02	-6.82205E-01	4.82809E-01	-5.49083E-01	PRIM
1.78069E-02	1000010010	8.73061E+00	-2.92593E-03	-7.89006E-04	-4.42779E-04	4.25931E-01	7.89006E-01	4.42779E-01	1000010010	8.73061E+00	-1.05104E-02	-1.48387E-02	-8.32727E-03	4.25931E-01	7.89006E-01	4.42779E-01	PRIM
1.84784E-02	1000010010	5.17601E+00	-2.64728E-03	-2.50585E-04	-9.56826E-04	1.47277E-01	2.50585E-01	9.56826E-01	1000010010	5.17601E+00	-5.36871E-03	-4.88099E-03	-1.86374E-02	1.47277E-01	2.50585E-01	9.56826E-01	PRIM
1.87585E-02	1000010010	5.34085E+00	-2.53396E-03	2.86980E-04	-9.57230E-04	3.39647E-02	-2.87009E-01	9.57326E-01	1000010010	5.34085E+00	-3.17109E-03	5.67084E-03	-1.89152E-02	3.39647E-02	-2.87009E-01	9.57326E-01	PRIM
1.70633E-02	1000010010	1.05634E+01	-3.24697E-03	9.10141E-05	6.58445E-04	7.47046E-01	-9.10232E-02	-6.58511E-01	1000010010	1.05634E+01	-1.59941E-02	1.64417E-03	1.18948E-02	7.47046E-01	-9.10232E-02	-6.58511E-01	PRIM
2.06428E-02	1000010010	6.60857E+00	-1.81018E-03	4.59094E-04	-5.59632E-04	-6.89884E-01	-4.59139E-01	5.59688E-01	1000010010	6.60857E+00	1.24309E-02	9.93700E-03	-1.21131E-02	-6.89884E-01	-4.59139E-01	5.59688E-01	PRIM
1.89824E-02	1000010010	7.57030E+00	-2.44449E-03	2.36800E-04	9.69971E-04	-5.55133E-02	-2.36800E-01	-9.69971E-01	1000010010	7.57030E+00	-1.39071E-03	4.73183E-03	1.93824E-02	-5.55133E-02	-2.36800E-01	-9.69971E-01	PRIM
1.70208E-02	1000010010	6.37452E+00	-3.26578E-03	-2.89937E-04	5.74034E-04	7.65781E-01	2.89937E-01	-5.74034E-01	1000010010	6.37452E+00	-1.63000E-02	-5.22490E-03	1.03446E-02	7.65781E-01	2.89937E-01	-5.74034E-01	PRIM
2.00242E-02	1000010010	8.91699E+00	-2.04085E-03	8.11639E-04	3.61147E-04	-4.59146E-01	-8.11639E-01	-3.61147E-01	1000010010	8.91699E+00	7.15317E-03	1.70640E-02	7.59282E-03	-4.59146E-01	-8.11639E-01	-3.61147E-01	PRIM
1.88689E-02	1000010010	5.80257E+00	-2.48971E-03	-7.20317E-04	6.93569E-04	-1.02920E-02	7.20317E-01	-6.93569E-01	1000010010	5.80257E+00	-2.29551E-03	-1.43119E-02	1.37804E-02	-1.02920E-02	7.20317E-01	-6.93569E-01	PRIM
1.84016E-02	1000010010	7.48592E+00	-2.67866E-03	6.74033E-04	-7.16632E-04	1.78673E-01	-6.74101E-01	7.16704E-01	1000010010	7.48592E+00	-5.96653E-03	1.30785E-02	-1.39051E-02	1.78673E-01	-6.74101E-01	7.16704E-01	PRIM
1.92154E-02	1000010010	5.15526E+00	-2.35246E-03	-8.00893E-04	-5.80346E-04	-1.47541E-01	8.00893E-01	5.80346E-01	1000010010	5.15526E+00	4.82606E-04	-1.61904E-02	-1.17319E-02	-1.47541E-01	8.00893E-01	5.80346E-01	PRIM
1.80244E-02	1000010010	8.42064E+00	-2.83456E-03	-7.82310E-04	5.25418E-04	3.34555E-01	7.82310E-01	-5.25418E-01	1000010010	8.42064E+00	-8.86470E-03	-1.48829E-02	9.99575E-03	3.34555E-01	7.82310E-01	-5.25418E-01	PRIM
1.99065E-02	1000010010	5.67014E+01	-2.08546E-03	-7.91665E-05	9.06580E-04	-4.14542E-01	7.91665E-02	-9.06580E-01	1000010010	5.67014E+01	6.16665E-03	-1.65510E-03	1.89534E-02	-4.14542E-01	7.91665E-02	-9.06580E-01	PRIM
1.84767E-02	1000010010	1.10632E+01	-2.64795E-03	5.14236E-04	8.44792E-04	1.47946E-01	-5.14236E-01	-8.44792E-01	1000010010	1.10632E+01	-5.38150E-03	1.00156E-02	1.64538E-02	1.47946E-01	-5.14236E-01	-8.44792E-01	PRIM
2.04787E-02	1000010010	7.55473E+00	-1.87067E-03	1.37952E-04	7.64793E-04	-6.29334E-01	-1.37952E-01	-7.64793E-01	1000010010	7.55473E+00	1.10173E-02	2.96304E-03	1.64268E-02	-6.29334E-01	-1.37952E-01	-7.64793E-01	PRIM
1.91645E-02	1000010010	2.10230E+01	-2.37246E-03	-1.66912E-05	9.91693E-04	-1.27536E-01	1.66912E-02	-9.91693E-01	1000010010	2.10230E+01	7.17128E-05	-3.36570E-04	1.99970E-02	-1.27536E-01	1.66912E-02	-9.91693E-01	PRIM
1.89521E-02	1000010010	7.94347E+00	-2.45659E-03	-1.46629E-04	9.88137E-04	-4.34183E-02	1.46644E-01	-9.88236E-01	1000010010	7.94347E+00	-1.63372E-03	-2.92584E-03	1.97173E-02	-4.34183E-02	1.46644E-01	-9.88236E-01	PRIM
1.83394E-02	1000010010	1.01500E+01	-2.70411E-03	-1.22387E-04	-9.71267E-04	2.04112E-01	1.22387E-01	9.71267E-01	1000010010	1.01500E+01	-6.44741E-03	-2.36689E-03	-1.87837E-02	2.04112E-01	1.22387E-01	9.71267E-01	PRIM
1.83510E-02	1000010010	5.73623E+00	-2.69935E-03	-1.50813E-04	-9.68253E-04	1.99354E-01	1.50813E-01	9.68253E-01	1000010010	5.73623E+00	-6.35770E-03	-2.91838E-03	-1.87367E-02	1.99354E-01	1.50813E-01	9.68253E-01	PRIM
2.01609E-02	1000010010	1.42011E+01	-1.98932E-03	4.56103E-04	-7.28818E-04	-5.10680E-01	-4.56103E-01	7.28818E-01	1000010010	1.42011E+01	8.30643E-03	9.65153E-03	-1.54224E-02	-5.10680E-01	-4.56103E-01	7.28818E-01	PRIM
2.11422E-02	1000010010	7.59651E+00	-1.62813E-03	4.76354E-04	1.13702E-04	-8.71871E-01	-4.76354E-01	-1.13702E-01	1000010010	7.59651E+00	1.68051E-02	1.05475E-02	2.51761E-03	-8.71871E-01	-4.76354E-01	-1.13702E-01	PRIM
1.95465E-02	1000010010	3.37988E+01	-2.22355E-03	2.98593E-04	9.13355E-04	-2.76479E-01	-2.98622E-01	-9.13446E-01	1000010010	3.37988E+01	3.18063E-03	6.13561E-03	1.87680E-02	-2.76479E-01	-2.98622E-01	-9.13446E-01	PRIM
2.14832E-02	1000010010	4.72265E+01	-1.50599E-03	1.04668E-04	3.15119E-05	-9.94008E-01	-1.04668E-01	-3.15119E-02	1000010010	4.72265E+01	1.98484E-02	2.35328E-03	7.08487E-04	-9.94008E-01	-1.04668E-01	-3.15119E-02	PRIM
1.86648E-02	1000010010	1.27541E+01	-2.57167E-03	-7.54481E-04	-6.52243E-04	7.16819E-02	7.54557E-01	6.52308E-01	1000010010	1.27541E+01	-3.90961E-03	-1.48382E-02	-1.28275E-02	7.16819E-02	7.54557E-01	6.52308E-01	PRIM
2.09037E-02	1000010010	3.43687E+01	-1.71455E-03	6.09785E-04	1.05943E-04	-7.85454E-01	-6.09785E-01	-1.05943E-01	1000010010	3.43687E+01	1.47043E-02	1.33566E-02	2.32053E-03	-7.85454E-01	-6.09785E-01	-1.05943E-01	PRIM
1.81688E-02	1000010010	5.30685E+00	-2.77449E-03	7.02071E-05	9.59024E-04	2.74487E-01	-7.02071E-02	-9.59024E-01	1000010010	5.30685E+00	-7.76158E-03	1.34578E-03	1.83833E-02	2.74487E-01	-7.02071E-02	-9.59024E-01	PRIM
1.97185E-02	1000010010	2.07011E+01	-2.15725E-03	4.43699E-04	8.28040E-04	-3.42754E-01	-4.43699E-01	-8.28040E-01	1000010010	2.07011E+01	4.60136E-03	9.19278E-03	1.71558E-02	-3.42754E-01	-4.43699E-01	-8.28040E-01	PRIM
1.83510E-02	1000010010	5.55046E+00	-2.69935E-03	-1.50813E-04	-9.68253E-04	1.99354E-01	1.50813E-01	9.68253E-01	1000010010	5.55046E+00	-6.35770E-03	-2.91838E-03	-1.87367E-02	1.99354E-01	1.50813E-01	9.68253E-01	PRIM
2.09264E-02	1000010010	6.55125E+00	-1.70629E-03	-5.61413E-05	-6.05695E-04	-7.93714E-01	5.61413E-02	6.05695E-01	1000010010	6.55125E+00	1.49033E-02	-1.23098E-03	-1.32807E-02	-7.93714E-01	5.61413E-02	6.05695E-01	PRIM
1.89934E-02	1000010010	6.00328E+01	-2.44012E-03	8.75769E-04	4.79001E-04	-5.98840E-02	-8.75769E-01	-4.79001E-01	1000010010	6.00328E+01	-1.30271E-03	1.75096E-02	9.57687E-03	-5.98840E-02	-8.75769E-01	-4.79001E-01	PRIM
1.74374E-02	1000010010	3.79008E+01	-3.08374E-03	6.87868E-04	4.31378E-04	5.83738E-01	-6.87868E-01	-4.31378E-01	1000010010	3.79008E+01	-1.32626E-02	1.26825E-02	7.95348E-03	5.83738E-01	-6.87868E-01	-4.31378E-01	PRIM
2.00507E-02	1000010010	5.54173E+00	-2.03081E-03	-7.93851E-04	-3.86867E-04	-4.69185E-01	7.93851E-01	3.86867E-01	1000010010	5.54173E+00	7.37670E-03	-1.67111E-02	-8.14384E-03	-4.69185E-01	7.93851E-01	3.86867E-01	PRIM
1.81450E-02	1000010010	1.24380E+01	-2.78436E-03	6.23789E-04	-7.27893E-04	2.84385E-01	-6.23852E-01	7.27966E-01	1000010010	1.24380E+01	-7.94452E-03	1.19436E-02	-1.39368E-02	2.84385E-01	-6.23852E-01	7.27966E-01	PRIM
1.81433E-02	1000010010	3.70988E+01	-2.78505E-03	9.33211E-04	-2.18780E-04	2.85050E-01	-9.33211E-01	2.18780E-01	1000010010	3.70988E+01	-7.95680E-03	1.78647E-02	-4.18816E-03	2.85050E-01	-9.33211E-01	2.18780E-01	PRIM
1.92832E-02	1000010010	6.11605E+00	-2.32588E-03	2.18759E-05	-9.84481E-04	-1.74124E-01	-2.18759E-02	9.84481E-01	1000010010	6.11605E+00	1.03180E-03	4.43713E-04	-1.99684E-02	-1.74124E-01	-2.18759E-02	9.84481E-01	PRIM
1.94250E-02	1000010010	5.80803E+00	-2.27057E-03	-3.04000E-05	9.72851E-04	-2.29428E-01	3.04000E-02	-9.72851E-01	1000010010	5.80803E+00	2.18606E-03	-6.20920E-04	1.98705E-02	-2.29428E-01	3.04000E-02	-9.72851E-01	PRIM
1.97380E-02	1000010010	5.31990E+00	-2.14987E-03	-1.58383E-04	9.23104E-04	-3.50168E-01	1.58399E-01	-9.23197E-01	1000010010	5.31990E+00	4.76172E-03	-3.28486E-03	1.91451E-02	-3.50168E-01	1.58399E-01	-9.23197E-01	PRIM
1.89111E-02	1000010010	6.47098E+00	-2.47285E-03	2.78471E-04	9.60061E-04	-2.71549E-02	-2.78471E-01	-9.60061E-01	1000010010	6.47098E+00	-1.95932E-03	5.54467E-03	1.91159E-02	-2.71549E-02	-2.78471E-01	-9.60061E-01	PRIM
1.93728E-02	1000010010	6.37276E+00	-2.29088E-03	-6.02534E-05	9.76032E-04	-2.09121E-01	6.02534E-02	-9.76032E-01	1000010010	6.37276E+00	1.76038E-03	-1.22753E-03	1.98845E-02	-2.09121E-01	6.02534E-02	-9.76032E-01	PRIM
2.02281E-02	1000010010	4.46119E+01	-1.96417E-03	6.58456E-04	-5.28316E-04	-5.35887E-01	-6.58522E-01	5.28369E-01	1000010010	4.46119E+01	8.87583E-03	1.39791E-02	-1.12162E-02	-5.35887E-01	-6.58522E-01	5.28369E-01	PRIM
1.98092E-02	1000010010	4.47959E+01	-2.12256E-03	4.51536E-04	8.08487E-04	-3.77444E-01	-4.51536E-01	-8.08487E-01	1000010010	4.47959E+01	5.35430E-03	9.39608E-03	1.68239E-02	-3.77444E-01	-4.51536E-01	-8.08487E-01	PRIM
1.94304E-02	1000010010	3.14201E+01	-2.26848E-03	9.12351E-04	3.37661E-04	-2.31517E-01	-9.12351E-01	-3.37661E-01	1000010010	3.14201E+01	2.22998E-03	1.86397E-02	6.89854E-03	-2.31517E-01	-9.12351E-01	-3.37661E-01	PRIM
2.02281E-02	1000010010	1.06330E+01	-1.96417E-03	6.58456E-04	-5.28316E-04	-5.35887E-01	-6.58522E-01	5.28369E-01	1000010010	1.06330E+01	8.87583E-03	1.39791E-02	-1.12162E-02	-5.35887E-01	-6.58522E-01	5.28369E-01	PRIM
1.94304E-02	1000010010	5.25388E+00	-2.26848E-03	9.12351E-04	3.37661E-04	-2.31517E-01	-9.12351E-01	-3.37661E-01	1000010010	5.25388E+00	2.22998E-03	1.86397E-02	6.89854E-03	-2.31517E-01	-9.12351E-01	-3.37661E-01	PRIM
1.98072E-02	1000010010	8.31143E+00	-2.12330E-03	9.24929E-04	5.09949E-05	-3.76703E-01	-9.24929E-01	-5.09949E-02	1000010010	8.31143E+00	5.33815E-03	1.92452E-02	1.06106E-03	-3.76703E-01	-9.24929E-01	-5.09949E-02	PRIM
2.11983E-02	1000010010	1.31483E+01	-1.60804E-03	-1.11988E-04	-4.37802E-04	-8.92046E-01	1.11999E-01	4.37846E-01	1000010010	1.31483E+01	1.73018E-02	-2.48618E-03	-9.71939E-03	-8.92046E-01	1.11999E-01	4.37846E-01	PRIM
1.99945E-02	1000010010	5.76486E+00	-2.05208E-03	-3.39020E-04	-8.27307E-04	-4.47915E-01	3.39020E-01	8.27307E-01	1000010010	5.76486E+00	6.90375E-03	-7.11755E-03	-1.73689E-02	-4.47915E-01	3.39020E-01	8.27307E-01	PRIM
2.10796E-02	1000010010	1.76664E+01	-1.65073E-03	-5.12780E-04	1.25709E-04	-8.49267E-01	5.12780E-01	-1.25709E-01	1000010010	1.76664E+01	1.62514E-02	-1.13220E-02	2.77559E-03	-8.49267E-01	5.12780E-01	-1.25709E-01	PRIM
1.81482E-02	1000010010	1.07514E+01	-2.78303E-03	8.64422E-04	4.15536E-04	2.83026E-01	-8.64422E-01	-4.15536E-01	1000010010	1.07514E+01	-7.91944E-03	1.65521E-02	7.95675E-03	2.83026E-01	-8.64422E-01	-4.15536E-01	PRIM
1.93041E-02	1000010010	6.89407E+01	-2.31769E-03	1.84769E-05	9.83068E-04	-1.82309E-01	-1.84769E-02	-9.83068E-01	1000010010	6.89407E+01	1.20164E-03	3.75158E-04	1.99603E-02	-1.82309E-01	-1.84769E-02	-9.83068E-01	PRIM
1.96163E-02	1000010010	1.18942E+01	-2.19654E-03	-9.44949E-04	1.22405E-04	-3.03460E-01	9.44949E-01	-1.22405E-01	1000010010	1.18942E+01	3.75622E-03	-1.94813E-02	2.52354E-03	-3.03460E-01	9.44949E-01	-1.22405E-01	PRIM
1.98072E-02	1000010010	5.37163E+00	-2.12330E-03	9.24929E-04	5.09949E-05	-3.76703E-01	-9.24929E-01	-5.09949E-02	1000010010	5.37163E+00	5.33815E-03	1.92452E-02	1.06106E-03	-3.76703E-01	-9.24929E-01	-5.09949E-02	PRIM
2.04072E-02	1000010010	5.87718E+00	-1.89723E-03	-7.96460E-04	-4.81462E-05	-6.02772E-01	7.96460E-01	4.81462E-02	1000010010	5.87718E+00	1.04037E-02	-1.70500E-02	-1.03068E-03	-6.02772E-01	7.96460E-01	4.81462E-02	PRIM
2.04072E-02	1000010010	1.12442E+01	-1.89723E-03	-7.96460E-04	-4.81462E-05	-6.02772E-01	7.96460E-01	4.81462E-02	1000010010	1.12442E+01	1.04037E-02	-1.70500E-02	-1.03068E-03	-6.02772E-01	7.96460E-01	4.81462E-02	PRIM
2.00242E-02	1000010010	6.78954E+00	-2.04085E-03	8.11639E-04	3.61147E-04	-4.59146E-01	-8.11639E-01	-3.61147E-01	1000010010	6.78954E+00	7.15317E-03	1.70640E-02	7.59282E-03	-4.59146E-01	-8.11639E-01	-3.61147E-01	PRIM
1.82908E-02	1000010010	9.12351E+01	-2.72410E-03	-5.15385E-04	8.27018E-04	2.24121E-01	5.15436E-01	-8.27101E-01	1000010010	9.12351E+01	-6.82346E-03	-9.94315E-03	1.59554E-02	2.24121E-01	5.15436E-01	-8.27101E-01	PRIM
2.02690E-02	1000010010	5.31831E+00	-1.94876E-03	4.77233E-04	6.84384E-04	-5.51242E-01	-4.77233E-01	-6.84384E-01	1000010010	5.31831E+00	9.22438E-03	1.01503E-02	1.45562E-02	-5.51242E-01	-4.77233E-01	-6.84384E-01	PRIM
1.66876E-02	1000010010	5.79372E+00	-3.41474E-03	-8.42190E-05	3.95172E-04	9.14738E-01	8.42190E-02	-3.95172E-01	1000010010	5.79372E+00	-1.86796E-02	-1.48963E-03	6.98966E-03	9.14738E-01	8.42190E-02	-3.95172E-01	PRIM
1.74374E-02	1000010010	2.07704E+01	-3.08374E-03	6.87868E-04	4.31378E-04	5.83738E-01	-6.87868E-01	-4.31378E-01	1000010010	2.07704E+01	-1.32626E-02	1.26825E-02	7.95348E-03	5.83738E-01	-6.87868E-01	-4.31378E-01	PRIM
1.89824E-02	1000010010	6.53831E+00	-2.44449E-03	2.36800E-04	9.69971E-04	-5.55133E-02	-2.36800E-01	-9.69971E-01	1000010010	6.53831E+00	-1.39071E-03	4.73183E-03	1.93824E-02	-5.55133E-02	-2.36800E-01	-9.69971E-01	PRIM
1.66424E-02	1000010010	6.26261E+00	-3.43515E-03	2.22064E-04	-2.75659E-04	9.35240E-01	-2.22086E-01	2.75687E-01	1000010010	6.26261E+00	-1.89998E-02	3.91812E-03	-4.86375E-03	9.35240E-01	-2.22086E-01	2.75687E-01	PRIM
1.97185E-02	1000010010	1.43259E+01	-2.15725E-03	4.43699E-04	8.28040E-04	-3.42754E-01	-4.43699E-01	-8.28040E-01	1000010010	1.43259E+01	4.60136E-03	9.19278E-03	1.71558E-02	-3.42754E-01	-4.43699E-01	-8.28040E-01	PRIM
1.76359E-02	1000010010	5.53799E+00	-2.99854E-03	-5.39976E-04	6.77999E-04	4.98591E-01	5.40030E-01	-6.78067E-01	1000010010	5.53799E+00	-1.17916E-02	-1.00639E-02	1.26363E-02	4.98591E-01	5.40030E-01	-6.78067E-01	PRIM
2.00242E-02	1000010010	4.12617E+01	-2.04085E-03	8.11639E-04	3.61147E-04	-4.59146E-01	-8.11639E-01	-3.61147E-01	1000010010	4.12617E+01	7.15317E-03	1.70640E-02	7.59282E-03	-4.59146E-01	-8.11639E-01	-3.61147E-01	PRIM
1.67049E-02	1000010010	5.54613E+00	-3.40691E-03	1.40056E-04	-3.97119E-04	9.06998E-01	-1.40070E-01	3.97158E-01	1000010010	5.54613E+00	-1.85582E-02	2.47991E-03	-7.03160E-03	9.06998E-01	-1.40070E-01	3.97158E-01	PRIM
1.97514E-02	1000010010	5.74448E+00	-2.14465E-03	5.18693E-04	-7.77612E-04	-3.55354E-01	-5.18693E-01	7.77612E-01	1000010010	5.74448E+00	4.87409E-03	1.07636E-02	-1.61365E-02	-3.55354E-01	-5.18693E-01	7.77612E-01	PRIM
1.72972E-02	1000010010	1.22617E+01	-3.14448E-03	5.35769E-04	-5.45526E-04	6.44480E-01	-5.35769E-01	5.45526E-01	1000010010	1.22617E+01	-1.42922E-02	9.80309E-03	-9.98161E-03	6.44480E-01	-5.35769E-01	5.45526E-01	PRIM
1.84828E-02	1000010010	9.00827E+00	-2.64549E-03	-4.03899E-04	9.03050E-04	1.45503E-01	4.03939E-01	-9.03140E-01	1000010010	9.00827E+00	-5.33479E-03	-7.86983E-03	1.75956E-02	1.45503E-01	4.03939E-01	-9.03140E-01	PRIM
1.89824E-02	1000010010	9.53832E+00	-2.44449E-03	2.36800E-04	9.69971E-04	-5.55133E-02	-2.36800E-01	-9.69971E-01	1000010010	9.53832E+00	-1.39071E-03	4.73183E-03	1.93824E-02	-5.55133E-02	-2.36800E-01	-9.69971E-01	PRIM
1.71533E-02	1000010010	5.64424E+00	-3.20737E-03	-6.91496E-04	-1.45795E-04	7.07444E-01	6.91565E-01	1.45810E-01	1000010010	5.64424E+00	-1.53424E-02	-1.25541E-02	-2.64691E-03	7.07444E-01	6.91565E-01	1.45810E-01	PRIM
2.12661E-02	1000010010	2.20599E+01	-1.58367E-03	3.91185E-04	8.43430E-05	-9.16421E-01	-3.91224E-01	-8.43514E-02	1000010010	2.20599E+01	1.79051E-02	8.71101E-03	1.87817E-03	-9.16421E-01	-3.91224E-01	-8.43514E-02	PRIM
1.91513E-02	1000010010	8.64918E+00	-2.37766E-03	-2.71504E-05	9.92117E-04	-1.22337E-01	2.71504E-02	-9.92117E-01	1000010010	8.64918E+00	-3.47428E-05	-5.47116E-04	1.99925E-02	-1.22337E-01	2.71504E-02	-9.92117E-01	PRIM
1.98072E-02	1000010010	5.76865E+00	-2.12330E-03	9.24929E-04	5.09949E-05	-3.76703E-01	-9.24929E-01	-5.09949E-02	1000010010	5.76865E+00	5.33815E-03	1.92452E-02	1.06106E-03	-3.76703E-01	-9.24929E-01	-5.09949E-02	PRIM
2.06428E-02	1000010010	6.28347E+01	-1.81018E-03	4.59094E-04	-5.59632E-04	-6.89884E-01	-4.59139E-01	5.59688E-01	1000010010	6.28347E+01	1.24309E-02	9.93700E-03	-1.21131E-02	-6.89884E-01	-4.59139E-01	5.59688E-01	PRIM
1.68717E-02	1000010010	1.25882E+01	-3.33207E-03	-1.85783E-04	5.22632E-04	8.32070E-01	1.85783E-01	-5.22632E-01	1000010010	1.25882E+01	-1.73705E-02	-3.32025E-03	9.34032E-03	8.32070E-01	1.85783E-01	-5.22632E-01	PRIM
1.85198E-02	1000010010	8.97000E+00	-2.63040E-03	7.26150E-04	-6.75057E-04	1.30403E-01	-7.26150E-01	6.75057E-01	1000010010	8.97000E+00	-5.04544E-03	1.41743E-02	-1.31770E-02	1.30403E-01	-7.26150E-01	6.75057E-01	PRIM
2.06428E-02	1000010010	6.54296E+00	-1.81018E-03	4.59094E-04	-5.59632E-04	-6.89884E-01	-4.59139E-01	5.59688E-01	1000010010	6.54296E+00	1.24309E-02	9.93700E-03	-1.21131E-02	-6.89884E-01	-4.59139E-01	5.59688E-01	PRIM
1.73464E-02	1000010010	5.60813E+00	-3.12311E-03	7.53180E-04	-2.10833E-04	6.23112E-01	-7.53180E-01	2.10833E-01	1000010010	5.60813E+00	-1.39319E-02	1.38181E-02	-3.86804E-03	6.23112E-01	-7.53180E-01	2.10833E-01	PRIM
1.80162E-02	1000010010	7.69122E+00	-2.83796E-03	-4.65892E-04	-8.17758E-04	3.37959E-01	4.65892E-01	8.17758E-01	1000010010	7.69122E+00	-8.92670E-03	-8.85951E-03	-1.55507E-02	3.37959E-01	4.65892E-01	8.17758E-01	PRIM
1.76359E-02	1000010010	7.30924E+00	-2.99854E-03	-5.39976E-04	6.77999E-04	4.98591E-01	5.40030E-01	-6.78067E-01	1000010010	7.30924E+00	-1.17916E-02	-1.00639E-02	1.26363E-02	4.98591E-01	5.40030E-01	-6.78067E-01	PRIM
1.98493E-02	1000010010	5.70652E+00	-2.10726E-03	-1.96776E-04	-8.98353E-04	-3.92736E-01	1.96776E-01	8.98353E-01	1000010010	5.70652E+00	5.68826E-03	-4.10263E-03	-1.87300E-02	-3.92736E-01	1.96776E-01	8.98353E-01	PRIM
1.83940E-02	1000010010	6.16727E+00	-2.68174E-03	4.98098E-04	-8.47862E-04	1.81739E-01	-4.98098E-01	8.47862E-01	1000010010	6.16727E+00	-6.02465E-03	9.66010E-03	-1.64434E-02	1.81739E-01	-4.98098E-01	8.47862E-01	PRIM
1.87263E-02	1000010010	3.16671E+01	-2.54692E-03	2.79704E-04	9.58835E-04	4.69269E-02	-2.79732E-01	-9.58931E-01	1000010010	3.16671E+01	-3.42569E-03	5.51804E-03	1.89160E-02	4.69269E-02	-2.79732E-01	-9.58931E-01	PRIM
1.75271E-02	1000010010	7.59986E+00	-3.04512E-03	4.12323E-04	-7.29958E-04	5.45116E-01	-4.12323E-01	7.29958E-01	1000010010	7.59986E+00	-1.25994E-02	7.63915E-03	-1.35240E-02	5.45116E-01	-4.12323E-01	7.29958E-01	PRIM
1.94428E-02	1000010010	8.29343E+00	-2.26364E-03	-2.00190E-04	9.50819E-04	-2.36361E-01	2.00190E-01	-9.50819E-01	1000010010	8.29343E+00	2.33189E-03	-4.09246E-03	1.94374E-02	-2.36361E-01	2.00190E-01	-9.50819E-01	PRIM
1.91934E-02	1000010010	5.12217E+00	-2.36112E-03	5.77609E-04	-8.04413E-04	-1.38879E-01	-5.77609E-01	8.04413E-01	1000010010	5.12217E+00	3.04442E-04	1.16639E-02	-1.62438E-02	-1.38879E-01	-5.77609E-01	8.04413E-01	PRIM
1.92047E-02	1000010010	8.52449E+00	-2.35665E-03	-6.22852E-04	-7.69095E-04	-1.43347E-01	6.22852E-01	7.69095E-01	1000010010	8.52449E+00	3.96282E-04	-1.25846E-02	-1.55394E-02	-1.43347E-01	6.22852E-01	7.69095E-01	PRIM
1.87263E-02	1000010010	1.08764E+01	-2.54692E-03	2.79704E-04	9.58835E-04	4.69269E-02	-2.79732E-01	-9.58931E-01	1000010010	1.08764E+01	-3.42569E-03	5.51804E-03	1.89160E-02	4.69269E-02	-2.79732E-01	-9.58931E-01	PRIM
1.67161E-02	1000010010	2.98277E+01	-3.40183E-03	-1.88506E-04	-3.88549E-04	9.01919E-01	1.88524E-01	3.88588E-01	1000010010	2.98277E+01	-1.84784E-02	-3.33991E-03	-6.88424E-03	9.01919E-01	1.88524E-01	3.88588E-01	PRIM
1.84013E-02	1000010010	5.82011E+00	-2.67873E-03	-7.32467E-04	6.56922E-04	1.78732E-01	7.32467E-01	-6.56922E-01	1000010010	5.82011E+00	-5.96764E-03	-1.42108E-02	1.27452E-02	1.78732E-01	7.32467E-01	-6.56922E-01	PRIM
1.87254E-02	1000010010	7.74028E+00	-2.54724E-03	1.25394E-04	9.90982E-04	4.72355E-02	-1.25394E-01	-9.90982E-01	1000010010	7.74028E+00	-3.43174E-03	2.47345E-03	1.95475E-02	4.72355E-02	-1.25394E-01	-9.90982E-01	PRIM
1.92375E-02	1000010010	6.24337E+00	-2.34378E-03	-6.91401E-04	7.05380E-04	-1.56217E-01	6.91401E-01	-7.05380E-01	1000010010	6.24337E+00	6.61435E-04	-1.39922E-02	1.42751E-02	-1.56217E-01	6.91401E-01	-7.05380E-01	PRIM
1.89932E-02	1000010010	1.57540E+01	-2.44020E-03	-2.98767E-04	-9.52450E-04	-5.98017E-02	2.98767E-01	9.52450E-01	1000010010	1.57540E+01	-1.30437E-03	-5.97331E-03	-1.90425E-02	-5.98017E-02	2.98767E-01	9.52450E-01	PRIM
1.93801E-02	1000010010	5.37945E+00	-2.28806E-03	-2.01825E-04	9.56216E-04	-2.11938E-01	2.01825E-01	-9.56216E-01	1000010010	5.37945E+00	1.81930E-03	-4.11321E-03	1.94877E-02	-2.11938E-01	2.01825E-01	-9.56216E-01	PRIM
1.88568E-02	1000010010	3.98331E+01	-2.49455E-03	8.67271E-04	4.97806E-04	-5.44696E-03	-8.67271E-01	-4.97806E-01	1000010010	3.98331E+01	-2.39184E-03	1.72212E-02	9.88481E-03	-5.44696E-03	-8.67271E-01	-4.97806E-01	PRIM
1.80244E-02	1000010010	6.76279E+00	-2.83456E-03	-7.82310E-04	5.25418E-04	3.34555E-01	7.82310E-01	-5.25418E-01	1000010010	6.76279E+00	-8.86470E-03	-1.48829E-02	9.99575E-03	3.34555E-01	7.82310E-01	-5.25418E-01	PRIM
2.14093E-02	1000010010	1.26638E+01	-1.53231E-03	1.21846E-04	-2.20760E-04	-9.67687E-01	-1.21846E-01	2.20760E-01	1000010010	1.26638E+01	1.91852E-02	2.73048E-03	-4.94708E-03	-9.67687E-01	-1.21846E-01	2.20760E-01	PRIM
1.66897E-02	1000010010	5.45546E+00	-3.41381E-03	-3.00254E-04	2.73478E-04	9.13815E-01	3.00254E-01	-2.73478E-01	1000010010	5.45546E+00	-1.86651E-02	-5.31140E-03	4.83774E-03	9.13815E-01	3.00254E-01	-2.73478E-01	PRIM
1.66424E-02	1000010010	5.17216E+00	-3.43515E-03	2.22064E-04	-2.75659E-04	9.35240E-01	-2.22086E-01	2.75687E-01	1000010010	5.17216E+00	-1.89998E-02	3.91812E-03	-4.86375E-03	9.35240E-01	-2.22086E-01	2.75687E-01	PRIM
1.74927E-02	1000010010	1.30878E+01	-3.05991E-03	8.11089E-04	-1.69232E-04	5.59907E-01	-8.11089E-01	1.69232E-01	1000010010	1.30878E+01	-1.28542E-02	1.49992E-02	-3.12955E-03	5.59907E-01	-8.11089E-01	1.69232E-01	PRIM
1.94304E-02	1000010010	5.73329E+00	-2.26848E-03	9.12351E-04	3.37661E-04	-2.31517E-01	-9.12351E-01	-3.37661E-01	1000010010	5.73329E+00	2.22998E-03	1.86397E-02	6.89854E-03	-2.31517E-01	-9.12351E-01	-3.37661E-01	PRIM
1.66876E-02	1000010010	5.60453E+00	-3.41474E-03	-8.42190E-05	3.95172E-04	9.14738E-01	8.42190E-02	-3.95172E-01	1000010010	5.60453E+00	-1.86796E-02	-1.48963E-03	6.98966E-03	9.14738E-01	8.42190E-02	-3.95172E-01	PRIM
2.06564E-02	1000010010	8.45152E+00	-1.80507E-03	-6.76632E-04	-2.43398E-04	-6.94929E-01	6.76632E-01	2.43398E-01	1000010010	8.45152E+00	1.25496E-02	-1.46534E-02	-5.27111E-03	-6.94929E-01	6.76632E-01	2.43398E-01	PRIM
1.91420E-02	1000010010	3.35264E+01	-2.38139E-03	1.83292E-05	9.92671E-04	-1.18623E-01	-1.83311E-02	-9.92770E-01	1000010010	3.35264E+01	-1.10708E-04	3.69223E-04	1.99963E-02	-1.18623E-01	-1.83311E-02	-9.92770E-01	PRIM
2.00242E-02	1000010010	1.25577E+01	-2.04085E-03	8.11639E-04	3.61147E-04	-4.59146E-01	-8.11639E-01	-3.61147E-01	1000010010	1.25577E+01	7.15317E-03	1.70640E-02	7.59282E-03	-4.59146E-01	-8.11639E-01	-3.61147E-01	PRIM
1.75925E-02	1000010010	4.80002E+01	-3.01707E-03	-8.40423E-04	1.62254E-04	5.17071E-01	8.40423E-01	-1.62254E-01	1000010010	4.80002E+01	-1.21137E-02	-1.56256E-02	3.01672E-03	5.17071E-01	8.40423E-01	-1.62254E-01	PRIM
1.78655E-02	1000010010	8.21778E+00	-2.90120E-03	8.03876E-04	4.39116E-04	4.01199E-01	-8.03876E-01	-4.39116E-01	1000010010	8.21778E+00	-1.00688E-02	1.51655E-02	8.28413E-03	4.01199E-01	-8.03876E-01	-4.39116E-01	PRIM
2.14093E-02	1000010010	8.22773E+00	-1.53231E-03	1.21846E-04	-2.20760E-04	-9.67687E-01	-1.21846E-01	2.20760E-01	1000010010	8.22773E+00	1.91852E-02	2.73048E-03	-4.94708E-03	-9.67687E-01	-1.21846E-01	2.20760E-01	PRIM
1.80162E-02	1000010010	6.74604E+00	-2.83796E-03	-4.65892E-04	-8.17758E-04	3.37959E-01	4.65892E-01	8.17758E-01	1000010010	6.74604E+00	-8.92670E-03	-8.85951E-03	-1.55507E-02	3.37959E-01	4.65892E-01	8.17758E-01	PRIM
2.10796E-02	1000010010	1.02875E+01	-1.65073E-03	-5.12780E-04	1.25709E-04	-8.49267E-01	5.12780E-01	-1.25709E-01	1000010010	1.02875E+01	1.62514E-02	-1.13220E-02	2.77559E-03	-8.49267E-01	5.12780E-01	-1.25709E-01	PRIM
1.93728E-02	1000010010	7.68981E+00	-2.29088E-03	-6.02534E-05	9.76032E-04	-2.09121E-01	6.02534E-02	-9.76032E-01	1000010010	7.68981E+00	1.76038E-03	-1.22753E-03	1.98845E-02	-2.09121E-01	6.02534E-02	-9.76032E-01	PRIM
