#	D	ID	E	X	Y	Z	Px	Py	Pz	ID0	E0	X0	Y0	Z0	P0x	P0y	P0z	tag
#
# D             Trajectory length [1 Mpc]
# ID/ID0/ID1    Particle type (PDG MC numbering scheme)
# E/E0/E1       Energy [1 EeV]
# X/X0/X1...    Position [1 Mpc]
# Px/P0x/P1x... Heading (unit vector of momentum)
# tag           Candidate tag can be given by the source feature (user defined tag) or by the following interaction process 
#	ES  	ElasticScattering 
#	EPP 	ElectronPairProduction 
#	EMPP	EMPairProduction
#	EMDP	EMDoublePairProduction
#	EMTP	EMTripletPairProduction 
#	EMIC	EMInverseComptonScattering
#	ND  	NuclearDecay
#	PD  	PhotoDisintegration
#	PPP  	PhotoPionProduction
#	SYN 	SynchrotronRadiation
#	PRIM/SEC	 primary / secondary particle
# no index = current, 0 = at source, 1 = at point of creation
#
# CRPropa version: 3.2-85-g7a40f1f1
#
1.99952E+01	1000010010	1.41166E+01	-8.94428E-03	-2.14240E-04	8.69892E-04	4.44284E-01	2.14240E-01	-8.69892E-01	1000010010	1.41166E+01	-8.89251E+00	-4.28399E+00	1.73946E+01	4.44284E-01	2.14240E-01	-8.69892E-01	PRIM
2.00070E+01	1000010010	8.91557E+00	-8.41645E-03	-3.58190E-05	-4.16627E-05	-8.35537E-01	3.58190E-01	4.16627E-01	1000010010	8.91557E+00	1.67082E+01	-7.16635E+00	-8.33550E+00	-8.35537E-01	3.58190E-01	4.16627E-01	PRIM
2.00000E+01	1000010010	5.69760E+00	-8.38299E-03	-2.04613E-04	9.71824E-04	-1.17014E-01	2.04613E-01	-9.71824E-01	1000010010	5.69760E+00	2.33189E+00	-4.09246E+00	1.94374E+01	-1.17014E-01	2.04613E-01	-9.71824E-01	PRIM
1.99940E+01	1000010010	6.79116E+01	-9.08456E-03	-3.00652E-04	7.53592E-04	5.84557E-01	3.00652E-01	-7.53592E-01	1000010010	6.79116E+01	-1.16967E+01	-6.01154E+00	1.50681E+01	5.84557E-01	3.00652E-01	-7.53592E-01	PRIM
1.99969E+01	1000010010	6.63903E+00	-8.53569E-03	-3.37616E-05	-8.71011E-05	3.56867E-01	3.37616E-01	8.71011E-01	1000010010	6.63903E+00	-7.14476E+00	-6.75130E+00	-1.74176E+01	3.56867E-01	3.37616E-01	8.71011E-01	PRIM
1.99976E+01	1000010010	1.85989E+01	-8.52680E-03	-2.44077E-05	-9.31976E-05	2.68041E-01	2.44077E-01	9.31976E-01	1000010010	1.85989E+01	-5.36871E+00	-4.88099E+00	-1.86374E+01	2.68041E-01	2.44077E-01	9.31976E-01	PRIM
2.00019E+01	1000010010	2.01023E+01	-8.16408E-03	6.34826E-04	6.95811E-04	-3.35921E-01	-6.34826E-01	-6.95811E-01	1000010010	2.01023E+01	6.71088E+00	1.26983E+01	1.39182E+01	-3.35921E-01	-6.34826E-01	-6.95811E-01	PRIM
2.00018E+01	1000010010	6.30204E+00	-8.37426E-03	4.52587E-04	2.49529E-05	-2.67302E-01	-9.62152E-01	-5.30471E-02	1000010010	6.30204E+00	5.33815E+00	1.92452E+01	1.06106E+00	-2.67302E-01	-9.62152E-01	-5.30471E-02	PRIM
2.00043E+01	1000010010	2.05828E+01	-7.88067E-03	-4.16312E-04	-6.65673E-04	-6.19325E-01	4.16312E-01	6.65673E-01	1000010010	2.05828E+01	1.23813E+01	-8.32843E+00	-1.33170E+01	-6.19325E-01	4.16312E-01	6.65673E-01	PRIM
1.99957E+01	1000010010	1.53880E+01	-8.88772E-03	6.73003E-05	9.19318E-04	3.87718E-01	-6.73003E-02	-9.19318E-01	1000010010	1.53880E+01	-7.76158E+00	1.34578E+00	1.83833E+01	3.87718E-01	-6.73003E-02	-9.19318E-01	PRIM
2.00018E+01	1000010010	1.06503E+01	-8.24609E-03	-6.80536E-05	7.79320E-04	-3.08717E-01	8.27440E-02	-9.47548E-01	1000010010	1.06503E+01	6.16665E+00	-1.65510E+00	1.89534E+01	-3.08717E-01	8.27440E-02	-9.47548E-01	PRIM
2.00006E+01	1000010010	8.59390E+01	-8.31178E-03	-9.73989E-04	1.26167E-04	-1.88221E-01	9.73989E-01	-1.26167E-01	1000010010	8.59390E+01	3.75622E+00	-1.94813E+01	2.52354E+00	-1.88221E-01	9.73989E-01	-1.26167E-01	PRIM
1.99976E+01	1000010010	7.44011E+01	-8.52680E-03	-2.44077E-05	-9.31976E-05	2.68041E-01	2.44077E-01	9.31976E-01	1000010010	7.44011E+01	-5.36871E+00	-4.88099E+00	-1.86374E+01	2.68041E-01	2.44077E-01	9.31976E-01	PRIM
2.00062E+01	1000010010	6.05279E+00	-8.42646E-03	6.67619E-05	1.15990E-05	-7.35412E-01	-6.67619E-01	-1.15990E-01	1000010010	6.05279E+00	1.47043E+01	1.33566E+01	2.32053E+00	-7.35412E-01	-6.67619E-01	-1.15990E-01	PRIM
1.99964E+01	1000010010	1.14280E+01	-8.81032E-03	-7.10276E-04	-6.31829E-04	3.10322E-01	7.10276E-01	6.31829E-01	1000010010	1.14280E+01	-6.21411E+00	-1.42037E+01	-1.26349E+01	3.10322E-01	7.10276E-01	6.31829E-01	PRIM
2.00026E+01	1000010010	5.34970E+00	-8.07561E-03	-4.05975E-04	-8.09367E-04	-4.24394E-01	4.05975E-01	8.09367E-01	1000010010	5.34970E+00	8.48091E+00	-8.12096E+00	-1.61903E+01	-4.24394E-01	4.05975E-01	8.09367E-01	PRIM
1.99935E+01	1000010010	5.03986E+00	-9.14246E-03	7.50165E-04	-1.56520E-04	6.42459E-01	-7.50165E-01	1.56520E-01	1000010010	5.03986E+00	-1.28542E+01	1.49992E+01	-3.12955E+00	6.42459E-01	-7.50165E-01	1.56520E-01	PRIM
2.00042E+01	1000010010	5.65720E+00	-7.88721E-03	-5.21824E-04	5.93454E-04	-6.12791E-01	5.21824E-01	-5.93454E-01	1000010010	5.65720E+00	1.22505E+01	-1.04392E+01	1.18722E+01	-6.12791E-01	5.21824E-01	-5.93454E-01	PRIM
1.99952E+01	1000010010	1.79099E+01	-8.94428E-03	-2.14240E-04	8.69892E-04	4.44284E-01	2.14240E-01	-8.69892E-01	1000010010	1.79099E+01	-8.89251E+00	-4.28399E+00	1.73946E+01	4.44284E-01	2.14240E-01	-8.69892E-01	PRIM
2.00043E+01	1000010010	1.66167E+01	-7.87819E-03	4.96719E-04	-6.05497E-04	-6.21807E-01	-4.96719E-01	6.05497E-01	1000010010	1.66167E+01	1.24309E+01	9.93700E+00	-1.21131E+01	-6.21807E-01	-4.96719E-01	6.05497E-01	PRIM
2.00019E+01	1000010010	1.06819E+01	-8.16408E-03	6.34826E-04	6.95811E-04	-3.35921E-01	-6.34826E-01	-6.95811E-01	1000010010	1.06819E+01	6.71088E+00	1.26983E+01	1.39182E+01	-3.35921E-01	-6.34826E-01	-6.95811E-01	PRIM
1.99949E+01	1000010010	8.17439E+00	-8.55851E-03	-5.71220E-05	5.75670E-05	5.85074E-01	5.71220E-01	-5.75670E-01	1000010010	8.17439E+00	-1.17071E+01	-1.14216E+01	1.15105E+01	5.85074E-01	5.71220E-01	-5.75670E-01	PRIM
1.99999E+01	1000010010	1.28502E+01	-8.39149E-03	3.31285E-04	-9.37270E-04	-1.08511E-01	-3.31285E-01	9.37270E-01	1000010010	1.28502E+01	2.16182E+00	6.62601E+00	-1.87463E+01	-1.08511E-01	-3.31285E-01	9.37270E-01	PRIM
1.99943E+01	1000010010	5.06701E+00	-9.05620E-03	-8.04472E-04	-2.08483E-04	5.56200E-01	8.04472E-01	2.08483E-01	1000010010	5.06701E+00	-1.11299E+01	-1.60856E+01	-4.16868E+00	5.56200E-01	8.04472E-01	2.08483E-01	PRIM
1.99935E+01	1000010010	1.75981E+01	-9.14569E-03	5.88707E-04	-4.86319E-04	6.45692E-01	-5.88707E-01	4.86319E-01	1000010010	1.75981E+01	-1.29188E+01	1.17709E+01	-9.72372E+00	6.45692E-01	-5.88707E-01	4.86319E-01	PRIM
2.00018E+01	1000010010	2.11878E+01	-8.46979E-03	-7.54961E-06	-1.29023E-04	-2.27581E-01	5.68809E-02	9.72096E-01	1000010010	2.11878E+01	4.54356E+00	-1.13773E+00	-1.94438E+01	-2.27581E-01	5.68809E-02	9.72096E-01	PRIM
1.99986E+01	1000010010	7.98546E+00	-8.54761E-03	-1.01821E-04	9.93663E-04	4.76111E-02	1.01821E-01	-9.93663E-01	1000010010	7.98546E+00	-9.60702E-01	-2.03639E+00	1.98729E+01	4.76111E-02	1.01821E-01	-9.93663E-01	PRIM
2.00073E+01	1000010010	1.27990E+01	-8.41348E-03	-1.24263E-05	-4.85791E-05	-8.65197E-01	1.24263E-01	4.85791E-01	1000010010	1.27990E+01	1.73018E+01	-2.48618E+00	-9.71939E+00	-8.65197E-01	1.24263E-01	4.85791E-01	PRIM
1.99952E+01	1000010010	7.69929E+00	-8.94289E-03	-7.44287E-04	4.99882E-04	4.42893E-01	7.44287E-01	-4.99882E-01	1000010010	7.69929E+00	-8.86470E+00	-1.48829E+01	9.99575E+00	4.42893E-01	7.44287E-01	-4.99882E-01	PRIM
1.99955E+01	1000010010	7.44574E+00	-8.55197E-03	-7.46199E-05	4.16070E-05	5.19686E-01	7.46199E-01	-4.16070E-01	1000010010	7.44574E+00	-1.03999E+01	-1.49207E+01	8.31955E+00	5.19686E-01	7.46199E-01	-4.16070E-01	PRIM
1.99994E+01	1000010010	5.73803E+00	-8.45839E-03	1.69021E-04	-9.84734E-04	-4.16147E-02	-1.69021E-01	9.84734E-01	1000010010	5.73803E+00	8.23808E-01	3.38048E+00	-1.96950E+01	-4.16147E-02	-1.69021E-01	9.84734E-01	PRIM
1.99998E+01	1000010010	6.89467E+01	-8.40459E-03	2.59878E-05	-9.95099E-04	-9.54065E-02	-2.59878E-02	9.95099E-01	1000010010	6.89467E+01	1.89971E+00	5.19776E-01	-1.99028E+01	-9.54065E-02	-2.59878E-02	9.95099E-01	PRIM
1.99956E+01	1000010010	1.14783E+01	-8.55031E-03	7.58437E-05	4.14295E-05	5.03123E-01	-7.58437E-01	-4.14295E-01	1000010010	1.14783E+01	-1.00688E+01	1.51655E+01	8.28413E+00	5.03123E-01	-7.58437E-01	-4.14295E-01	PRIM
1.99984E+01	1000010010	1.16868E+01	-8.57097E-03	5.11714E-06	9.97465E-04	7.09737E-02	-5.11714E-03	-9.97465E-01	1000010010	1.16868E+01	-1.42793E+00	1.02340E-01	1.99487E+01	7.09737E-02	-5.11714E-03	-9.97465E-01	PRIM
1.99991E+01	1000010010	6.06005E+00	-8.48435E-03	5.83190E-04	-8.12185E-04	-1.56470E-02	-5.83190E-01	8.12185E-01	1000010010	6.06005E+00	3.04442E-01	1.16639E+01	-1.62438E+01	-1.56470E-02	-5.83190E-01	8.12185E-01	PRIM
2.00044E+01	1000010010	2.62416E+01	-7.86089E-03	3.76418E-04	6.70711E-04	-6.39105E-01	-3.76418E-01	-6.70711E-01	1000010010	2.62416E+01	1.27771E+01	7.53040E+00	1.34179E+01	-6.39105E-01	-3.76418E-01	-6.70711E-01	PRIM
2.00007E+01	1000010010	3.16155E+01	-8.29542E-03	3.43966E-04	9.16425E-04	-2.04579E-01	-3.43966E-01	-9.16425E-01	1000010010	3.16155E+01	4.08343E+00	6.87992E+00	1.83301E+01	-2.04579E-01	-3.43966E-01	-9.16425E-01	PRIM
1.99981E+01	1000010010	1.50312E+01	-8.60211E-03	2.11113E-05	-9.94549E-04	1.02115E-01	-2.11113E-02	9.94549E-01	1000010010	1.50312E+01	-2.05071E+00	4.22208E-01	-1.98901E+01	1.02115E-01	-2.11113E-02	9.94549E-01	PRIM
2.00018E+01	1000010010	6.01552E+00	-8.46375E-03	7.22887E-05	1.34907E-04	-2.30470E-01	-4.59594E-01	-8.57704E-01	1000010010	6.01552E+00	4.60136E+00	9.19278E+00	1.71558E+01	-2.30470E-01	-4.59594E-01	-8.57704E-01	PRIM
1.99916E+01	1000010010	8.40093E+00	-8.59793E-03	-1.13226E-05	-1.67827E-05	9.79293E-01	1.13226E-01	1.67827E-01	1000010010	8.40093E+00	-1.95862E+01	-2.26358E+00	-3.35515E+00	9.79293E-01	1.13226E-01	1.67827E-01	PRIM
2.00008E+01	1000010010	3.64545E+01	-8.29271E-03	-8.60995E-04	-4.64454E-04	-2.07293E-01	8.60995E-01	4.64454E-01	1000010010	3.64545E+01	4.13773E+00	-1.72214E+01	-9.28990E+00	-2.07293E-01	8.60995E-01	4.64454E-01	PRIM
2.00007E+01	1000010010	5.85557E+00	-8.29542E-03	3.43966E-04	9.16425E-04	-2.04579E-01	-3.43966E-01	-9.16425E-01	1000010010	5.85557E+00	4.08343E+00	6.87992E+00	1.83301E+01	-2.04579E-01	-3.43966E-01	-9.16425E-01	PRIM
1.99912E+01	1000010010	7.14001E+00	-9.42152E-03	3.77176E-04	9.24458E-05	9.21516E-01	-3.77176E-01	-9.24458E-02	1000010010	7.14001E+00	-1.84316E+01	7.54057E+00	1.84819E+00	9.21516E-01	-3.77176E-01	-9.24458E-02	PRIM
1.99978E+01	1000010010	5.89567E+00	-8.64519E-03	-1.53951E-04	-9.77353E-04	1.45191E-01	1.53951E-01	9.77353E-01	1000010010	5.89567E+00	-2.91215E+00	-3.07882E+00	-1.95458E+01	1.45191E-01	1.53951E-01	9.77353E-01	PRIM
1.99993E+01	1000010010	5.40238E+00	-8.50703E-03	-3.35383E-05	9.39452E-05	7.03401E-02	3.35383E-01	-9.39452E-01	1000010010	5.40238E+00	-1.41526E+00	-6.70747E+00	1.87885E+01	7.03401E-02	3.35383E-01	-9.39452E-01	PRIM
2.00038E+01	1000010010	6.47275E+00	-7.93007E-03	-5.26020E-04	-6.31256E-04	-5.69930E-01	5.26020E-01	6.31256E-01	1000010010	6.47275E+00	1.13929E+01	-1.05229E+01	-1.26282E+01	-5.69930E-01	5.26020E-01	6.31256E-01	PRIM
1.99990E+01	1000010010	5.11359E+00	-8.50131E-03	-2.73558E-05	9.99625E-04	1.31214E-03	2.73558E-02	-9.99625E-01	1000010010	5.11359E+00	-3.47428E-02	-5.47116E-01	1.99925E+01	1.31214E-03	2.73558E-02	-9.99625E-01	PRIM
1.99998E+01	1000010010	6.74469E+00	-8.50151E-03	-7.76540E-06	9.96866E-05	1.50832E-02	7.76540E-02	-9.96866E-01	1000010010	6.74469E+00	-3.10163E-01	-1.55307E+00	1.99372E+01	1.50832E-02	7.76540E-02	-9.96866E-01	PRIM
1.99923E+01	1000010010	7.27037E+00	-9.28715E-03	-6.02367E-04	-1.32495E-04	7.87146E-01	6.02367E-01	1.32495E-01	1000010010	7.27037E+00	-1.57462E+01	-1.20433E+01	-2.64901E+00	7.87146E-01	6.02367E-01	1.32495E-01	PRIM
1.99921E+01	1000010010	6.76958E+00	-9.31486E-03	-2.61336E-04	5.17408E-04	8.14858E-01	2.61336E-01	-5.17408E-01	1000010010	6.76958E+00	-1.63000E+01	-5.22490E+00	1.03446E+01	8.14858E-01	2.61336E-01	-5.17408E-01	PRIM
1.99948E+01	1000010010	9.29472E+00	-8.99178E-03	-6.17855E-04	-6.13520E-04	4.91780E-01	6.17855E-01	6.13520E-01	1000010010	9.29472E+00	-9.84205E+00	-1.23545E+01	-1.22678E+01	4.91780E-01	6.17855E-01	6.13520E-01	PRIM
1.99923E+01	1000010010	7.08440E+00	-9.28715E-03	-6.02367E-04	-1.32495E-04	7.87146E-01	6.02367E-01	1.32495E-01	1000010010	7.08440E+00	-1.57462E+01	-1.20433E+01	-2.64901E+00	7.87146E-01	6.02367E-01	1.32495E-01	PRIM
2.00038E+01	1000010010	2.42202E+01	-7.93007E-03	-5.26020E-04	-6.31256E-04	-5.69930E-01	5.26020E-01	6.31256E-01	1000010010	2.42202E+01	1.13929E+01	-1.05229E+01	-1.26282E+01	-5.69930E-01	5.26020E-01	6.31256E-01	PRIM
2.00072E+01	1000010010	1.92125E+01	-8.41463E-03	-5.02941E-05	1.35168E-05	-8.53686E-01	5.02941E-01	-1.35168E-01	1000010010	1.92125E+01	1.70714E+01	-1.00625E+01	2.70434E+00	-8.53686E-01	5.02941E-01	-1.35168E-01	PRIM
1.99952E+01	1000010010	8.90045E+00	-8.94428E-03	-2.14240E-04	8.69892E-04	4.44284E-01	2.14240E-01	-8.69892E-01	1000010010	8.90045E+00	-8.89251E+00	-4.28399E+00	1.73946E+01	4.44284E-01	2.14240E-01	-8.69892E-01	PRIM
1.99961E+01	1000010010	6.24652E+00	-8.84273E-03	-6.59451E-04	-6.69072E-04	3.42734E-01	6.59451E-01	6.69072E-01	1000010010	6.24652E+00	-6.86219E+00	-1.31871E+01	-1.33795E+01	3.42734E-01	6.59451E-01	6.69072E-01	PRIM
2.00073E+01	1000010010	1.22969E+01	-8.41348E-03	-1.24263E-05	-4.85791E-05	-8.65197E-01	1.24263E-01	4.85791E-01	1000010010	1.22969E+01	1.73018E+01	-2.48618E+00	-9.71939E+00	-8.65197E-01	1.24263E-01	4.85791E-01	PRIM
1.99999E+01	1000010010	6.97559E+00	-8.38808E-03	9.31939E-04	3.44911E-04	-1.11919E-01	-9.31939E-01	-3.44911E-01	1000010010	6.97559E+00	2.22998E+00	1.86397E+01	6.89854E+00	-1.11919E-01	-9.31939E-01	-3.44911E-01	PRIM
2.00000E+01	1000010010	8.22588E+00	-8.38110E-03	-1.08209E-04	-9.86992E-04	-1.18899E-01	1.08209E-01	9.86992E-01	1000010010	8.22588E+00	2.36961E+00	-2.16430E+00	-1.97408E+01	-1.18899E-01	1.08209E-01	9.86992E-01	PRIM
2.00004E+01	1000010010	7.80434E+00	-8.34055E-03	3.06760E-04	9.38337E-04	-1.59446E-01	-3.06760E-01	-9.38337E-01	1000010010	7.80434E+00	3.18063E+00	6.13561E+00	1.87680E+01	-1.59446E-01	-3.06760E-01	-9.38337E-01	PRIM
2.00046E+01	1000010010	1.27702E+01	-7.84521E-03	-7.31181E-04	1.91381E-04	-6.54789E-01	7.31181E-01	-1.91381E-01	1000010010	1.27702E+01	1.30909E+01	-1.46277E+01	3.82868E+00	-6.54789E-01	7.31181E-01	-1.91381E-01	PRIM
2.00029E+01	1000010010	5.12903E+00	-8.03845E-03	5.07415E-04	7.27667E-04	-4.61553E-01	-5.07415E-01	-7.27667E-01	1000010010	5.12903E+00	9.22438E+00	1.01503E+01	1.45562E+01	-4.61553E-01	-5.07415E-01	-7.27667E-01	PRIM
2.00062E+01	1000010010	1.55552E+01	-8.42646E-03	6.67619E-05	1.15990E-05	-7.35412E-01	-6.67619E-01	-1.15990E-01	1000010010	1.55552E+01	1.47043E+01	1.33566E+01	2.32053E+00	-7.35412E-01	-6.67619E-01	-1.15990E-01	PRIM
1.99994E+01	1000010010	7.07715E+00	-8.44711E-03	6.29720E-05	9.96613E-04	-5.28916E-02	-6.29720E-02	-9.96613E-01	1000010010	7.07715E+00	1.04935E+00	1.25947E+00	1.99327E+01	-5.28916E-02	-6.29720E-02	-9.96613E-01	PRIM
2.00018E+01	1000010010	6.54205E+00	-8.24609E-03	-6.80536E-05	7.79320E-04	-3.08717E-01	8.27440E-02	-9.47548E-01	1000010010	6.54205E+00	6.16665E+00	-1.65510E+00	1.89534E+01	-3.08717E-01	8.27440E-02	-9.47548E-01	PRIM
1.99983E+01	1000010010	3.82056E+01	-8.58541E-03	8.77650E-04	4.71631E-04	8.54137E-02	-8.77650E-01	-4.71631E-01	1000010010	3.82056E+01	-1.71671E+00	1.75524E+01	9.43227E+00	8.54137E-02	-8.77650E-01	-4.71631E-01	PRIM
1.99937E+01	1000010010	5.24565E+00	-9.12692E-03	-3.24571E-05	7.78409E-04	6.26918E-01	3.24571E-02	-7.78409E-01	1000010010	5.24565E+00	-1.25435E+01	-6.48970E-01	1.55640E+01	6.26918E-01	3.24571E-02	-7.78409E-01	PRIM
1.99969E+01	1000010010	1.20494E+01	-8.75186E-03	6.80665E-04	6.87939E-04	2.51864E-01	-6.80665E-01	-6.87939E-01	1000010010	1.20494E+01	-5.04525E+00	1.36118E+01	1.37573E+01	2.51864E-01	-6.80665E-01	-6.87939E-01	PRIM
2.00070E+01	1000010010	1.01941E+01	-8.41645E-03	-3.58190E-05	-4.16627E-05	-8.35537E-01	3.58190E-01	4.16627E-01	1000010010	1.01941E+01	1.67082E+01	-7.16635E+00	-8.33550E+00	-8.35537E-01	3.58190E-01	4.16627E-01	PRIM
2.00018E+01	1000010010	2.77615E+01	-8.44831E-03	-2.05156E-04	5.08203E-05	-2.37563E-01	9.42874E-01	-2.33565E-01	1000010010	2.77615E+01	4.74325E+00	-1.88594E+01	4.67177E+00	-2.37563E-01	9.42874E-01	-2.33565E-01	PRIM
1.99982E+01	1000010010	6.71505E+00	-8.59949E-03	-3.29035E-05	9.94495E-04	9.94866E-02	3.29035E-02	-9.94495E-01	1000010010	6.71505E+00	-1.99815E+00	-6.58041E-01	1.98891E+01	9.94866E-02	3.29035E-02	-9.94495E-01	PRIM
2.00072E+01	1000010010	1.05946E+01	-8.41463E-03	-5.02941E-05	1.35168E-05	-8.53686E-01	5.02941E-01	-1.35168E-01	1000010010	1.05946E+01	1.70714E+01	-1.00625E+01	2.70434E+00	-8.53686E-01	5.02941E-01	-1.35168E-01	PRIM
1.99998E+01	1000010010	8.76126E+00	-8.40861E-03	-2.05652E-04	9.74349E-04	-9.13865E-02	2.05652E-01	-9.74349E-01	1000010010	8.76126E+00	1.81930E+00	-4.11321E+00	1.94877E+01	-9.13865E-02	2.05652E-01	-9.74349E-01	PRIM
2.00018E+01	1000010010	5.59700E+00	-8.46375E-03	7.22887E-05	1.34907E-04	-2.30470E-01	-4.59594E-01	-8.57704E-01	1000010010	5.59700E+00	4.60136E+00	9.19278E+00	1.71558E+01	-2.30470E-01	-4.59594E-01	-8.57704E-01	PRIM
1.99923E+01	1000010010	1.85381E+01	-9.28315E-03	-3.39057E-04	5.21257E-04	7.83155E-01	3.39057E-01	-5.21257E-01	1000010010	1.85381E+01	-1.56664E+01	-6.77887E+00	1.04217E+01	7.83155E-01	3.39057E-01	-5.21257E-01	PRIM
1.99980E+01	1000010010	8.13280E+00	-8.61436E-03	-7.15630E-04	6.89055E-04	1.14356E-01	7.15630E-01	-6.89055E-01	1000010010	8.13280E+00	-2.29551E+00	-1.43119E+01	1.37804E+01	1.14356E-01	7.15630E-01	-6.89055E-01	PRIM
1.99984E+01	1000010010	5.05471E+00	-8.56471E-03	8.75505E-04	4.78857E-04	6.47125E-02	-8.75505E-01	-4.78857E-01	1000010010	5.05471E+00	-1.30271E+00	1.75096E+01	9.57687E+00	6.47125E-02	-8.75505E-01	-4.78857E-01	PRIM
1.99965E+01	1000010010	5.36911E+00	-8.79799E-03	-7.10632E-04	6.37339E-04	2.97995E-01	7.10632E-01	-6.37339E-01	1000010010	5.36911E+00	-5.96764E+00	-1.42108E+01	1.27452E+01	2.97995E-01	7.10632E-01	-6.37339E-01	PRIM
1.99912E+01	1000010010	1.03418E+01	-9.42152E-03	3.77176E-04	9.24458E-05	9.21516E-01	-3.77176E-01	-9.24458E-02	1000010010	1.03418E+01	-1.84316E+01	7.54057E+00	1.84819E+00	9.21516E-01	-3.77176E-01	-9.24458E-02	PRIM
1.99998E+01	1000010010	6.29953E+00	-8.50151E-03	-7.76540E-06	9.96866E-05	1.50832E-02	7.76540E-02	-9.96866E-01	1000010010	6.29953E+00	-3.10163E-01	-1.55307E+00	1.99372E+01	1.50832E-02	7.76540E-02	-9.96866E-01	PRIM
1.99912E+01	1000010010	8.00738E+01	-9.42152E-03	3.77176E-04	9.24458E-05	9.21516E-01	-3.77176E-01	-9.24458E-02	1000010010	8.00738E+01	-1.84316E+01	7.54057E+00	1.84819E+00	9.21516E-01	-3.77176E-01	-9.24458E-02	PRIM
1.99929E+01	1000010010	7.07073E+00	-9.21440E-03	4.90303E-04	-4.99232E-04	7.14402E-01	-4.90303E-01	4.99232E-01	1000010010	7.07073E+00	-1.42922E+01	9.80309E+00	-9.98161E+00	7.14402E-01	-4.90303E-01	4.99232E-01	PRIM
1.99983E+01	1000010010	1.38043E+01	-8.58306E-03	-1.93762E-04	9.77526E-04	8.30619E-02	1.93762E-01	-9.77526E-01	1000010010	1.38043E+01	-1.66968E+00	-3.87510E+00	1.95498E+01	8.30619E-02	1.93762E-01	-9.77526E-01	PRIM
1.99982E+01	1000010010	6.11571E+00	-8.59949E-03	-3.29035E-05	9.94495E-04	9.94866E-02	3.29035E-02	-9.94495E-01	1000010010	6.11571E+00	-1.99815E+00	-6.58041E-01	1.98891E+01	9.94866E-02	3.29035E-02	-9.94495E-01	PRIM
2.00043E+01	1000010010	7.90654E+00	-8.44795E-03	-8.52310E-05	-5.15224E-06	-5.20493E-01	8.52310E-01	5.15224E-02	1000010010	7.90654E+00	1.04037E+01	-1.70500E+01	-1.03068E+00	-5.20493E-01	8.52310E-01	5.15224E-02	PRIM
1.99949E+01	1000010010	1.25935E+01	-8.55893E-03	-5.03320E-05	6.31973E-05	5.89304E-01	5.03320E-01	-6.31973E-01	1000010010	1.25935E+01	-1.17916E+01	-1.00639E+01	1.26363E+01	5.89304E-01	5.03320E-01	-6.31973E-01	PRIM
1.99952E+01	1000010010	1.03707E+01	-8.94428E-03	-2.14240E-04	8.69892E-04	4.44284E-01	2.14240E-01	-8.69892E-01	1000010010	1.03707E+01	-8.89251E+00	-4.28399E+00	1.73946E+01	4.44284E-01	2.14240E-01	-8.69892E-01	PRIM
2.00072E+01	1000010010	5.51235E+00	-8.41463E-03	-5.02941E-05	1.35168E-05	-8.53686E-01	5.02941E-01	-1.35168E-01	1000010010	5.51235E+00	1.70714E+01	-1.00625E+01	2.70434E+00	-8.53686E-01	5.02941E-01	-1.35168E-01	PRIM
1.99952E+01	1000010010	9.80542E+00	-8.94599E-03	-4.43059E-04	-7.77681E-04	4.45994E-01	4.43059E-01	7.77681E-01	1000010010	9.80542E+00	-8.92670E+00	-8.85951E+00	-1.55507E+01	4.45994E-01	4.43059E-01	7.77681E-01	PRIM
2.00018E+01	1000010010	3.05023E+01	-8.43331E-03	1.47009E-04	-2.20392E-04	-2.44104E-01	-5.38125E-01	8.06743E-01	1000010010	3.05023E+01	4.87409E+00	1.07636E+01	-1.61365E+01	-2.44104E-01	-5.38125E-01	8.06743E-01	PRIM
2.00051E+01	1000010010	1.28988E+01	-7.78498E-03	6.57419E-04	-2.37782E-04	-7.15024E-01	-6.57419E-01	2.37782E-01	1000010010	1.28988E+01	1.42963E+01	1.31524E+01	-4.75709E+00	-7.15024E-01	-6.57419E-01	2.37782E-01	PRIM
1.99991E+01	1000010010	8.40127E+00	-8.48435E-03	5.83190E-04	-8.12185E-04	-1.56470E-02	-5.83190E-01	8.12185E-01	1000010010	8.40127E+00	3.04442E-01	1.16639E+01	-1.62438E+01	-1.56470E-02	-5.83190E-01	8.12185E-01	PRIM
2.00043E+01	1000010010	2.76396E+01	-8.44795E-03	-8.52310E-05	-5.15224E-06	-5.20493E-01	8.52310E-01	5.15224E-02	1000010010	2.76396E+01	1.04037E+01	-1.70500E+01	-1.03068E+00	-5.20493E-01	8.52310E-01	5.15224E-02	PRIM
1.99956E+01	1000010010	6.34784E+00	-8.89748E-03	8.93388E-04	-2.09444E-04	3.97482E-01	-8.93388E-01	2.09444E-01	1000010010	6.34784E+00	-7.95680E+00	1.78647E+01	-4.18816E+00	3.97482E-01	-8.93388E-01	2.09444E-01	PRIM
1.99992E+01	1000010010	1.05554E+01	-8.47920E-03	5.61181E-04	-8.27432E-04	-2.08028E-02	-5.61181E-01	8.27432E-01	1000010010	1.05554E+01	4.07560E-01	1.12237E+01	-1.65488E+01	-2.08028E-02	-5.61181E-01	8.27432E-01	PRIM
2.00018E+01	1000010010	7.17921E+00	-8.43331E-03	1.47009E-04	-2.20392E-04	-2.44104E-01	-5.38125E-01	8.06743E-01	1000010010	7.17921E+00	4.87409E+00	1.07636E+01	-1.61365E+01	-2.44104E-01	-5.38125E-01	8.06743E-01	PRIM
1.99998E+01	1000010010	6.02728E+00	-8.40771E-03	9.10848E-05	-9.91557E-04	-9.22894E-02	-9.10848E-02	9.91557E-01	1000010010	6.02728E+00	1.83736E+00	1.82177E+00	-1.98319E+01	-9.22894E-02	-9.10848E-02	9.91557E-01	PRIM
2.00018E+01	1000010010	1.40663E+01	-8.37204E-03	2.24190E-04	4.01418E-04	-2.68109E-01	-4.69751E-01	-8.41102E-01	1000010010	1.40663E+01	5.35430E+00	9.39608E+00	1.68239E+01	-2.68109E-01	-4.69751E-01	-8.41102E-01	PRIM
1.99994E+01	1000010010	5.17851E+00	-8.44799E-03	2.21852E-05	-9.98400E-04	-5.20138E-02	-2.21852E-02	9.98400E-01	1000010010	5.17851E+00	1.03180E+00	4.43713E-01	-1.99684E+01	-5.20138E-02	-2.21852E-02	9.98400E-01	PRIM
2.00053E+01	1000010010	1.40116E+01	-7.75465E-03	-6.15293E-05	-6.63825E-04	-7.45352E-01	6.15293E-02	6.63825E-01	1000010010	1.40116E+01	1.49033E+01	-1.23098E+00	-1.32807E+01	-7.45352E-01	6.15293E-02	6.63825E-01	PRIM
1.99967E+01	1000010010	5.42833E+00	-8.76463E-03	6.89180E-04	6.74539E-04	2.64629E-01	-6.89180E-01	-6.74539E-01	1000010010	5.42833E+00	-5.30048E+00	1.37820E+01	1.34893E+01	2.64629E-01	-6.89180E-01	-6.74539E-01	PRIM
2.00059E+01	1000010010	8.59230E+00	-7.68728E-03	-5.65902E-04	1.38732E-04	-8.12716E-01	5.65902E-01	-1.38732E-01	1000010010	8.59230E+00	1.62514E+01	-1.13220E+01	2.77559E+00	-8.12716E-01	5.65902E-01	-1.38732E-01	PRIM
2.00020E+01	1000010010	7.38654E+00	-8.15184E-03	-5.04196E-04	7.90297E-04	-3.48162E-01	5.04196E-01	-7.90297E-01	1000010010	7.38654E+00	6.95576E+00	-1.00854E+01	1.58083E+01	-3.48162E-01	5.04196E-01	-7.90297E-01	PRIM
2.00018E+01	1000010010	5.42551E+00	-8.46979E-03	-7.54961E-06	-1.29023E-04	-2.27581E-01	5.68809E-02	9.72096E-01	1000010010	5.42551E+00	4.54356E+00	-1.13773E+00	-1.94438E+01	-2.27581E-01	5.68809E-02	9.72096E-01	PRIM
1.99935E+01	1000010010	6.39526E+00	-9.14569E-03	5.88707E-04	-4.86319E-04	6.45692E-01	-5.88707E-01	4.86319E-01	1000010010	6.39526E+00	-1.29188E+01	1.17709E+01	-9.72372E+00	6.45692E-01	-5.88707E-01	4.86319E-01	PRIM
2.00020E+01	1000010010	1.17349E+01	-8.15184E-03	-5.04196E-04	7.90297E-04	-3.48162E-01	5.04196E-01	-7.90297E-01	1000010010	1.17349E+01	6.95576E+00	-1.00854E+01	1.58083E+01	-3.48162E-01	5.04196E-01	-7.90297E-01	PRIM
1.99925E+01	1000010010	7.57768E+00	-9.26694E-03	-6.27910E-04	-1.32389E-04	7.66943E-01	6.27910E-01	1.32389E-01	1000010010	7.57768E+00	-1.53424E+01	-1.25541E+01	-2.64691E+00	7.66943E-01	6.27910E-01	1.32389E-01	PRIM
2.00059E+01	1000010010	7.09859E+00	-7.68728E-03	-5.65902E-04	1.38732E-04	-8.12716E-01	5.65902E-01	-1.38732E-01	1000010010	7.09859E+00	1.62514E+01	-1.13220E+01	2.77559E+00	-8.12716E-01	5.65902E-01	-1.38732E-01	PRIM
1.99955E+01	1000010010	5.31896E+00	-8.55197E-03	-7.46199E-05	4.16070E-05	5.19686E-01	7.46199E-01	-4.16070E-01	1000010010	5.31896E+00	-1.03999E+01	-1.49207E+01	8.31955E+00	5.19686E-01	7.46199E-01	-4.16070E-01	PRIM
2.00007E+01	1000010010	1.78166E+01	-8.29542E-03	3.43966E-04	9.16425E-04	-2.04579E-01	-3.43966E-01	-9.16425E-01	1000010010	1.78166E+01	4.08343E+00	6.87992E+00	1.83301E+01	-2.04579E-01	-3.43966E-01	-9.16425E-01	PRIM
2.00047E+01	1000010010	1.02902E+01	-8.44390E-03	-4.62173E-05	-6.86822E-05	-5.60955E-01	4.62173E-01	6.86822E-01	1000010010	1.02902E+01	1.12133E+01	-9.24567E+00	-1.37397E+01	-5.60955E-01	4.62173E-01	6.86822E-01	PRIM
2.00043E+01	1000010010	6.82144E+00	-7.88067E-03	-4.16312E-04	-6.65673E-04	-6.19325E-01	4.16312E-01	6.65673E-01	1000010010	6.82144E+00	1.23813E+01	-8.32843E+00	-1.33170E+01	-6.19325E-01	4.16312E-01	6.65673E-01	PRIM
1.99984E+01	1000010010	9.34168E+00	-8.56471E-03	8.75505E-04	4.78857E-04	6.47125E-02	-8.75505E-01	-4.78857E-01	1000010010	9.34168E+00	-1.30271E+00	1.75096E+01	9.57687E+00	6.47125E-02	-8.75505E-01	-4.78857E-01	PRIM
2.00057E+01	1000010010	9.34176E+00	-7.71434E-03	5.53069E-04	2.77229E-04	-7.85658E-01	-5.53069E-01	-2.77229E-01	1000010010	9.34176E+00	1.57099E+01	1.10651E+01	5.54644E+00	-7.85658E-01	-5.53069E-01	-2.77229E-01	PRIM
2.00004E+01	1000010010	1.14062E+01	-8.32972E-03	3.25288E-04	9.30157E-04	-1.70283E-01	-3.25288E-01	-9.30157E-01	1000010010	1.14062E+01	3.39740E+00	6.50623E+00	1.86045E+01	-1.70283E-01	-3.25288E-01	-9.30157E-01	PRIM
2.00033E+01	1000010010	2.66698E+01	-7.99472E-03	1.38160E-04	8.51826E-04	-5.05277E-01	-1.38160E-01	-8.51826E-01	1000010010	2.66698E+01	1.00992E+01	2.76380E+00	1.70402E+01	-5.05277E-01	-1.38160E-01	-8.51826E-01	PRIM
1.99998E+01	1000010010	5.33496E+00	-8.40459E-03	2.59878E-05	-9.95099E-04	-9.54065E-02	-2.59878E-02	9.95099E-01	1000010010	5.33496E+00	1.89971E+00	5.19776E-01	-1.99028E+01	-9.54065E-02	-2.59878E-02	9.95099E-01	PRIM
1.99983E+01	1000010010	2.53907E+01	-8.58541E-03	8.77650E-04	4.71631E-04	8.54137E-02	-8.77650E-01	-4.71631E-01	1000010010	2.53907E+01	-1.71671E+00	1.75524E+01	9.43227E+00	8.54137E-02	-8.77650E-01	-4.71631E-01	PRIM
2.00008E+01	1000010010	2.65585E+01	-8.29271E-03	-8.60995E-04	-4.64454E-04	-2.07293E-01	8.60995E-01	4.64454E-01	1000010010	2.65585E+01	4.13773E+00	-1.72214E+01	-9.28990E+00	-2.07293E-01	8.60995E-01	4.64454E-01	PRIM
1.99983E+01	1000010010	3.08246E+01	-8.57685E-03	-5.16969E-05	-9.95701E-04	7.68536E-02	5.16969E-02	9.95701E-01	1000010010	3.08246E+01	-1.54552E+00	-1.03390E+00	-1.99134E+01	7.68536E-02	5.16969E-02	9.95701E-01	PRIM
2.00025E+01	1000010010	7.17816E+00	-8.08433E-03	4.82491E-04	-7.70985E-04	-4.15673E-01	-4.82491E-01	7.70985E-01	1000010010	7.17816E+00	8.30643E+00	9.65153E+00	-1.54224E+01	-4.15673E-01	-4.82491E-01	7.70985E-01	PRIM
2.00020E+01	1000010010	5.98278E+00	-8.14197E-03	8.53072E-04	3.79583E-04	-3.58029E-01	-8.53072E-01	-3.79583E-01	1000010010	5.98278E+00	7.15317E+00	1.70640E+01	7.59282E+00	-3.58029E-01	-8.53072E-01	-3.79583E-01	PRIM
1.99922E+01	1000010010	6.10437E+00	-9.29955E-03	8.22365E-05	5.94944E-04	7.99549E-01	-8.22365E-02	-5.94944E-01	1000010010	6.10437E+00	-1.59941E+01	1.64417E+00	1.18948E+01	7.99549E-01	-8.22365E-02	-5.94944E-01	PRIM
1.99999E+01	1000010010	5.42832E+00	-8.39149E-03	3.31285E-04	-9.37270E-04	-1.08511E-01	-3.31285E-01	9.37270E-01	1000010010	5.42832E+00	2.16182E+00	6.62601E+00	-1.87463E+01	-1.08511E-01	-3.31285E-01	9.37270E-01	PRIM
1.99994E+01	1000010010	2.50565E+01	-8.44799E-03	2.21852E-05	-9.98400E-04	-5.20138E-02	-2.21852E-02	9.98400E-01	1000010010	2.50565E+01	1.03180E+00	4.43713E-01	-1.99684E+01	-5.20138E-02	-2.21852E-02	9.98400E-01	PRIM
2.00025E+01	1000010010	3.92088E+01	-8.08433E-03	4.82491E-04	-7.70985E-04	-4.15673E-01	-4.82491E-01	7.70985E-01	1000010010	3.92088E+01	8.30643E+00	9.65153E+00	-1.54224E+01	-4.15673E-01	-4.82491E-01	7.70985E-01	PRIM
1.99999E+01	1000010010	1.61683E+01	-8.39028E-03	-3.10445E-05	9.93477E-04	-1.09723E-01	3.10445E-02	-9.93477E-01	1000010010	1.61683E+01	2.18606E+00	-6.20920E-01	1.98705E+01	-1.09723E-01	3.10445E-02	-9.93477E-01	PRIM
1.99943E+01	1000010010	5.29910E+00	-8.56629E-03	6.34303E-05	3.97786E-05	6.62892E-01	-6.34303E-01	-3.97786E-01	1000010010	5.29910E+00	-1.32626E+01	1.26825E+01	7.95348E+00	6.62892E-01	-6.34303E-01	-3.97786E-01	PRIM
2.00059E+01	1000010010	2.72599E+01	-7.68728E-03	-5.65902E-04	1.38732E-04	-8.12716E-01	5.65902E-01	-1.38732E-01	1000010010	2.72599E+01	1.62514E+01	-1.13220E+01	2.77559E+00	-8.12716E-01	5.65902E-01	-1.38732E-01	PRIM
1.99911E+01	1000010010	9.67864E+00	-9.42785E-03	1.24045E-04	-3.51719E-04	9.27851E-01	-1.24045E-01	3.51719E-01	1000010010	9.67864E+00	-1.85582E+01	2.47991E+00	-7.03160E+00	9.27851E-01	-1.24045E-01	3.51719E-01	PRIM
1.99993E+01	1000010010	9.37311E+00	-8.45934E-03	9.91705E-04	-1.21930E-04	-4.06646E-02	-9.91705E-01	1.21930E-01	1000010010	9.37311E+00	8.04805E-01	1.98344E+01	-2.43864E+00	-4.06646E-02	-9.91705E-01	1.21930E-01	PRIM
2.00004E+01	1000010010	1.50140E+01	-8.49395E-03	1.87574E-06	9.97992E-05	-6.05053E-02	-1.87574E-02	-9.97992E-01	1000010010	1.50140E+01	1.20164E+00	3.75158E-01	1.99603E+01	-6.05053E-02	-1.87574E-02	-9.97992E-01	PRIM
1.99999E+01	1000010010	6.43741E+00	-8.38808E-03	9.31939E-04	3.44911E-04	-1.11919E-01	-9.31939E-01	-3.44911E-01	1000010010	6.43741E+00	2.22998E+00	1.86397E+01	6.89854E+00	-1.11919E-01	-9.31939E-01	-3.44911E-01	PRIM
1.99965E+01	1000010010	2.28823E+01	-8.78983E-03	6.16214E-04	7.32312E-04	2.89826E-01	-6.16214E-01	-7.32312E-01	1000010010	2.28823E+01	-5.80431E+00	1.23228E+01	1.46444E+01	2.89826E-01	-6.16214E-01	-7.32312E-01	PRIM
2.00081E+01	1000010010	1.91154E+01	-8.40407E-03	1.36468E-05	-2.47253E-05	-9.59293E-01	-1.36468E-01	2.47253E-01	1000010010	1.91154E+01	1.91852E+01	2.73048E+00	-4.94708E+00	-9.59293E-01	-1.36468E-01	2.47253E-01	PRIM
1.99998E+01	1000010010	5.89806E+00	-8.40459E-03	2.59878E-05	-9.95099E-04	-9.54065E-02	-2.59878E-02	9.95099E-01	1000010010	5.89806E+00	1.89971E+00	5.19776E-01	-1.99028E+01	-9.54065E-02	-2.59878E-02	9.95099E-01	PRIM
1.99980E+01	1000010010	6.13514E+00	-8.61436E-03	-7.15630E-04	6.89055E-04	1.14356E-01	7.15630E-01	-6.89055E-01	1000010010	6.13514E+00	-2.29551E+00	-1.43119E+01	1.37804E+01	1.14356E-01	7.15630E-01	-6.89055E-01	PRIM
1.99986E+01	1000010010	7.39340E+00	-8.51581E-03	2.83561E-05	-9.45825E-05	1.58140E-01	-2.83561E-01	9.45825E-01	1000010010	7.39340E+00	-3.17109E+00	5.67084E+00	-1.89152E+01	1.58140E-01	-2.83561E-01	9.45825E-01	PRIM
2.00029E+01	1000010010	8.85884E+00	-8.04242E-03	-7.97319E-04	-3.93572E-04	-4.57584E-01	7.97319E-01	3.93572E-01	1000010010	8.85884E+00	9.14497E+00	-1.59495E+01	-7.87297E+00	-4.57584E-01	7.97319E-01	3.93572E-01	PRIM
1.99955E+01	1000010010	5.19510E+00	-8.90983E-03	-9.01893E-04	-1.36478E-04	4.09833E-01	9.01893E-01	1.36478E-01	1000010010	5.19510E+00	-8.20372E+00	-1.80347E+01	-2.72908E+00	4.09833E-01	9.01893E-01	1.36478E-01	PRIM
1.99980E+01	1000010010	6.08165E+01	-8.61401E-03	-2.15443E-05	9.93246E-04	1.14010E-01	2.15443E-02	-9.93246E-01	1000010010	6.08165E+01	-2.28859E+00	-4.30865E-01	1.98640E+01	1.14010E-01	2.15443E-02	-9.93246E-01	PRIM
1.99980E+01	1000010010	5.35532E+00	-8.61401E-03	-2.15443E-05	9.93246E-04	1.14010E-01	2.15443E-02	-9.93246E-01	1000010010	5.35532E+00	-2.28859E+00	-4.30865E-01	1.98640E+01	1.14010E-01	2.15443E-02	-9.93246E-01	PRIM
1.99936E+01	1000010010	7.00473E+00	-9.12971E-03	3.82060E-04	-6.76381E-04	6.29714E-01	-3.82060E-01	6.76381E-01	1000010010	7.00473E+00	-1.25994E+01	7.63915E+00	-1.35240E+01	6.29714E-01	-3.82060E-01	6.76381E-01	PRIM
2.00018E+01	1000010010	2.55135E+01	-8.46979E-03	-7.54961E-06	-1.29023E-04	-2.27581E-01	5.68809E-02	9.72096E-01	1000010010	2.55135E+01	4.54356E+00	-1.13773E+00	-1.94438E+01	-2.27581E-01	5.68809E-02	9.72096E-01	PRIM
2.00004E+01	1000010010	4.66531E+01	-8.49395E-03	1.87574E-06	9.97992E-05	-6.05053E-02	-1.87574E-02	-9.97992E-01	1000010010	4.66531E+01	1.20164E+00	3.75158E-01	1.99603E+01	-6.05053E-02	-1.87574E-02	-9.97992E-01	PRIM
1.99992E+01	1000010010	6.10034E+00	-8.47920E-03	5.61181E-04	-8.27432E-04	-2.08028E-02	-5.61181E-01	8.27432E-01	1000010010	6.10034E+00	4.07560E-01	1.12237E+01	-1.65488E+01	-2.08028E-02	-5.61181E-01	8.27432E-01	PRIM
1.99967E+01	1000010010	5.88985E+00	-8.76868E-03	5.00839E-04	8.22782E-04	2.68681E-01	-5.00839E-01	-8.22782E-01	1000010010	5.88985E+00	-5.38150E+00	1.00156E+01	1.64538E+01	2.68681E-01	-5.00839E-01	-8.22782E-01	PRIM
2.00043E+01	1000010010	5.64501E+00	-7.87226E-03	-7.32474E-04	-2.63485E-04	-6.27740E-01	7.32474E-01	2.63485E-01	1000010010	5.64501E+00	1.25496E+01	-1.46534E+01	-5.27111E+00	-6.27740E-01	7.32474E-01	2.63485E-01	PRIM
2.00020E+01	1000010010	5.08722E+00	-8.15184E-03	-5.04196E-04	7.90297E-04	-3.48162E-01	5.04196E-01	-7.90297E-01	1000010010	5.08722E+00	6.95576E+00	-1.00854E+01	1.58083E+01	-3.48162E-01	5.04196E-01	-7.90297E-01	PRIM
1.99988E+01	1000010010	2.19543E+01	-8.52169E-03	-8.38632E-05	9.96241E-04	2.16896E-02	8.38632E-02	-9.96241E-01	1000010010	2.19543E+01	-4.42289E-01	-1.67725E+00	1.99246E+01	2.16896E-02	8.38632E-02	-9.96241E-01	PRIM
2.00037E+01	1000010010	7.79735E+01	-8.45559E-03	6.98824E-05	-5.60706E-05	-4.44133E-01	-6.98824E-01	5.60706E-01	1000010010	7.79735E+01	8.87583E+00	1.39791E+01	-1.12162E+01	-4.44133E-01	-6.98824E-01	5.60706E-01	PRIM
1.99969E+01	1000010010	6.65678E+00	-8.75096E-03	6.69947E-05	9.65677E-04	2.50956E-01	-6.69947E-02	-9.65677E-01	1000010010	6.65678E+00	-5.02709E+00	1.33975E+00	1.93115E+01	2.50956E-01	-6.69947E-02	-9.65677E-01	PRIM
1.99908E+01	1000010010	1.53432E+01	-9.46801E-03	6.55175E-06	2.50843E-04	9.68006E-01	-6.55175E-03	-2.50843E-01	1000010010	1.53432E+01	-1.93606E+01	1.30981E-01	5.01480E+00	9.68006E-01	-6.55175E-03	-2.50843E-01	PRIM
2.00050E+01	1000010010	5.44181E+00	-7.79332E-03	6.30861E-04	3.20351E-04	-7.06676E-01	-6.30861E-01	-3.20351E-01	1000010010	5.44181E+00	1.41293E+01	1.26210E+01	6.40894E+00	-7.06676E-01	-6.30861E-01	-3.20351E-01	PRIM
2.00034E+01	1000010010	1.33208E+01	-8.45839E-03	-6.91645E-05	-5.90323E-05	-4.16108E-01	6.91645E-01	5.90323E-01	1000010010	1.33208E+01	8.31514E+00	-1.38353E+01	-1.18085E+01	-4.16108E-01	6.91645E-01	5.90323E-01	PRIM
1.99987E+01	1000010010	2.15841E+01	-8.53692E-03	7.63688E-04	-6.44528E-04	3.69219E-02	-7.63688E-01	6.44528E-01	1000010010	2.15841E+01	-7.46927E-01	1.52735E+01	-1.28904E+01	3.69219E-02	-7.63688E-01	6.44528E-01	PRIM
2.00051E+01	1000010010	1.20268E+01	-7.78498E-03	6.57419E-04	-2.37782E-04	-7.15024E-01	-6.57419E-01	2.37782E-01	1000010010	1.20268E+01	1.42963E+01	1.31524E+01	-4.75709E+00	-7.15024E-01	-6.57419E-01	2.37782E-01	PRIM
1.99990E+01	1000010010	5.79541E+00	-8.50131E-03	-2.73558E-05	9.99625E-04	1.31214E-03	2.73558E-02	-9.99625E-01	1000010010	5.79541E+00	-3.47428E-02	-5.47116E-01	1.99925E+01	1.31214E-03	2.73558E-02	-9.99625E-01	PRIM
1.99911E+01	1000010010	5.08177E+00	-9.42386E-03	-1.67061E-04	-3.44347E-04	9.23859E-01	1.67061E-01	3.44347E-01	1000010010	5.08177E+00	-1.84784E+01	-3.33991E+00	-6.88424E+00	9.23859E-01	1.67061E-01	3.44347E-01	PRIM
2.00083E+01	1000010010	6.17442E+00	-8.40076E-03	1.17614E-05	3.54094E-06	-9.92428E-01	-1.17614E-01	-3.54094E-02	1000010010	6.17442E+00	1.98484E+01	2.35328E+00	7.08487E-01	-9.92428E-01	-1.17614E-01	-3.54094E-02	PRIM
1.99982E+01	1000010010	7.01458E+00	-8.59949E-03	-3.29035E-05	9.94495E-04	9.94866E-02	3.29035E-02	-9.94495E-01	1000010010	7.01458E+00	-1.99815E+00	-6.58041E-01	1.98891E+01	9.94866E-02	3.29035E-02	-9.94495E-01	PRIM
1.99984E+01	1000010010	5.22136E+00	-8.56471E-03	8.75505E-04	4.78857E-04	6.47125E-02	-8.75505E-01	-4.78857E-01	1000010010	5.22136E+00	-1.30271E+00	1.75096E+01	9.57687E+00	6.47125E-02	-8.75505E-01	-4.78857E-01	PRIM
1.99991E+01	1000010010	5.73987E+00	-8.49244E-03	-1.74961E-04	9.84546E-04	-7.56036E-03	1.74961E-01	-9.84546E-01	1000010010	5.73987E+00	1.42708E-01	-3.49922E+00	1.96910E+01	-7.56036E-03	1.74961E-01	-9.84546E-01	PRIM
2.00004E+01	1000010010	7.76438E+00	-8.34055E-03	3.06760E-04	9.38337E-04	-1.59446E-01	-3.06760E-01	-9.38337E-01	1000010010	7.76438E+00	3.18063E+00	6.13561E+00	1.87680E+01	-1.59446E-01	-3.06760E-01	-9.38337E-01	PRIM
2.00042E+01	1000010010	8.27507E+00	-7.88636E-03	-3.84367E-04	-6.89718E-04	-6.13638E-01	3.84367E-01	6.89718E-01	1000010010	8.27507E+00	1.22675E+01	-7.68935E+00	-1.37980E+01	-6.13638E-01	3.84367E-01	6.89718E-01	PRIM
1.99961E+01	1000010010	2.16339E+01	-8.84273E-03	-6.59451E-04	-6.69072E-04	3.42734E-01	6.59451E-01	6.69072E-01	1000010010	2.16339E+01	-6.86219E+00	-1.31871E+01	-1.33795E+01	3.42734E-01	6.59451E-01	6.69072E-01	PRIM
1.99929E+01	1000010010	5.49429E+00	-9.21440E-03	4.90303E-04	-4.99232E-04	7.14402E-01	-4.90303E-01	4.99232E-01	1000010010	5.49429E+00	-1.42922E+01	9.80309E+00	-9.98161E+00	7.14402E-01	-4.90303E-01	4.99232E-01	PRIM
1.99914E+01	1000010010	7.40357E+00	-9.39607E-03	4.27978E-04	1.17895E-04	8.96067E-01	-4.27978E-01	-1.17895E-01	1000010010	7.40357E+00	-1.79230E+01	8.55631E+00	2.35700E+00	8.96067E-01	-4.27978E-01	-1.17895E-01	PRIM
1.99955E+01	1000010010	1.15611E+01	-8.91025E-03	8.16930E-04	-4.05364E-04	4.10252E-01	-8.16930E-01	4.05364E-01	1000010010	1.15611E+01	-8.21210E+00	1.63357E+01	-8.10586E+00	4.10252E-01	-8.16930E-01	4.05364E-01	PRIM
1.99981E+01	1000010010	8.80251E+00	-8.60211E-03	2.11113E-05	-9.94549E-04	1.02115E-01	-2.11113E-02	9.94549E-01	1000010010	8.80251E+00	-2.05071E+00	4.22208E-01	-1.98901E+01	1.02115E-01	-2.11113E-02	9.94549E-01	PRIM
1.99984E+01	1000010010	1.39281E+01	-8.57097E-03	5.11714E-06	9.97465E-04	7.09737E-02	-5.11714E-03	-9.97465E-01	1000010010	1.39281E+01	-1.42793E+00	1.02340E-01	1.99487E+01	7.09737E-02	-5.11714E-03	-9.97465E-01	PRIM
1.99990E+01	1000010010	5.20464E+00	-8.49599E-03	-1.68285E-05	9.99850E-04	-4.01063E-03	1.68285E-02	-9.99850E-01	1000010010	5.20464E+00	7.17128E-02	-3.36570E-01	1.99970E+01	-4.01063E-03	1.68285E-02	-9.99850E-01	PRIM
2.00029E+01	1000010010	9.38904E+00	-8.03845E-03	5.07415E-04	7.27667E-04	-4.61553E-01	-5.07415E-01	-7.27667E-01	1000010010	9.38904E+00	9.22438E+00	1.01503E+01	1.45562E+01	-4.61553E-01	-5.07415E-01	-7.27667E-01	PRIM
1.99969E+01	1000010010	1.77679E+01	-8.53569E-03	-3.37616E-05	-8.71011E-05	3.56867E-01	3.37616E-01	8.71011E-01	1000010010	1.77679E+01	-7.14476E+00	-6.75130E+00	-1.74176E+01	3.56867E-01	3.37616E-01	8.71011E-01	PRIM
1.99978E+01	1000010010	8.48243E+00	-8.52519E-03	7.08791E-05	-6.58919E-05	2.51874E-01	-7.08791E-01	6.58919E-01	1000010010	8.48243E+00	-5.04544E+00	1.41743E+01	-1.31770E+01	2.51874E-01	-7.08791E-01	6.58919E-01	PRIM
1.99967E+01	1000010010	7.84854E+00	-8.76463E-03	6.89180E-04	6.74539E-04	2.64629E-01	-6.89180E-01	-6.74539E-01	1000010010	7.84854E+00	-5.30048E+00	1.37820E+01	1.34893E+01	2.64629E-01	-6.89180E-01	-6.74539E-01	PRIM
1.99990E+01	1000010010	8.00596E+00	-8.50511E-03	1.84612E-05	9.99817E-04	5.11042E-03	-1.84612E-02	-9.99817E-01	1000010010	8.00596E+00	-1.10708E-01	3.69223E-01	1.99963E+01	5.11042E-03	-1.84612E-02	-9.99817E-01	PRIM
2.00067E+01	1000010010	8.14058E+00	-7.59771E-03	4.30546E-04	2.25369E-05	-9.02287E-01	-4.30546E-01	-2.25369E-02	1000010010	8.14058E+00	1.80442E+01	8.61423E+00	4.50912E-01	-9.02287E-01	-4.30546E-01	-2.25369E-02	PRIM
2.00000E+01	1000010010	9.51106E+00	-8.38110E-03	-1.08209E-04	-9.86992E-04	-1.18899E-01	1.08209E-01	9.86992E-01	1000010010	9.51106E+00	2.36961E+00	-2.16430E+00	-1.97408E+01	-1.18899E-01	1.08209E-01	9.86992E-01	PRIM
2.00018E+01	1000010010	1.01529E+01	-8.44624E-03	-3.70226E-05	2.15779E-04	-2.38487E-01	1.64226E-01	-9.57159E-01	1000010010	1.01529E+01	4.76172E+00	-3.28486E+00	1.91451E+01	-2.38487E-01	1.64226E-01	-9.57159E-01	PRIM
1.99967E+01	1000010010	6.23005E+00	-8.76463E-03	6.89180E-04	6.74539E-04	2.64629E-01	-6.89180E-01	-6.74539E-01	1000010010	6.23005E+00	-5.30048E+00	1.37820E+01	1.34893E+01	2.64629E-01	-6.89180E-01	-6.74539E-01	PRIM
1.99982E+01	1000010010	2.72884E+01	-8.51951E-03	-7.41969E-05	-6.41427E-05	1.95071E-01	7.41969E-01	6.41427E-01	1000010010	2.72884E+01	-3.90961E+00	-1.48382E+01	-1.28275E+01	1.95071E-01	7.41969E-01	6.41427E-01	PRIM
1.99912E+01	1000010010	5.04152E+00	-9.41915E-03	3.87125E-04	7.27456E-05	9.19153E-01	-3.87125E-01	-7.27456E-02	1000010010	5.04152E+00	-1.83844E+01	7.73948E+00	1.45434E+00	9.19153E-01	-3.87125E-01	-7.27456E-02	PRIM
1.99908E+01	1000010010	1.14006E+01	-9.46801E-03	6.55175E-06	2.50843E-04	9.68006E-01	-6.55175E-03	-2.50843E-01	1000010010	1.14006E+01	-1.93606E+01	1.30981E-01	5.01480E+00	9.68006E-01	-6.55175E-03	-2.50843E-01	PRIM
2.00073E+01	1000010010	5.47317E+00	-8.41348E-03	-1.24263E-05	-4.85791E-05	-8.65197E-01	1.24263E-01	4.85791E-01	1000010010	5.47317E+00	1.73018E+01	-2.48618E+00	-9.71939E+00	-8.65197E-01	1.24263E-01	4.85791E-01	PRIM
2.00027E+01	1000010010	5.81019E+00	-8.06825E-03	8.14711E-04	-3.87092E-04	-4.31746E-01	-8.14711E-01	3.87092E-01	1000010010	5.81019E+00	8.62801E+00	1.62972E+01	-7.74327E+00	-4.31746E-01	-8.14711E-01	3.87092E-01	PRIM
1.99983E+01	1000010010	6.16036E+00	-8.58306E-03	-1.93762E-04	9.77526E-04	8.30619E-02	1.93762E-01	-9.77526E-01	1000010010	6.16036E+00	-1.66968E+00	-3.87510E+00	1.95498E+01	8.30619E-02	1.93762E-01	-9.77526E-01	PRIM
2.00038E+01	1000010010	6.14069E+00	-7.93007E-03	-5.26020E-04	-6.31256E-04	-5.69930E-01	5.26020E-01	6.31256E-01	1000010010	6.14069E+00	1.13929E+01	-1.05229E+01	-1.26282E+01	-5.69930E-01	5.26020E-01	6.31256E-01	PRIM
2.00018E+01	1000010010	3.37454E+01	-8.44624E-03	-3.70226E-05	2.15779E-04	-2.38487E-01	1.64226E-01	-9.57159E-01	1000010010	3.37454E+01	4.76172E+00	-3.28486E+00	1.91451E+01	-2.38487E-01	1.64226E-01	-9.57159E-01	PRIM
1.99956E+01	1000010010	6.51991E+00	-8.89697E-03	-4.21456E-05	9.16863E-04	3.96972E-01	4.21456E-02	-9.16863E-01	1000010010	6.51991E+00	-7.94659E+00	-8.42770E-01	1.83342E+01	3.96972E-01	4.21456E-02	-9.16863E-01	PRIM
1.99953E+01	1000010010	4.15627E+01	-8.93706E-03	7.21485E-04	-5.37063E-04	4.37062E-01	-7.21485E-01	5.37063E-01	1000010010	4.15627E+01	-8.74812E+00	1.44270E+01	-1.07393E+01	4.37062E-01	-7.21485E-01	5.37063E-01	PRIM
1.99972E+01	1000010010	5.11665E+00	-8.53197E-03	2.71340E-05	9.07835E-05	3.19704E-01	-2.71340E-01	-9.07835E-01	1000010010	5.11665E+00	-6.40171E+00	5.42607E+00	1.81542E+01	3.19704E-01	-2.71340E-01	-9.07835E-01	PRIM
1.99970E+01	1000010010	1.45460E+01	-8.53408E-03	-4.97229E-05	7.97885E-05	3.40798E-01	4.97229E-01	-7.97885E-01	1000010010	1.45460E+01	-6.82346E+00	-9.94315E+00	1.59554E+01	3.40798E-01	4.97229E-01	-7.97885E-01	PRIM
2.00038E+01	1000010010	6.51217E+00	-7.93970E-03	8.28234E-04	9.46872E-06	-5.60302E-01	-8.28234E-01	-9.46872E-03	1000010010	6.51217E+00	1.12002E+01	1.65686E+01	1.89419E-01	-5.60302E-01	-8.28234E-01	-9.46872E-03	PRIM
1.99943E+01	1000010010	8.91014E+00	-8.56629E-03	6.34303E-05	3.97786E-05	6.62892E-01	-6.34303E-01	-3.97786E-01	1000010010	8.91014E+00	-1.32626E+01	1.26825E+01	7.95348E+00	6.62892E-01	-6.34303E-01	-3.97786E-01	PRIM
1.99999E+01	1000010010	1.91728E+01	-8.39149E-03	3.31285E-04	-9.37270E-04	-1.08511E-01	-3.31285E-01	9.37270E-01	1000010010	1.91728E+01	2.16182E+00	6.62601E+00	-1.87463E+01	-1.08511E-01	-3.31285E-01	9.37270E-01	PRIM
2.00008E+01	1000010010	1.97507E+01	-8.29271E-03	-8.60995E-04	-4.64454E-04	-2.07293E-01	8.60995E-01	4.64454E-01	1000010010	1.97507E+01	4.13773E+00	-1.72214E+01	-9.28990E+00	-2.07293E-01	8.60995E-01	4.64454E-01	PRIM
1.99993E+01	1000010010	9.82979E+00	-8.50703E-03	-3.35383E-05	9.39452E-05	7.03401E-02	3.35383E-01	-9.39452E-01	1000010010	9.82979E+00	-1.41526E+00	-6.70747E+00	1.87885E+01	7.03401E-02	3.35383E-01	-9.39452E-01	PRIM
2.00066E+01	1000010010	6.40355E+00	-7.60823E-03	3.35794E-04	-3.03309E-04	-8.91766E-01	-3.35794E-01	3.03309E-01	1000010010	6.40355E+00	1.78336E+01	6.71843E+00	-6.06847E+00	-8.91766E-01	-3.35794E-01	3.03309E-01	PRIM
2.00044E+01	1000010010	6.06493E+00	-7.86089E-03	3.76418E-04	6.70711E-04	-6.39105E-01	-3.76418E-01	-6.70711E-01	1000010010	6.06493E+00	1.27771E+01	7.53040E+00	1.34179E+01	-6.39105E-01	-3.76418E-01	-6.70711E-01	PRIM
1.99956E+01	1000010010	1.67751E+02	-8.89697E-03	-4.21456E-05	9.16863E-04	3.96972E-01	4.21456E-02	-9.16863E-01	1000010010	1.67751E+02	-7.94659E+00	-8.42770E-01	1.83342E+01	3.96972E-01	4.21456E-02	-9.16863E-01	PRIM
1.99984E+01	1000010010	1.04722E+01	-8.57097E-03	5.11714E-06	9.97465E-04	7.09737E-02	-5.11714E-03	-9.97465E-01	1000010010	1.04722E+01	-1.42793E+00	1.02340E-01	1.99487E+01	7.09737E-02	-5.11714E-03	-9.97465E-01	PRIM
2.00010E+01	1000010010	5.33047E+00	-8.48670E-03	3.22729E-05	9.37105E-05	-1.32968E-01	-3.22729E-01	-9.37105E-01	1000010010	5.33047E+00	2.65100E+00	6.45494E+00	1.87432E+01	-1.32968E-01	-3.22729E-01	-9.37105E-01	PRIM
1.99983E+01	1000010010	5.06649E+00	-8.58177E-03	9.94952E-04	-5.81800E-05	8.17712E-02	-9.94952E-01	5.81800E-02	1000010010	5.06649E+00	-1.64387E+00	1.98983E+01	-1.16356E+00	8.17712E-02	-9.94952E-01	5.81800E-02	PRIM
1.99940E+01	1000010010	5.14973E+00	-9.08456E-03	-3.00652E-04	7.53592E-04	5.84557E-01	3.00652E-01	-7.53592E-01	1000010010	5.14973E+00	-1.16967E+01	-6.01154E+00	1.50681E+01	5.84557E-01	3.00652E-01	-7.53592E-01	PRIM
1.99971E+01	1000010010	4.83000E+01	-8.72888E-03	7.95912E-05	9.70195E-04	2.28880E-01	-7.95912E-02	-9.70195E-01	1000010010	4.83000E+01	-4.58565E+00	1.59167E+00	1.94020E+01	2.28880E-01	-7.95912E-02	-9.70195E-01	PRIM
2.00018E+01	1000010010	5.14008E+00	-8.32903E-03	-4.48185E-04	3.67161E-04	-2.83028E-01	7.41934E-01	-6.07807E-01	1000010010	5.14008E+00	5.65274E+00	-1.48405E+01	1.21576E+01	-2.83028E-01	7.41934E-01	-6.07807E-01	PRIM
1.99935E+01	1000010010	1.02729E+01	-9.14252E-03	-3.06594E-04	7.02263E-04	6.42516E-01	3.06594E-01	-7.02263E-01	1000010010	1.02729E+01	-1.28553E+01	-6.13020E+00	1.40414E+01	6.42516E-01	3.06594E-01	-7.02263E-01	PRIM
1.99980E+01	1000010010	1.56208E+01	-8.61401E-03	-2.15443E-05	9.93246E-04	1.14010E-01	2.15443E-02	-9.93246E-01	1000010010	1.56208E+01	-2.28859E+00	-4.30865E-01	1.98640E+01	1.14010E-01	2.15443E-02	-9.93246E-01	PRIM
1.99980E+01	1000010010	1.10272E+01	-8.61436E-03	-7.15630E-04	6.89055E-04	1.14356E-01	7.15630E-01	-6.89055E-01	1000010010	1.10272E+01	-2.29551E+00	-1.43119E+01	1.37804E+01	1.14356E-01	7.15630E-01	-6.89055E-01	PRIM
1.99971E+01	1000010010	6.02803E+00	-8.72888E-03	7.95912E-05	9.70195E-04	2.28880E-01	-7.95912E-02	-9.70195E-01	1000010010	6.02803E+00	-4.58565E+00	1.59167E+00	1.94020E+01	2.28880E-01	-7.95912E-02	-9.70195E-01	PRIM
2.00029E+01	1000010010	8.99972E+00	-8.03845E-03	5.07415E-04	7.27667E-04	-4.61553E-01	-5.07415E-01	-7.27667E-01	1000010010	8.99972E+00	9.22438E+00	1.01503E+01	1.45562E+01	-4.61553E-01	-5.07415E-01	-7.27667E-01	PRIM
2.00044E+01	1000010010	8.23438E+00	-8.44750E-03	-6.53068E-06	-8.48616E-05	-5.24963E-01	6.53068E-02	8.48616E-01	1000010010	8.23438E+00	1.04931E+01	-1.30643E+00	-1.69761E+01	-5.24963E-01	6.53068E-02	8.48616E-01	PRIM
2.00070E+01	1000010010	8.00602E+00	-8.41645E-03	-3.58190E-05	-4.16627E-05	-8.35537E-01	3.58190E-01	4.16627E-01	1000010010	8.00602E+00	1.67082E+01	-7.16635E+00	-8.33550E+00	-8.35537E-01	3.58190E-01	4.16627E-01	PRIM
2.00050E+01	1000010010	5.48739E+00	-7.79332E-03	6.30861E-04	3.20351E-04	-7.06676E-01	-6.30861E-01	-3.20351E-01	1000010010	5.48739E+00	1.41293E+01	1.26210E+01	6.40894E+00	-7.06676E-01	-6.30861E-01	-3.20351E-01	PRIM
2.00005E+01	1000010010	6.01376E+00	-8.32037E-03	-7.63444E-04	-6.20393E-04	-1.79628E-01	7.63444E-01	6.20393E-01	1000010010	6.01376E+00	3.58433E+00	-1.52700E+01	-1.24088E+01	-1.79628E-01	7.63444E-01	6.20393E-01	PRIM
2.00066E+01	1000010010	5.58357E+00	-7.60823E-03	3.35794E-04	-3.03309E-04	-8.91766E-01	-3.35794E-01	3.03309E-01	1000010010	5.58357E+00	1.78336E+01	6.71843E+00	-6.06847E+00	-8.91766E-01	-3.35794E-01	3.03309E-01	PRIM
1.99946E+01	1000010010	5.21476E+00	-9.01193E-03	7.53634E-05	-8.55715E-04	5.11930E-01	-7.53634E-02	8.55715E-01	1000010010	5.21476E+00	-1.02449E+01	1.50694E+00	-1.71106E+01	5.11930E-01	-7.53634E-02	8.55715E-01	PRIM
2.00004E+01	1000010010	2.84842E+01	-8.34055E-03	3.06760E-04	9.38337E-04	-1.59446E-01	-3.06760E-01	-9.38337E-01	1000010010	2.84842E+01	3.18063E+00	6.13561E+00	1.87680E+01	-1.59446E-01	-3.06760E-01	-9.38337E-01	PRIM
2.00057E+01	1000010010	6.27869E+00	-7.71434E-03	5.53069E-04	2.77229E-04	-7.85658E-01	-5.53069E-01	-2.77229E-01	1000010010	6.27869E+00	1.57099E+01	1.10651E+01	5.54644E+00	-7.85658E-01	-5.53069E-01	-2.77229E-01	PRIM
1.99965E+01	1000010010	6.52313E+00	-8.79799E-03	-7.10632E-04	6.37339E-04	2.97995E-01	7.10632E-01	-6.37339E-01	1000010010	6.52313E+00	-5.96764E+00	-1.42108E+01	1.27452E+01	2.97995E-01	7.10632E-01	-6.37339E-01	PRIM
1.99986E+01	1000010010	1.96793E+01	-8.54682E-03	4.61617E-04	-8.85843E-04	4.68205E-02	-4.61617E-01	8.85843E-01	1000010010	1.96793E+01	-9.44891E-01	9.23216E+00	-1.77165E+01	4.68205E-02	-4.61617E-01	8.85843E-01	PRIM
1.99967E+01	1000010010	6.52036E+00	-8.76463E-03	6.89180E-04	6.74539E-04	2.64629E-01	-6.89180E-01	-6.74539E-01	1000010010	6.52036E+00	-5.30048E+00	1.37820E+01	1.34893E+01	2.64629E-01	-6.89180E-01	-6.74539E-01	PRIM
1.99988E+01	1000010010	6.94417E+00	-8.52589E-03	-6.13530E-05	9.97780E-04	2.58936E-02	6.13530E-02	-9.97780E-01	1000010010	6.94417E+00	-5.26367E-01	-1.22705E+00	1.99554E+01	2.58936E-02	6.13530E-02	-9.97780E-01	PRIM
1.99911E+01	1000010010	1.15013E+01	-9.43320E-03	-2.65675E-04	2.41983E-04	9.33199E-01	2.65675E-01	-2.41983E-01	1000010010	1.15013E+01	-1.86651E+01	-5.31140E+00	4.83774E+00	9.33199E-01	2.65675E-01	-2.41983E-01	PRIM
1.99998E+01	1000010010	1.59713E+01	-8.40459E-03	2.59878E-05	-9.95099E-04	-9.54065E-02	-2.59878E-02	9.95099E-01	1000010010	1.59713E+01	1.89971E+00	5.19776E-01	-1.99028E+01	-9.54065E-02	-2.59878E-02	9.95099E-01	PRIM
1.99976E+01	1000010010	1.13713E+02	-8.52680E-03	-2.44077E-05	-9.31976E-05	2.68041E-01	2.44077E-01	9.31976E-01	1000010010	1.13713E+02	-5.36871E+00	-4.88099E+00	-1.86374E+01	2.68041E-01	2.44077E-01	9.31976E-01	PRIM
2.00044E+01	1000010010	7.10673E+00	-7.86089E-03	3.76418E-04	6.70711E-04	-6.39105E-01	-3.76418E-01	-6.70711E-01	1000010010	7.10673E+00	1.27771E+01	7.53040E+00	1.34179E+01	-6.39105E-01	-3.76418E-01	-6.70711E-01	PRIM
1.99983E+01	1000010010	5.25242E+00	-8.58306E-03	-1.93762E-04	9.77526E-04	8.30619E-02	1.93762E-01	-9.77526E-01	1000010010	5.25242E+00	-1.66968E+00	-3.87510E+00	1.95498E+01	8.30619E-02	1.93762E-01	-9.77526E-01	PRIM
2.00018E+01	1000010010	9.03678E+00	-8.40677E-03	-4.19636E-05	-3.51055E-04	-2.54980E-01	1.14768E-01	9.60111E-01	1000010010	9.03678E+00	5.09165E+00	-2.29560E+00	-1.92043E+01	-2.54980E-01	1.14768E-01	9.60111E-01	PRIM
2.00066E+01	1000010010	5.12640E+00	-7.60823E-03	3.35794E-04	-3.03309E-04	-8.91766E-01	-3.35794E-01	3.03309E-01	1000010010	5.12640E+00	1.78336E+01	6.71843E+00	-6.06847E+00	-8.91766E-01	-3.35794E-01	3.03309E-01	PRIM
1.99951E+01	1000010010	5.38931E+00	-8.95412E-03	-8.43014E-04	-2.88276E-04	4.54119E-01	8.43014E-01	2.88276E-01	1000010010	5.38931E+00	-9.08912E+00	-1.68570E+01	-5.76441E+00	4.54119E-01	8.43014E-01	2.88276E-01	PRIM
1.99980E+01	1000010010	7.05034E+00	-8.61401E-03	-2.15443E-05	9.93246E-04	1.14010E-01	2.15443E-02	-9.93246E-01	1000010010	7.05034E+00	-2.28859E+00	-4.30865E-01	1.98640E+01	1.14010E-01	2.15443E-02	-9.93246E-01	PRIM
1.99978E+01	1000010010	5.07977E+00	-8.64464E-03	-1.59517E-04	9.76542E-04	1.44635E-01	1.59517E-01	-9.76542E-01	1000010010	5.07977E+00	-2.90103E+00	-3.19015E+00	1.95296E+01	1.44635E-01	1.59517E-01	-9.76542E-01	PRIM
1.99982E+01	1000010010	6.38304E+00	-8.59949E-03	-3.29035E-05	9.94495E-04	9.94866E-02	3.29035E-02	-9.94495E-01	1000010010	6.38304E+00	-1.99815E+00	-6.58041E-01	1.98891E+01	9.94866E-02	3.29035E-02	-9.94495E-01	PRIM
1.99949E+01	1000010010	5.64388E+00	-8.55851E-03	-5.71220E-05	5.75670E-05	5.85074E-01	5.71220E-01	-5.75670E-01	1000010010	5.64388E+00	-1.17071E+01	-1.14216E+01	1.15105E+01	5.85074E-01	5.71220E-01	-5.75670E-01	PRIM
1.99991E+01	1000010010	8.71197E+00	-8.48435E-03	5.83190E-04	-8.12185E-04	-1.56470E-02	-5.83190E-01	8.12185E-01	1000010010	8.71197E+00	3.04442E-01	1.16639E+01	-1.62438E+01	-1.56470E-02	-5.83190E-01	8.12185E-01	PRIM
2.00020E+01	1000010010	5.34968E+00	-8.15184E-03	-5.04196E-04	7.90297E-04	-3.48162E-01	5.04196E-01	-7.90297E-01	1000010010	5.34968E+00	6.95576E+00	-1.00854E+01	1.58083E+01	-3.48162E-01	5.04196E-01	-7.90297E-01	PRIM
1.99911E+01	1000010010	1.50901E+01	-9.42386E-03	-1.67061E-04	-3.44347E-04	9.23859E-01	1.67061E-01	3.44347E-01	1000010010	1.50901E+01	-1.84784E+01	-3.33991E+00	-6.88424E+00	9.23859E-01	1.67061E-01	3.44347E-01	PRIM
1.99931E+01	1000010010	1.50372E+01	-9.19637E-03	6.91112E-04	-1.93459E-04	6.96375E-01	-6.91112E-01	1.93459E-01	1000010010	1.50372E+01	-1.39319E+01	1.38181E+01	-3.86804E+00	6.96375E-01	-6.91112E-01	1.93459E-01	PRIM
2.00008E+01	1000010010	7.41279E+00	-8.29271E-03	-8.60995E-04	-4.64454E-04	-2.07293E-01	8.60995E-01	4.64454E-01	1000010010	7.41279E+00	4.13773E+00	-1.72214E+01	-9.28990E+00	-2.07293E-01	8.60995E-01	4.64454E-01	PRIM
1.99999E+01	1000010010	1.60051E+01	-8.39028E-03	-3.10445E-05	9.93477E-04	-1.09723E-01	3.10445E-02	-9.93477E-01	1000010010	1.60051E+01	2.18606E+00	-6.20920E-01	1.98705E+01	-1.09723E-01	3.10445E-02	-9.93477E-01	PRIM
1.99984E+01	1000010010	4.00989E+01	-8.56911E-03	2.36598E-04	9.69146E-04	6.91126E-02	-2.36598E-01	-9.69146E-01	1000010010	4.00989E+01	-1.39071E+00	4.73183E+00	1.93824E+01	6.91126E-02	-2.36598E-01	-9.69146E-01	PRIM
1.99986E+01	1000010010	1.15324E+01	-8.51581E-03	2.83561E-05	-9.45825E-05	1.58140E-01	-2.83561E-01	9.45825E-01	1000010010	1.15324E+01	-3.17109E+00	5.67084E+00	-1.89152E+01	1.58140E-01	-2.83561E-01	9.45825E-01	PRIM
1.99991E+01	1000010010	1.50989E+01	-8.49244E-03	-1.74961E-04	9.84546E-04	-7.56036E-03	1.74961E-01	-9.84546E-01	1000010010	1.50989E+01	1.42708E-01	-3.49922E+00	1.96910E+01	-7.56036E-03	1.74961E-01	-9.84546E-01	PRIM
1.99992E+01	1000010010	5.26304E+00	-8.47920E-03	5.61181E-04	-8.27432E-04	-2.08028E-02	-5.61181E-01	8.27432E-01	1000010010	5.26304E+00	4.07560E-01	1.12237E+01	-1.65488E+01	-2.08028E-02	-5.61181E-01	8.27432E-01	PRIM
2.00029E+01	1000010010	6.16383E+00	-8.03845E-03	5.07415E-04	7.27667E-04	-4.61553E-01	-5.07415E-01	-7.27667E-01	1000010010	6.16383E+00	9.22438E+00	1.01503E+01	1.45562E+01	-4.61553E-01	-5.07415E-01	-7.27667E-01	PRIM
1.99923E+01	1000010010	3.78711E+01	-9.28315E-03	-3.39057E-04	5.21257E-04	7.83155E-01	3.39057E-01	-5.21257E-01	1000010010	3.78711E+01	-1.56664E+01	-6.77887E+00	1.04217E+01	7.83155E-01	3.39057E-01	-5.21257E-01	PRIM
2.00018E+01	1000010010	5.60409E+00	-8.40677E-03	-4.19636E-05	-3.51055E-04	-2.54980E-01	1.14768E-01	9.60111E-01	1000010010	5.60409E+00	5.09165E+00	-2.29560E+00	-1.92043E+01	-2.54980E-01	1.14768E-01	9.60111E-01	PRIM
1.99921E+01	1000010010	1.13051E+01	-9.31486E-03	-2.61336E-04	5.17408E-04	8.14858E-01	2.61336E-01	-5.17408E-01	1000010010	1.13051E+01	-1.63000E+01	-5.22490E+00	1.03446E+01	8.14858E-01	2.61336E-01	-5.17408E-01	PRIM
2.00042E+01	1000010010	1.45209E+01	-7.88636E-03	-3.84367E-04	-6.89718E-04	-6.13638E-01	3.84367E-01	6.89718E-01	1000010010	1.45209E+01	1.22675E+01	-7.68935E+00	-1.37980E+01	-6.13638E-01	3.84367E-01	6.89718E-01	PRIM
2.00083E+01	1000010010	1.61821E+01	-8.40076E-03	1.17614E-05	3.54094E-06	-9.92428E-01	-1.17614E-01	-3.54094E-02	1000010010	1.61821E+01	1.98484E+01	2.35328E+00	7.08487E-01	-9.92428E-01	-1.17614E-01	-3.54094E-02	PRIM
1.99983E+01	1000010010	1.61135E+01	-8.58126E-03	-1.46297E-04	9.85897E-04	8.12637E-02	1.46297E-01	-9.85897E-01	1000010010	1.61135E+01	-1.63372E+00	-2.92584E+00	1.97173E+01	8.12637E-02	1.46297E-01	-9.85897E-01	PRIM
1.99939E+01	1000010010	6.27120E+00	-9.10541E-03	-7.81480E-04	1.50875E-04	6.05414E-01	7.81480E-01	-1.50875E-01	1000010010	6.27120E+00	-1.21137E+01	-1.56256E+01	3.01672E+00	6.05414E-01	7.81480E-01	-1.50875E-01	PRIM
1.99987E+01	1000010010	1.17812E+01	-8.53692E-03	7.63688E-04	-6.44528E-04	3.69219E-02	-7.63688E-01	6.44528E-01	1000010010	1.17812E+01	-7.46927E-01	1.52735E+01	-1.28904E+01	3.69219E-02	-7.63688E-01	6.44528E-01	PRIM
1.99952E+01	1000010010	6.91187E+00	-8.94289E-03	-7.44287E-04	4.99882E-04	4.42893E-01	7.44287E-01	-4.99882E-01	1000010010	6.91187E+00	-8.86470E+00	-1.48829E+01	9.99575E+00	4.42893E-01	7.44287E-01	-4.99882E-01	PRIM
1.99967E+01	1000010010	3.26565E+02	-8.76463E-03	6.89180E-04	6.74539E-04	2.64629E-01	-6.89180E-01	-6.74539E-01	1000010010	3.26565E+02	-5.30048E+00	1.37820E+01	1.34893E+01	2.64629E-01	-6.89180E-01	-6.74539E-01	PRIM
2.00027E+01	1000010010	2.24901E+01	-8.06825E-03	8.14711E-04	-3.87092E-04	-4.31746E-01	-8.14711E-01	3.87092E-01	1000010010	2.24901E+01	8.62801E+00	1.62972E+01	-7.74327E+00	-4.31746E-01	-8.14711E-01	3.87092E-01	PRIM
1.99956E+01	1000010010	6.02259E+00	-8.89748E-03	8.93388E-04	-2.09444E-04	3.97482E-01	-8.93388E-01	2.09444E-01	1000010010	6.02259E+00	-7.95680E+00	1.78647E+01	-4.18816E+00	3.97482E-01	-8.93388E-01	2.09444E-01	PRIM
1.99948E+01	1000010010	7.75323E+00	-8.99178E-03	-6.17855E-04	-6.13520E-04	4.91780E-01	6.17855E-01	6.13520E-01	1000010010	7.75323E+00	-9.84205E+00	-1.23545E+01	-1.22678E+01	4.91780E-01	6.17855E-01	6.13520E-01	PRIM
1.99965E+01	1000010010	1.90014E+01	-8.79794E-03	6.54010E-04	-6.95344E-04	2.97939E-01	-6.54010E-01	6.95344E-01	1000010010	1.90014E+01	-5.96653E+00	1.30785E+01	-1.39051E+01	2.97939E-01	-6.54010E-01	6.95344E-01	PRIM
1.99969E+01	1000010010	8.02439E+00	-8.75186E-03	6.80665E-04	6.87939E-04	2.51864E-01	-6.80665E-01	-6.87939E-01	1000010010	8.02439E+00	-5.04525E+00	1.36118E+01	1.37573E+01	2.51864E-01	-6.80665E-01	-6.87939E-01	PRIM
1.99967E+01	1000010010	5.19958E+00	-8.76868E-03	5.00839E-04	8.22782E-04	2.68681E-01	-5.00839E-01	-8.22782E-01	1000010010	5.19958E+00	-5.38150E+00	1.00156E+01	1.64538E+01	2.68681E-01	-5.00839E-01	-8.22782E-01	PRIM
1.99923E+01	1000010010	7.89660E+00	-9.28315E-03	-3.39057E-04	5.21257E-04	7.83155E-01	3.39057E-01	-5.21257E-01	1000010010	7.89660E+00	-1.56664E+01	-6.77887E+00	1.04217E+01	7.83155E-01	3.39057E-01	-5.21257E-01	PRIM
1.99993E+01	1000010010	5.19985E+00	-8.50703E-03	-3.35383E-05	9.39452E-05	7.03401E-02	3.35383E-01	-9.39452E-01	1000010010	5.19985E+00	-1.41526E+00	-6.70747E+00	1.87885E+01	7.03401E-02	3.35383E-01	-9.39452E-01	PRIM
2.00019E+01	1000010010	3.18003E+01	-8.15444E-03	-3.55825E-04	-8.68318E-04	-3.45562E-01	3.55825E-01	8.68318E-01	1000010010	3.18003E+01	6.90375E+00	-7.11755E+00	-1.73689E+01	-3.45562E-01	3.55825E-01	8.68318E-01	PRIM
1.99956E+01	1000010010	5.05208E+00	-8.89697E-03	-4.21456E-05	9.16863E-04	3.96972E-01	4.21456E-02	-9.16863E-01	1000010010	5.05208E+00	-7.94659E+00	-8.42770E-01	1.83342E+01	3.96972E-01	4.21456E-02	-9.16863E-01	PRIM
1.99997E+01	1000010010	5.72192E+00	-8.41156E-03	-6.13743E-05	9.94189E-04	-8.84405E-02	6.13743E-02	-9.94189E-01	1000010010	5.72192E+00	1.76038E+00	-1.22753E+00	1.98845E+01	-8.84405E-02	6.13743E-02	-9.94189E-01	PRIM
2.00062E+01	1000010010	3.75143E+01	-8.42646E-03	6.67619E-05	1.15990E-05	-7.35412E-01	-6.67619E-01	-1.15990E-01	1000010010	3.75143E+01	1.47043E+01	1.33566E+01	2.32053E+00	-7.35412E-01	-6.67619E-01	-1.15990E-01	PRIM
2.00033E+01	1000010010	8.63483E+00	-7.99472E-03	1.38160E-04	8.51826E-04	-5.05277E-01	-1.38160E-01	-8.51826E-01	1000010010	8.63483E+00	1.00992E+01	2.76380E+00	1.70402E+01	-5.05277E-01	-1.38160E-01	-8.51826E-01	PRIM
1.99998E+01	1000010010	5.83988E+00	-8.40861E-03	-2.05652E-04	9.74349E-04	-9.13865E-02	2.05652E-01	-9.74349E-01	1000010010	5.83988E+00	1.81930E+00	-4.11321E+00	1.94877E+01	-9.13865E-02	2.05652E-01	-9.74349E-01	PRIM
1.99949E+01	1000010010	5.71705E+00	-8.55893E-03	-5.03320E-05	6.31973E-05	5.89304E-01	5.03320E-01	-6.31973E-01	1000010010	5.71705E+00	-1.17916E+01	-1.00639E+01	1.26363E+01	5.89304E-01	5.03320E-01	-6.31973E-01	PRIM
1.99923E+01	1000010010	5.44339E+00	-9.28715E-03	-6.02367E-04	-1.32495E-04	7.87146E-01	6.02367E-01	1.32495E-01	1000010010	5.44339E+00	-1.57462E+01	-1.20433E+01	-2.64901E+00	7.87146E-01	6.02367E-01	1.32495E-01	PRIM
2.00072E+01	1000010010	6.88150E+00	-8.41463E-03	-5.02941E-05	1.35168E-05	-8.53686E-01	5.02941E-01	-1.35168E-01	1000010010	6.88150E+00	1.70714E+01	-1.00625E+01	2.70434E+00	-8.53686E-01	5.02941E-01	-1.35168E-01	PRIM
1.99991E+01	1000010010	5.18850E+00	-8.49244E-03	-1.74961E-04	9.84546E-04	-7.56036E-03	1.74961E-01	-9.84546E-01	1000010010	5.18850E+00	1.42708E-01	-3.49922E+00	1.96910E+01	-7.56036E-03	1.74961E-01	-9.84546E-01	PRIM
1.99965E+01	1000010010	6.36985E+00	-8.79794E-03	6.54010E-04	-6.95344E-04	2.97939E-01	-6.54010E-01	6.95344E-01	1000010010	6.36985E+00	-5.96653E+00	1.30785E+01	-1.39051E+01	2.97939E-01	-6.54010E-01	6.95344E-01	PRIM
2.00006E+01	1000010010	1.28097E+01	-8.49230E-03	-9.42535E-05	-3.25122E-05	-7.69571E-02	9.42535E-01	3.25122E-01	1000010010	1.28097E+01	1.53069E+00	-1.88513E+01	-6.50266E+00	-7.69571E-02	9.42535E-01	3.25122E-01	PRIM
1.99994E+01	1000010010	5.31767E+00	-8.44799E-03	2.21852E-05	-9.98400E-04	-5.20138E-02	-2.21852E-02	9.98400E-01	1000010010	5.31767E+00	1.03180E+00	4.43713E-01	-1.99684E+01	-5.20138E-02	-2.21852E-02	9.98400E-01	PRIM
1.99998E+01	1000010010	7.90394E+00	-8.50151E-03	-7.76540E-06	9.96866E-05	1.50832E-02	7.76540E-02	-9.96866E-01	1000010010	7.90394E+00	-3.10163E-01	-1.55307E+00	1.99372E+01	1.50832E-02	7.76540E-02	-9.96866E-01	PRIM
1.99939E+01	1000010010	8.44088E+00	-9.10541E-03	-7.81480E-04	1.50875E-04	6.05414E-01	7.81480E-01	-1.50875E-01	1000010010	8.44088E+00	-1.21137E+01	-1.56256E+01	3.01672E+00	6.05414E-01	7.81480E-01	-1.50875E-01	PRIM
2.00027E+01	1000010010	1.65672E+02	-8.06561E-03	-6.95391E-04	-5.72480E-04	-4.34395E-01	6.95391E-01	5.72480E-01	1000010010	1.65672E+02	8.68099E+00	-1.39104E+01	-1.14517E+01	-4.34395E-01	6.95391E-01	5.72480E-01	PRIM
1.99921E+01	1000010010	2.24124E+01	-9.31486E-03	-2.61336E-04	5.17408E-04	8.14858E-01	2.61336E-01	-5.17408E-01	1000010010	2.24124E+01	-1.63000E+01	-5.22490E+00	1.03446E+01	8.14858E-01	2.61336E-01	-5.17408E-01	PRIM
2.00051E+01	1000010010	5.19364E+00	-7.78498E-03	6.57419E-04	-2.37782E-04	-7.15024E-01	-6.57419E-01	2.37782E-01	1000010010	5.19364E+00	1.42963E+01	1.31524E+01	-4.75709E+00	-7.15024E-01	-6.57419E-01	2.37782E-01	PRIM
1.99998E+01	1000010010	3.00769E+01	-8.40459E-03	2.59878E-05	-9.95099E-04	-9.54065E-02	-2.59878E-02	9.95099E-01	1000010010	3.00769E+01	1.89971E+00	5.19776E-01	-1.99028E+01	-9.54065E-02	-2.59878E-02	9.95099E-01	PRIM
2.00000E+01	1000010010	7.75155E+00	-8.38110E-03	-1.08209E-04	-9.86992E-04	-1.18899E-01	1.08209E-01	9.86992E-01	1000010010	7.75155E+00	2.36961E+00	-2.16430E+00	-1.97408E+01	-1.18899E-01	1.08209E-01	9.86992E-01	PRIM
1.99986E+01	1000010010	5.76283E+00	-8.54682E-03	4.61617E-04	-8.85843E-04	4.68205E-02	-4.61617E-01	8.85843E-01	1000010010	5.76283E+00	-9.44891E-01	9.23216E+00	-1.77165E+01	4.68205E-02	-4.61617E-01	8.85843E-01	PRIM
1.99939E+01	1000010010	1.52906E+01	-9.10541E-03	-7.81480E-04	1.50875E-04	6.05414E-01	7.81480E-01	-1.50875E-01	1000010010	1.52906E+01	-1.21137E+01	-1.56256E+01	3.01672E+00	6.05414E-01	7.81480E-01	-1.50875E-01	PRIM
1.99990E+01	1000010010	1.25835E+01	-8.50511E-03	1.84612E-05	9.99817E-04	5.11042E-03	-1.84612E-02	-9.99817E-01	1000010010	1.25835E+01	-1.10708E-01	3.69223E-01	1.99963E+01	5.11042E-03	-1.84612E-02	-9.99817E-01	PRIM
1.99956E+01	1000010010	6.97640E+00	-8.55031E-03	7.58437E-05	4.14295E-05	5.03123E-01	-7.58437E-01	-4.14295E-01	1000010010	6.97640E+00	-1.00688E+01	1.51655E+01	8.28413E+00	5.03123E-01	-7.58437E-01	-4.14295E-01	PRIM
2.00050E+01	1000010010	1.28357E+01	-7.79332E-03	6.30861E-04	3.20351E-04	-7.06676E-01	-6.30861E-01	-3.20351E-01	1000010010	1.28357E+01	1.41293E+01	1.26210E+01	6.40894E+00	-7.06676E-01	-6.30861E-01	-3.20351E-01	PRIM
1.99999E+01	1000010010	4.32948E+01	-8.38808E-03	9.31939E-04	3.44911E-04	-1.11919E-01	-9.31939E-01	-3.44911E-01	1000010010	4.32948E+01	2.22998E+00	1.86397E+01	6.89854E+00	-1.11919E-01	-9.31939E-01	-3.44911E-01	PRIM
1.99910E+01	1000010010	6.37954E+00	-9.44420E-03	-2.75944E-04	1.79819E-04	9.44203E-01	2.75944E-01	-1.79819E-01	1000010010	6.37954E+00	-1.88850E+01	-5.51666E+00	3.59493E+00	9.44203E-01	2.75944E-01	-1.79819E-01	PRIM
1.99984E+01	1000010010	8.63507E+00	-8.57097E-03	5.11714E-06	9.97465E-04	7.09737E-02	-5.11714E-03	-9.97465E-01	1000010010	8.63507E+00	-1.42793E+00	1.02340E-01	1.99487E+01	7.09737E-02	-5.11714E-03	-9.97465E-01	PRIM
1.99975E+01	1000010010	1.88469E+01	-8.67117E-03	1.23682E-04	9.77447E-04	1.71174E-01	-1.23682E-01	-9.77447E-01	1000010010	1.88469E+01	-3.43174E+00	2.47345E+00	1.95475E+01	1.71174E-01	-1.23682E-01	-9.77447E-01	PRIM
1.99922E+01	1000010010	3.01527E+01	-9.29955E-03	8.22365E-05	5.94944E-04	7.99549E-01	-8.22365E-02	-5.94944E-01	1000010010	3.01527E+01	-1.59941E+01	1.64417E+00	1.18948E+01	7.99549E-01	-8.22365E-02	-5.94944E-01	PRIM
2.00005E+01	1000010010	7.99987E+00	-8.32037E-03	-7.63444E-04	-6.20393E-04	-1.79628E-01	7.63444E-01	6.20393E-01	1000010010	7.99987E+00	3.58433E+00	-1.52700E+01	-1.24088E+01	-1.79628E-01	7.63444E-01	6.20393E-01	PRIM
1.99988E+01	1000010010	2.61569E+01	-8.52169E-03	-8.38632E-05	9.96241E-04	2.16896E-02	8.38632E-02	-9.96241E-01	1000010010	2.61569E+01	-4.42289E-01	-1.67725E+00	1.99246E+01	2.16896E-02	8.38632E-02	-9.96241E-01	PRIM
1.99969E+01	1000010010	4.13207E+01	-8.75186E-03	6.80665E-04	6.87939E-04	2.51864E-01	-6.80665E-01	-6.87939E-01	1000010010	4.13207E+01	-5.04525E+00	1.36118E+01	1.37573E+01	2.51864E-01	-6.80665E-01	-6.87939E-01	PRIM
1.99945E+01	1000010010	6.83256E+00	-9.02521E-03	-7.42102E-04	-4.16457E-04	5.25213E-01	7.42102E-01	4.16457E-01	1000010010	6.83256E+00	-1.05104E+01	-1.48387E+01	-8.32727E+00	5.25213E-01	7.42102E-01	4.16457E-01	PRIM
1.99956E+01	1000010010	1.41420E+02	-8.89687E-03	5.97280E-04	-6.96959E-04	3.96868E-01	-5.97280E-01	6.96959E-01	1000010010	1.41420E+02	-7.94452E+00	1.19436E+01	-1.39368E+01	3.96868E-01	-5.97280E-01	6.96959E-01	PRIM
2.00019E+01	1000010010	1.22153E+01	-8.16408E-03	6.34826E-04	6.95811E-04	-3.35921E-01	-6.34826E-01	-6.95811E-01	1000010010	1.22153E+01	6.71088E+00	1.26983E+01	1.39182E+01	-3.35921E-01	-6.34826E-01	-6.95811E-01	PRIM
1.99952E+01	1000010010	8.11082E+00	-8.94428E-03	-2.14240E-04	8.69892E-04	4.44284E-01	2.14240E-01	-8.69892E-01	1000010010	8.11082E+00	-8.89251E+00	-4.28399E+00	1.73946E+01	4.44284E-01	2.14240E-01	-8.69892E-01	PRIM
1.99983E+01	1000010010	1.02846E+01	-8.58177E-03	9.94952E-04	-5.81800E-05	8.17712E-02	-9.94952E-01	5.81800E-02	1000010010	1.02846E+01	-1.64387E+00	1.98983E+01	-1.16356E+00	8.17712E-02	-9.94952E-01	5.81800E-02	PRIM
1.99946E+01	1000010010	1.14966E+01	-9.01193E-03	7.53634E-05	-8.55715E-04	5.11930E-01	-7.53634E-02	8.55715E-01	1000010010	1.14966E+01	-1.02449E+01	1.50694E+00	-1.71106E+01	5.11930E-01	-7.53634E-02	8.55715E-01	PRIM
2.00027E+01	1000010010	6.71766E+00	-8.06825E-03	8.14711E-04	-3.87092E-04	-4.31746E-01	-8.14711E-01	3.87092E-01	1000010010	6.71766E+00	8.62801E+00	1.62972E+01	-7.74327E+00	-4.31746E-01	-8.14711E-01	3.87092E-01	PRIM
1.99936E+01	1000010010	5.85240E+00	-9.12971E-03	3.82060E-04	-6.76381E-04	6.29714E-01	-3.82060E-01	6.76381E-01	1000010010	5.85240E+00	-1.25994E+01	7.63915E+00	-1.35240E+01	6.29714E-01	-3.82060E-01	6.76381E-01	PRIM
2.00026E+01	1000010010	9.66101E+00	-8.07561E-03	-4.05975E-04	-8.09367E-04	-4.24394E-01	4.05975E-01	8.09367E-01	1000010010	9.66101E+00	8.48091E+00	-8.12096E+00	-1.61903E+01	-4.24394E-01	4.05975E-01	8.09367E-01	PRIM
1.99955E+01	1000010010	7.68454E+00	-8.91025E-03	8.16930E-04	-4.05364E-04	4.10252E-01	-8.16930E-01	4.05364E-01	1000010010	7.68454E+00	-8.21210E+00	1.63357E+01	-8.10586E+00	4.10252E-01	-8.16930E-01	4.05364E-01	PRIM
1.99909E+01	1000010010	7.51985E+00	-9.45114E-03	-3.03569E-04	5.63109E-05	9.51144E-01	3.03569E-01	-5.63109E-02	1000010010	7.51985E+00	-1.90237E+01	-6.06893E+00	1.12576E+00	9.51144E-01	3.03569E-01	-5.63109E-02	PRIM
1.99998E+01	1000010010	6.65554E+00	-8.40861E-03	-2.05652E-04	9.74349E-04	-9.13865E-02	2.05652E-01	-9.74349E-01	1000010010	6.65554E+00	1.81930E+00	-4.11321E+00	1.94877E+01	-9.13865E-02	2.05652E-01	-9.74349E-01	PRIM
2.00000E+01	1000010010	1.11113E+01	-8.38299E-03	-2.04613E-04	9.71824E-04	-1.17014E-01	2.04613E-01	-9.71824E-01	1000010010	1.11113E+01	2.33189E+00	-4.09246E+00	1.94374E+01	-1.17014E-01	2.04613E-01	-9.71824E-01	PRIM
2.00075E+01	1000010010	6.69869E+00	-8.41047E-03	4.35385E-05	9.38727E-06	-8.95337E-01	-4.35385E-01	-9.38727E-02	1000010010	6.69869E+00	1.79051E+01	8.71101E+00	1.87817E+00	-8.95337E-01	-4.35385E-01	-9.38727E-02	PRIM
2.00027E+01	1000010010	7.39076E+00	-8.06561E-03	-6.95391E-04	-5.72480E-04	-4.34395E-01	6.95391E-01	5.72480E-01	1000010010	7.39076E+00	8.68099E+00	-1.39104E+01	-1.14517E+01	-4.34395E-01	6.95391E-01	5.72480E-01	PRIM
2.00004E+01	1000010010	9.41368E+00	-8.34055E-03	3.06760E-04	9.38337E-04	-1.59446E-01	-3.06760E-01	-9.38337E-01	1000010010	9.41368E+00	3.18063E+00	6.13561E+00	1.87680E+01	-1.59446E-01	-3.06760E-01	-9.38337E-01	PRIM
1.99949E+01	1000010010	8.17801E+00	-8.55851E-03	-5.71220E-05	5.75670E-05	5.85074E-01	5.71220E-01	-5.75670E-01	1000010010	8.17801E+00	-1.17071E+01	-1.14216E+01	1.15105E+01	5.85074E-01	5.71220E-01	-5.75670E-01	PRIM
1.99911E+01	1000010010	1.06820E+01	-9.43320E-03	-2.65675E-04	2.41983E-04	9.33199E-01	2.65675E-01	-2.41983E-01	1000010010	1.06820E+01	-1.86651E+01	-5.31140E+00	4.83774E+00	9.33199E-01	2.65675E-01	-2.41983E-01	PRIM
1.99939E+01	1000010010	7.07854E+00	-9.10541E-03	-7.81480E-04	1.50875E-04	6.05414E-01	7.81480E-01	-1.50875E-01	1000010010	7.07854E+00	-1.21137E+01	-1.56256E+01	3.01672E+00	6.05414E-01	7.81480E-01	-1.50875E-01	PRIM
1.99992E+01	1000010010	5.58971E+00	-8.47920E-03	5.61181E-04	-8.27432E-04	-2.08028E-02	-5.61181E-01	8.27432E-01	1000010010	5.58971E+00	4.07560E-01	1.12237E+01	-1.65488E+01	-2.08028E-02	-5.61181E-01	8.27432E-01	PRIM
1.99980E+01	1000010010	1.79015E+01	-8.61917E-03	8.61104E-04	4.94265E-04	1.19173E-01	-8.61104E-01	-4.94265E-01	1000010010	1.79015E+01	-2.39184E+00	1.72212E+01	9.88481E+00	1.19173E-01	-8.61104E-01	-4.94265E-01	PRIM
2.00053E+01	1000010010	1.14151E+01	-7.75465E-03	-6.15293E-05	-6.63825E-04	-7.45352E-01	6.15293E-02	6.63825E-01	1000010010	1.14151E+01	1.49033E+01	-1.23098E+00	-1.32807E+01	-7.45352E-01	6.15293E-02	6.63825E-01	PRIM
1.99939E+01	1000010010	9.94684E+00	-9.10541E-03	-7.81480E-04	1.50875E-04	6.05414E-01	7.81480E-01	-1.50875E-01	1000010010	9.94684E+00	-1.21137E+01	-1.56256E+01	3.01672E+00	6.05414E-01	7.81480E-01	-1.50875E-01	PRIM
1.99994E+01	1000010010	5.22258E+00	-8.45839E-03	1.69021E-04	-9.84734E-04	-4.16147E-02	-1.69021E-01	9.84734E-01	1000010010	5.22258E+00	8.23808E-01	3.38048E+00	-1.96950E+01	-4.16147E-02	-1.69021E-01	9.84734E-01	PRIM
1.99965E+01	1000010010	1.20687E+01	-8.79799E-03	-7.10632E-04	6.37339E-04	2.97995E-01	7.10632E-01	-6.37339E-01	1000010010	1.20687E+01	-5.96764E+00	-1.42108E+01	1.27452E+01	2.97995E-01	7.10632E-01	-6.37339E-01	PRIM
2.00043E+01	1000010010	3.94744E+02	-7.88067E-03	-4.16312E-04	-6.65673E-04	-6.19325E-01	4.16312E-01	6.65673E-01	1000010010	3.94744E+02	1.23813E+01	-8.32843E+00	-1.33170E+01	-6.19325E-01	4.16312E-01	6.65673E-01	PRIM
1.99952E+01	1000010010	8.55856E+00	-8.94599E-03	-4.43059E-04	-7.77681E-04	4.45994E-01	4.43059E-01	7.77681E-01	1000010010	8.55856E+00	-8.92670E+00	-8.85951E+00	-1.55507E+01	4.45994E-01	4.43059E-01	7.77681E-01	PRIM
1.99952E+01	1000010010	1.12035E+01	-8.94599E-03	-4.43059E-04	-7.77681E-04	4.45994E-01	4.43059E-01	7.77681E-01	1000010010	1.12035E+01	-8.92670E+00	-8.85951E+00	-1.55507E+01	4.45994E-01	4.43059E-01	7.77681E-01	PRIM
1.99940E+01	1000010010	3.00183E+01	-9.08456E-03	-3.00652E-04	7.53592E-04	5.84557E-01	3.00652E-01	-7.53592E-01	1000010010	3.00183E+01	-1.16967E+01	-6.01154E+00	1.50681E+01	5.84557E-01	3.00652E-01	-7.53592E-01	PRIM
1.99964E+01	1000010010	5.38392E+00	-8.80085E-03	4.83067E-04	-8.22276E-04	3.00846E-01	-4.83067E-01	8.22276E-01	1000010010	5.38392E+00	-6.02465E+00	9.66010E+00	-1.64434E+01	3.00846E-01	-4.83067E-01	8.22276E-01	PRIM
1.99956E+01	1000010010	1.01982E+01	-8.89748E-03	8.93388E-04	-2.09444E-04	3.97482E-01	-8.93388E-01	2.09444E-01	1000010010	1.01982E+01	-7.95680E+00	1.78647E+01	-4.18816E+00	3.97482E-01	-8.93388E-01	2.09444E-01	PRIM
2.00043E+01	1000010010	7.19777E+00	-7.87226E-03	-7.32474E-04	-2.63485E-04	-6.27740E-01	7.32474E-01	2.63485E-01	1000010010	7.19777E+00	1.25496E+01	-1.46534E+01	-5.27111E+00	-6.27740E-01	7.32474E-01	2.63485E-01	PRIM
1.99990E+01	1000010010	1.28948E+01	-8.50511E-03	1.84612E-05	9.99817E-04	5.11042E-03	-1.84612E-02	-9.99817E-01	1000010010	1.28948E+01	-1.10708E-01	3.69223E-01	1.99963E+01	5.11042E-03	-1.84612E-02	-9.99817E-01	PRIM
1.99969E+01	1000010010	9.71424E+00	-8.53500E-03	3.54398E-05	8.67109E-05	3.50033E-01	-3.54398E-01	-8.67109E-01	1000010010	9.71424E+00	-7.00812E+00	7.08690E+00	1.73396E+01	3.50033E-01	-3.54398E-01	-8.67109E-01	PRIM
1.99982E+01	1000010010	1.24426E+01	-8.59949E-03	-3.29035E-05	9.94495E-04	9.94866E-02	3.29035E-02	-9.94495E-01	1000010010	1.24426E+01	-1.99815E+00	-6.58041E-01	1.98891E+01	9.94866E-02	3.29035E-02	-9.94495E-01	PRIM
2.00044E+01	1000010010	9.63257E+00	-8.44750E-03	-6.53068E-06	-8.48616E-05	-5.24963E-01	6.53068E-02	8.48616E-01	1000010010	9.63257E+00	1.04931E+01	-1.30643E+00	-1.69761E+01	-5.24963E-01	6.53068E-02	8.48616E-01	PRIM
1.99982E+01	1000010010	5.59080E+00	-8.51951E-03	-7.41969E-05	-6.41427E-05	1.95071E-01	7.41969E-01	6.41427E-01	1000010010	5.59080E+00	-3.90961E+00	-1.48382E+01	-1.28275E+01	1.95071E-01	7.41969E-01	6.41427E-01	PRIM
2.00037E+01	1000010010	6.85752E+00	-8.45559E-03	6.98824E-05	-5.60706E-05	-4.44133E-01	-6.98824E-01	5.60706E-01	1000010010	6.85752E+00	8.87583E+00	1.39791E+01	-1.12162E+01	-4.44133E-01	-6.98824E-01	5.60706E-01	PRIM
1.99912E+01	1000010010	6.85019E+00	-9.42152E-03	3.77176E-04	9.24458E-05	9.21516E-01	-3.77176E-01	-9.24458E-02	1000010010	6.85019E+00	-1.84316E+01	7.54057E+00	1.84819E+00	9.21516E-01	-3.77176E-01	-9.24458E-02	PRIM
2.00034E+01	1000010010	5.18624E+00	-8.45839E-03	-6.91645E-05	-5.90323E-05	-4.16108E-01	6.91645E-01	5.90323E-01	1000010010	5.18624E+00	8.31514E+00	-1.38353E+01	-1.18085E+01	-4.16108E-01	6.91645E-01	5.90323E-01	PRIM
2.00000E+01	1000010010	5.05962E+00	-8.38110E-03	-1.08209E-04	-9.86992E-04	-1.18899E-01	1.08209E-01	9.86992E-01	1000010010	5.05962E+00	2.36961E+00	-2.16430E+00	-1.97408E+01	-1.18899E-01	1.08209E-01	9.86992E-01	PRIM
1.99964E+01	1000010010	1.74450E+01	-8.81032E-03	-7.10276E-04	-6.31829E-04	3.10322E-01	7.10276E-01	6.31829E-01	1000010010	1.74450E+01	-6.21411E+00	-1.42037E+01	-1.26349E+01	3.10322E-01	7.10276E-01	6.31829E-01	PRIM
1.99911E+01	1000010010	1.69325E+01	-9.42785E-03	1.24045E-04	-3.51719E-04	9.27851E-01	-1.24045E-01	3.51719E-01	1000010010	1.69325E+01	-1.85582E+01	2.47991E+00	-7.03160E+00	9.27851E-01	-1.24045E-01	3.51719E-01	PRIM
1.99998E+01	1000010010	2.07552E+01	-8.50165E-03	4.73713E-05	8.80526E-05	1.64648E-02	-4.73713E-01	-8.80526E-01	1000010010	2.07552E+01	-3.37793E-01	9.47418E+00	1.76104E+01	1.64648E-02	-4.73713E-01	-8.80526E-01	PRIM
2.00004E+01	1000010010	1.62494E+01	-8.49395E-03	1.87574E-06	9.97992E-05	-6.05053E-02	-1.87574E-02	-9.97992E-01	1000010010	1.62494E+01	1.20164E+00	3.75158E-01	1.99603E+01	-6.05053E-02	-1.87574E-02	-9.97992E-01	PRIM
2.00033E+01	1000010010	9.05448E+00	-7.99472E-03	1.38160E-04	8.51826E-04	-5.05277E-01	-1.38160E-01	-8.51826E-01	1000010010	9.05448E+00	1.00992E+01	2.76380E+00	1.70402E+01	-5.05277E-01	-1.38160E-01	-8.51826E-01	PRIM
1.99993E+01	1000010010	6.60326E+00	-8.50703E-03	-3.35383E-05	9.39452E-05	7.03401E-02	3.35383E-01	-9.39452E-01	1000010010	6.60326E+00	-1.41526E+00	-6.70747E+00	1.87885E+01	7.03401E-02	3.35383E-01	-9.39452E-01	PRIM
2.00018E+01	1000010010	2.14099E+01	-8.43331E-03	1.47009E-04	-2.20392E-04	-2.44104E-01	-5.38125E-01	8.06743E-01	1000010010	2.14099E+01	4.87409E+00	1.07636E+01	-1.61365E+01	-2.44104E-01	-5.38125E-01	8.06743E-01	PRIM
1.99982E+01	1000010010	5.67648E+00	-8.51951E-03	-7.41969E-05	-6.41427E-05	1.95071E-01	7.41969E-01	6.41427E-01	1000010010	5.67648E+00	-3.90961E+00	-1.48382E+01	-1.28275E+01	1.95071E-01	7.41969E-01	6.41427E-01	PRIM
2.00005E+01	1000010010	5.51066E+00	-8.32037E-03	-7.63444E-04	-6.20393E-04	-1.79628E-01	7.63444E-01	6.20393E-01	1000010010	5.51066E+00	3.58433E+00	-1.52700E+01	-1.24088E+01	-1.79628E-01	7.63444E-01	6.20393E-01	PRIM
2.00038E+01	1000010010	7.37735E+00	-7.93007E-03	-5.26020E-04	-6.31256E-04	-5.69930E-01	5.26020E-01	6.31256E-01	1000010010	7.37735E+00	1.13929E+01	-1.05229E+01	-1.26282E+01	-5.69930E-01	5.26020E-01	6.31256E-01	PRIM
2.00066E+01	1000010010	6.86912E+00	-7.60823E-03	3.35794E-04	-3.03309E-04	-8.91766E-01	-3.35794E-01	3.03309E-01	1000010010	6.86912E+00	1.78336E+01	6.71843E+00	-6.06847E+00	-8.91766E-01	-3.35794E-01	3.03309E-01	PRIM
1.99987E+01	1000010010	1.39261E+01	-8.53692E-03	7.63688E-04	-6.44528E-04	3.69219E-02	-7.63688E-01	6.44528E-01	1000010010	1.39261E+01	-7.46927E-01	1.52735E+01	-1.28904E+01	3.69219E-02	-7.63688E-01	6.44528E-01	PRIM
2.00027E+01	1000010010	5.69745E+00	-8.06561E-03	-6.95391E-04	-5.72480E-04	-4.34395E-01	6.95391E-01	5.72480E-01	1000010010	5.69745E+00	8.68099E+00	-1.39104E+01	-1.14517E+01	-4.34395E-01	6.95391E-01	5.72480E-01	PRIM
1.99946E+01	1000010010	1.25290E+01	-9.01193E-03	7.53634E-05	-8.55715E-04	5.11930E-01	-7.53634E-02	8.55715E-01	1000010010	1.25290E+01	-1.02449E+01	1.50694E+00	-1.71106E+01	5.11930E-01	-7.53634E-02	8.55715E-01	PRIM
1.99949E+01	1000010010	1.23733E+01	-8.55851E-03	-5.71220E-05	5.75670E-05	5.85074E-01	5.71220E-01	-5.75670E-01	1000010010	1.23733E+01	-1.17071E+01	-1.14216E+01	1.15105E+01	5.85074E-01	5.71220E-01	-5.75670E-01	PRIM
2.00018E+01	1000010010	6.73406E+00	-8.32366E-03	-1.26996E-04	-5.79782E-04	-2.84803E-01	2.05107E-01	9.36386E-01	1000010010	6.73406E+00	5.68826E+00	-4.10263E+00	-1.87300E+01	-2.84803E-01	2.05107E-01	9.36386E-01	PRIM
1.99956E+01	1000010010	7.79292E+00	-8.89561E-03	8.27745E-04	3.97905E-04	3.95613E-01	-8.27745E-01	-3.97905E-01	1000010010	7.79292E+00	-7.91944E+00	1.65521E+01	7.95675E+00	3.95613E-01	-8.27745E-01	-3.97905E-01	PRIM
1.99955E+01	1000010010	1.00305E+01	-8.91025E-03	8.16930E-04	-4.05364E-04	4.10252E-01	-8.16930E-01	4.05364E-01	1000010010	1.00305E+01	-8.21210E+00	1.63357E+01	-8.10586E+00	4.10252E-01	-8.16930E-01	4.05364E-01	PRIM
1.99946E+01	1000010010	1.18678E+01	-9.01193E-03	7.53634E-05	-8.55715E-04	5.11930E-01	-7.53634E-02	8.55715E-01	1000010010	1.18678E+01	-1.02449E+01	1.50694E+00	-1.71106E+01	5.11930E-01	-7.53634E-02	8.55715E-01	PRIM
2.00018E+01	1000010010	6.41343E+00	-8.46979E-03	-7.54961E-06	-1.29023E-04	-2.27581E-01	5.68809E-02	9.72096E-01	1000010010	6.41343E+00	4.54356E+00	-1.13773E+00	-1.94438E+01	-2.27581E-01	5.68809E-02	9.72096E-01	PRIM
1.99998E+01	1000010010	5.27277E+00	-8.50151E-03	-7.76540E-06	9.96866E-05	1.50832E-02	7.76540E-02	-9.96866E-01	1000010010	5.27277E+00	-3.10163E-01	-1.55307E+00	1.99372E+01	1.50832E-02	7.76540E-02	-9.96866E-01	PRIM
2.00029E+01	1000010010	7.61818E+00	-8.04242E-03	-7.97319E-04	-3.93572E-04	-4.57584E-01	7.97319E-01	3.93572E-01	1000010010	7.61818E+00	9.14497E+00	-1.59495E+01	-7.87297E+00	-4.57584E-01	7.97319E-01	3.93572E-01	PRIM
1.99916E+01	1000010010	3.03533E+01	-9.36842E-03	-1.66074E-04	4.67188E-04	8.68421E-01	1.66074E-01	-4.67188E-01	1000010010	3.03533E+01	-1.73705E+01	-3.32025E+00	9.34032E+00	8.68421E-01	1.66074E-01	-4.67188E-01	PRIM
1.99965E+01	1000010010	7.12531E+00	-8.79799E-03	-7.10632E-04	6.37339E-04	2.97995E-01	7.10632E-01	-6.37339E-01	1000010010	7.12531E+00	-5.96764E+00	-1.42108E+01	1.27452E+01	2.97995E-01	7.10632E-01	-6.37339E-01	PRIM
1.99983E+01	1000010010	4.55848E+01	-8.58541E-03	8.77650E-04	4.71631E-04	8.54137E-02	-8.77650E-01	-4.71631E-01	1000010010	4.55848E+01	-1.71671E+00	1.75524E+01	9.43227E+00	8.54137E-02	-8.77650E-01	-4.71631E-01	PRIM
1.99972E+01	1000010010	1.66557E+01	-8.53197E-03	2.71340E-05	9.07835E-05	3.19704E-01	-2.71340E-01	-9.07835E-01	1000010010	1.66557E+01	-6.40171E+00	5.42607E+00	1.81542E+01	3.19704E-01	-2.71340E-01	-9.07835E-01	PRIM
1.99986E+01	1000010010	7.52685E+00	-8.51581E-03	2.83561E-05	-9.45825E-05	1.58140E-01	-2.83561E-01	9.45825E-01	1000010010	7.52685E+00	-3.17109E+00	5.67084E+00	-1.89152E+01	1.58140E-01	-2.83561E-01	9.45825E-01	PRIM
2.00004E+01	1000010010	1.12573E+01	-8.34055E-03	3.06760E-04	9.38337E-04	-1.59446E-01	-3.06760E-01	-9.38337E-01	1000010010	1.12573E+01	3.18063E+00	6.13561E+00	1.87680E+01	-1.59446E-01	-3.06760E-01	-9.38337E-01	PRIM
1.99963E+01	1000010010	1.61648E+01	-8.82199E-03	-1.18361E-04	-9.39316E-04	3.21989E-01	1.18361E-01	9.39316E-01	1000010010	1.61648E+01	-6.44741E+00	-2.36689E+00	-1.87837E+01	3.21989E-01	1.18361E-01	9.39316E-01	PRIM
2.00047E+01	1000010010	6.17726E+00	-8.44390E-03	-4.62173E-05	-6.86822E-05	-5.60955E-01	4.62173E-01	6.86822E-01	1000010010	6.17726E+00	1.12133E+01	-9.24567E+00	-1.37397E+01	-5.60955E-01	4.62173E-01	6.86822E-01	PRIM
1.99994E+01	1000010010	1.44165E+01	-8.45287E-03	1.40092E-05	9.98790E-04	-4.71336E-02	-1.40092E-02	-9.98790E-01	1000010010	1.44165E+01	9.34191E-01	2.80190E-01	1.99762E+01	-4.71336E-02	-1.40092E-02	-9.98790E-01	PRIM
1.99961E+01	1000010010	9.36411E+00	-8.84273E-03	-6.59451E-04	-6.69072E-04	3.42734E-01	6.59451E-01	6.69072E-01	1000010010	9.36411E+00	-6.86219E+00	-1.31871E+01	-1.33795E+01	3.42734E-01	6.59451E-01	6.69072E-01	PRIM
2.00043E+01	1000010010	1.74730E+01	-7.87819E-03	4.96719E-04	-6.05497E-04	-6.21807E-01	-4.96719E-01	6.05497E-01	1000010010	1.74730E+01	1.24309E+01	9.93700E+00	-1.21131E+01	-6.21807E-01	-4.96719E-01	6.05497E-01	PRIM
1.99999E+01	1000010010	5.14402E+00	-8.39149E-03	3.31285E-04	-9.37270E-04	-1.08511E-01	-3.31285E-01	9.37270E-01	1000010010	5.14402E+00	2.16182E+00	6.62601E+00	-1.87463E+01	-1.08511E-01	-3.31285E-01	9.37270E-01	PRIM
2.00020E+01	1000010010	5.65989E+00	-8.15184E-03	-5.04196E-04	7.90297E-04	-3.48162E-01	5.04196E-01	-7.90297E-01	1000010010	5.65989E+00	6.95576E+00	-1.00854E+01	1.58083E+01	-3.48162E-01	5.04196E-01	-7.90297E-01	PRIM
1.99992E+01	1000010010	5.56263E+00	-8.47920E-03	5.61181E-04	-8.27432E-04	-2.08028E-02	-5.61181E-01	8.27432E-01	1000010010	5.56263E+00	4.07560E-01	1.12237E+01	-1.65488E+01	-2.08028E-02	-5.61181E-01	8.27432E-01	PRIM
1.99965E+01	1000010010	1.17416E+01	-8.79794E-03	6.54010E-04	-6.95344E-04	2.97939E-01	-6.54010E-01	6.95344E-01	1000010010	1.17416E+01	-5.96653E+00	1.30785E+01	-1.39051E+01	2.97939E-01	-6.54010E-01	6.95344E-01	PRIM
1.99996E+01	1000010010	6.89916E+00	-8.43485E-03	-8.68792E-05	9.94086E-04	-6.51475E-02	8.68792E-02	-9.94086E-01	1000010010	6.89916E+00	1.29449E+00	-1.73763E+00	1.98823E+01	-6.51475E-02	8.68792E-02	-9.94086E-01	PRIM
1.99956E+01	1000010010	9.23470E+00	-8.55031E-03	7.58437E-05	4.14295E-05	5.03123E-01	-7.58437E-01	-4.14295E-01	1000010010	9.23470E+00	-1.00688E+01	1.51655E+01	8.28413E+00	5.03123E-01	-7.58437E-01	-4.14295E-01	PRIM
1.99980E+01	1000010010	7.64235E+00	-8.61917E-03	8.61104E-04	4.94265E-04	1.19173E-01	-8.61104E-01	-4.94265E-01	1000010010	7.64235E+00	-2.39184E+00	1.72212E+01	9.88481E+00	1.19173E-01	-8.61104E-01	-4.94265E-01	PRIM
1.99982E+01	1000010010	4.06227E+01	-8.59949E-03	-3.29035E-05	9.94495E-04	9.94866E-02	3.29035E-02	-9.94495E-01	1000010010	4.06227E+01	-1.99815E+00	-6.58041E-01	1.98891E+01	9.94866E-02	3.29035E-02	-9.94495E-01	PRIM
2.00005E+01	1000010010	5.97574E+00	-8.32037E-03	-7.63444E-04	-6.20393E-04	-1.79628E-01	7.63444E-01	6.20393E-01	1000010010	5.97574E+00	3.58433E+00	-1.52700E+01	-1.24088E+01	-1.79628E-01	7.63444E-01	6.20393E-01	PRIM
2.00043E+01	1000010010	5.92195E+00	-7.87226E-03	-7.32474E-04	-2.63485E-04	-6.27740E-01	7.32474E-01	2.63485E-01	1000010010	5.92195E+00	1.25496E+01	-1.46534E+01	-5.27111E+00	-6.27740E-01	7.32474E-01	2.63485E-01	PRIM
1.99952E+01	1000010010	2.01983E+01	-8.94599E-03	-4.43059E-04	-7.77681E-04	4.45994E-01	4.43059E-01	7.77681E-01	1000010010	2.01983E+01	-8.92670E+00	-8.85951E+00	-1.55507E+01	4.45994E-01	4.43059E-01	7.77681E-01	PRIM
2.00027E+01	1000010010	9.52215E+00	-8.06561E-03	-6.95391E-04	-5.72480E-04	-4.34395E-01	6.95391E-01	5.72480E-01	1000010010	9.52215E+00	8.68099E+00	-1.39104E+01	-1.14517E+01	-4.34395E-01	6.95391E-01	5.72480E-01	PRIM
1.99988E+01	1000010010	5.92836E+00	-8.52589E-03	-6.13530E-05	9.97780E-04	2.58936E-02	6.13530E-02	-9.97780E-01	1000010010	5.92836E+00	-5.26367E-01	-1.22705E+00	1.99554E+01	2.58936E-02	6.13530E-02	-9.97780E-01	PRIM
2.00021E+01	1000010010	7.86503E+00	-8.13773E-03	-8.31654E-04	4.20848E-04	-3.62268E-01	8.31654E-01	-4.20848E-01	1000010010	7.86503E+00	7.23798E+00	-1.66356E+01	8.41826E+00	-3.62268E-01	8.31654E-01	-4.20848E-01	PRIM
2.00070E+01	1000010010	1.46365E+01	-8.41596E-03	5.27187E-05	1.25836E-05	-8.40380E-01	-5.27187E-01	-1.25836E-01	1000010010	1.46365E+01	1.68051E+01	1.05475E+01	2.51761E+00	-8.40380E-01	-5.27187E-01	-1.25836E-01	PRIM
1.99955E+01	1000010010	8.22808E+00	-8.91025E-03	8.16930E-04	-4.05364E-04	4.10252E-01	-8.16930E-01	4.05364E-01	1000010010	8.22808E+00	-8.21210E+00	1.63357E+01	-8.10586E+00	4.10252E-01	-8.16930E-01	4.05364E-01	PRIM
1.99955E+01	1000010010	6.85732E+00	-8.55197E-03	-7.46199E-05	4.16070E-05	5.19686E-01	7.46199E-01	-4.16070E-01	1000010010	6.85732E+00	-1.03999E+01	-1.49207E+01	8.31955E+00	5.19686E-01	7.46199E-01	-4.16070E-01	PRIM
1.99951E+01	1000010010	6.77604E+00	-8.95412E-03	-8.43014E-04	-2.88276E-04	4.54119E-01	8.43014E-01	2.88276E-01	1000010010	6.77604E+00	-9.08912E+00	-1.68570E+01	-5.76441E+00	4.54119E-01	8.43014E-01	2.88276E-01	PRIM
1.99987E+01	1000010010	1.02379E+02	-8.53692E-03	7.63688E-04	-6.44528E-04	3.69219E-02	-7.63688E-01	6.44528E-01	1000010010	1.02379E+02	-7.46927E-01	1.52735E+01	-1.28904E+01	3.69219E-02	-7.63688E-01	6.44528E-01	PRIM
1.99937E+01	1000010010	8.02802E+00	-9.12251E-03	-6.43698E-04	4.45120E-04	6.22512E-01	6.43698E-01	-4.45120E-01	1000010010	8.02802E+00	-1.24554E+01	-1.28706E+01	8.90004E+00	6.22512E-01	6.43698E-01	-4.45120E-01	PRIM
1.99994E+01	1000010010	5.86441E+00	-8.45839E-03	1.69021E-04	-9.84734E-04	-4.16147E-02	-1.69021E-01	9.84734E-01	1000010010	5.86441E+00	8.23808E-01	3.38048E+00	-1.96950E+01	-4.16147E-02	-1.69021E-01	9.84734E-01	PRIM
1.99983E+01	1000010010	7.45626E+00	-8.58126E-03	-1.46297E-04	9.85897E-04	8.12637E-02	1.46297E-01	-9.85897E-01	1000010010	7.45626E+00	-1.63372E+00	-2.92584E+00	1.97173E+01	8.12637E-02	1.46297E-01	-9.85897E-01	PRIM
1.99965E+01	1000010010	6.37721E+00	-8.79799E-03	-7.10632E-04	6.37339E-04	2.97995E-01	7.10632E-01	-6.37339E-01	1000010010	6.37721E+00	-5.96764E+00	-1.42108E+01	1.27452E+01	2.97995E-01	7.10632E-01	-6.37339E-01	PRIM
1.99969E+01	1000010010	4.23035E+01	-8.53500E-03	3.54398E-05	8.67109E-05	3.50033E-01	-3.54398E-01	-8.67109E-01	1000010010	4.23035E+01	-7.00812E+00	7.08690E+00	1.73396E+01	3.50033E-01	-3.54398E-01	-8.67109E-01	PRIM
2.00046E+01	1000010010	2.98729E+01	-7.84521E-03	-7.31181E-04	1.91381E-04	-6.54789E-01	7.31181E-01	-1.91381E-01	1000010010	2.98729E+01	1.30909E+01	-1.46277E+01	3.82868E+00	-6.54789E-01	7.31181E-01	-1.91381E-01	PRIM
1.99912E+01	1000010010	8.14357E+00	-9.42152E-03	3.77176E-04	9.24458E-05	9.21516E-01	-3.77176E-01	-9.24458E-02	1000010010	8.14357E+00	-1.84316E+01	7.54057E+00	1.84819E+00	9.21516E-01	-3.77176E-01	-9.24458E-02	PRIM
1.99983E+01	1000010010	5.61915E+01	-8.57685E-03	-5.16969E-05	-9.95701E-04	7.68536E-02	5.16969E-02	9.95701E-01	1000010010	5.61915E+01	-1.54552E+00	-1.03390E+00	-1.99134E+01	7.68536E-02	5.16969E-02	9.95701E-01	PRIM
1.99943E+01	1000010010	6.59307E+00	-9.05620E-03	-8.04472E-04	-2.08483E-04	5.56200E-01	8.04472E-01	2.08483E-01	1000010010	6.59307E+00	-1.11299E+01	-1.60856E+01	-4.16868E+00	5.56200E-01	8.04472E-01	2.08483E-01	PRIM
