#	D	ID	E	X	Y	Z	Px	Py	Pz	ID0	E0	X0	Y0	Z0	P0x	P0y	P0z	tag
#
# D             Trajectory length [1 Mpc]
# ID/ID0/ID1    Particle type (PDG MC numbering scheme)
# E/E0/E1       Energy [1 EeV]
# X/X0/X1...    Position [1 Mpc]
# Px/P0x/P1x... Heading (unit vector of momentum)
# tag           Candidate tag can be given by the source feature (user defined tag) or by the following interaction process 
#	ES  	ElasticScattering 
#	EPP 	ElectronPairProduction 
#	EMPP	EMPairProduction
#	EMDP	EMDoublePairProduction
#	EMTP	EMTripletPairProduction 
#	EMIC	EMInverseComptonScattering
#	ND  	NuclearDecay
#	PD  	PhotoDisintegration
#	PPP  	PhotoPionProduction
#	SYN 	SynchrotronRadiation
#	PRIM/SEC	 primary / secondary particle
# no index = current, 0 = at source, 1 = at point of creation
#
# CRPropa version: 3.2-85-g7a40f1f1
#
2.29993E-02	1000010010	8.16435E+00	-3.59156E-03	-1.03594E-04	-4.04986E-04	-9.08435E-01	1.03594E-01	4.04986E-01	1000010010	8.16435E+00	1.73018E-02	-2.48618E-03	-9.71939E-03	-9.08435E-01	1.03594E-01	4.04986E-01	PRIM
1.70459E-02	1000010010	1.23566E+01	-4.83306E-03	-8.22274E-04	-4.61448E-04	3.33062E-01	8.22274E-01	4.61448E-01	1000010010	1.23566E+01	-1.05104E-02	-1.48387E-02	-8.32727E-03	3.33062E-01	8.22274E-01	4.61448E-01	PRIM
1.80430E-02	1000010010	5.14552E+00	-4.59986E-03	2.84938E-04	9.53330E-04	9.98640E-02	-2.84938E-01	-9.53330E-01	1000010010	5.14552E+00	-6.40171E-03	5.42607E-03	1.81542E-02	9.98640E-02	-2.84938E-01	-9.53330E-01	PRIM
2.25073E-02	1000010010	7.85874E+00	-3.68313E-03	5.68133E-04	9.87059E-05	-8.16955E-01	-5.68189E-01	-9.87157E-02	1000010010	7.85874E+00	1.47043E-02	1.33566E-02	2.32053E-03	-8.16955E-01	-5.68189E-01	-9.87157E-02	PRIM
2.07054E-02	1000010010	5.72040E+00	-4.03225E-03	-6.83722E-04	5.60118E-04	-4.67752E-01	6.83722E-01	-5.60118E-01	1000010010	5.72040E+00	5.65274E-03	-1.48405E-02	1.21576E-02	-4.67752E-01	6.83722E-01	-5.60118E-01	PRIM
1.92528E-02	1000010010	1.91414E+01	-4.33312E-03	2.31390E-04	-9.58337E-04	-1.66896E-01	-2.31413E-01	9.58433E-01	1000010010	1.91414E+01	-1.11991E-03	4.68673E-03	-1.94108E-02	-1.66896E-01	-2.31413E-01	9.58433E-01	PRIM
2.33499E-02	1000010010	2.48719E+01	-3.52730E-03	1.12135E-04	-2.03167E-04	-9.72702E-01	-1.12135E-01	2.03167E-01	1000010010	2.48719E+01	1.91852E-02	2.73048E-03	-4.94708E-03	-9.72702E-01	-1.12135E-01	2.03167E-01	PRIM
2.21354E-02	1000010010	1.26848E+01	-3.75329E-03	3.25461E-04	5.79915E-04	-7.46783E-01	-3.25494E-01	-5.79973E-01	1000010010	1.26848E+01	1.27771E-02	7.53040E-03	1.34179E-02	-7.46783E-01	-3.25494E-01	-5.79973E-01	PRIM
1.80430E-02	1000010010	1.93786E+01	-4.59986E-03	2.84938E-04	9.53330E-04	9.98640E-02	-2.84938E-01	-9.53330E-01	1000010010	1.93786E+01	-6.40171E-03	5.42607E-03	1.81542E-02	9.98640E-02	-2.84938E-01	-9.53330E-01	PRIM
1.85447E-02	1000010010	8.26542E+00	-4.48725E-03	3.54736E-04	-9.34773E-04	-1.27495E-02	-3.54772E-01	9.34866E-01	1000010010	8.26542E+00	-4.25081E-03	6.93388E-03	-1.82716E-02	-1.27495E-02	-3.54772E-01	9.34866E-01	PRIM
2.20679E-02	1000010010	8.10681E+00	-3.76604E-03	4.30772E-04	-5.25108E-04	-7.33960E-01	-4.30772E-01	5.25108E-01	1000010010	8.10681E+00	1.24309E-02	9.93700E-03	-1.21131E-02	-7.33960E-01	-4.30772E-01	5.25108E-01	PRIM
1.46846E-02	1000010010	7.25749E+00	-5.44738E-03	8.35015E-06	3.19697E-04	9.47472E-01	-8.35098E-03	-3.19729E-01	1000010010	7.25749E+00	-1.93606E-02	1.30981E-04	5.01480E-03	9.47472E-01	-8.35098E-03	-3.19729E-01	PRIM
1.81319E-02	1000010010	5.33110E+00	-4.57969E-03	5.04922E-04	-8.59478E-04	7.96915E-02	-5.04922E-01	8.59478E-01	1000010010	5.33110E+00	-6.02465E-03	9.66010E-03	-1.64434E-02	7.96915E-02	-5.04922E-01	8.59478E-01	PRIM
2.01867E-02	1000010010	6.15471E+01	-4.13748E-03	2.89597E-04	8.85839E-04	-3.62522E-01	-2.89597E-01	-8.85839E-01	1000010010	6.15471E+01	3.18063E-03	6.13561E-03	1.87680E-02	-3.62522E-01	-2.89597E-01	-8.85839E-01	PRIM
1.56894E-02	1000010010	1.26576E+02	-5.17385E-03	-7.21617E-04	-1.58724E-04	6.73852E-01	7.21617E-01	1.58724E-01	1000010010	1.26576E+02	-1.57462E-02	-1.20433E-02	-2.64901E-03	6.73852E-01	7.21617E-01	1.58724E-01	PRIM
1.72119E-02	1000010010	4.55980E+01	-4.79333E-03	-6.78378E-04	-6.73619E-04	2.93328E-01	6.78378E-01	6.73619E-01	1000010010	4.55980E+01	-9.84205E-03	-1.23545E-02	-1.22678E-02	2.93328E-01	6.78378E-01	6.73619E-01	PRIM
1.93354E-02	1000010010	5.78999E+00	-4.31544E-03	7.51082E-04	-6.33888E-04	-1.84559E-01	-7.51082E-01	6.33888E-01	1000010010	5.78999E+00	-7.46927E-04	1.52735E-02	-1.28904E-02	-1.84559E-01	-7.51082E-01	6.33888E-01	PRIM
1.68908E-02	1000010010	5.86016E+00	-4.87057E-03	-8.99101E-04	-2.33007E-04	3.70574E-01	8.99101E-01	2.33007E-01	1000010010	5.86016E+00	-1.11299E-02	-1.60856E-02	-4.16868E-03	3.70574E-01	8.99101E-01	2.33007E-01	PRIM
1.89234E-02	1000010010	5.40820E+00	-4.40415E-03	-9.27384E-04	-3.61348E-04	-9.58587E-02	9.27476E-01	3.61384E-01	1000010010	5.40820E+00	-2.59018E-03	-1.84784E-02	-7.19997E-03	-9.58587E-02	9.27476E-01	3.61384E-01	PRIM
1.99129E-02	1000010010	5.30873E+00	-4.19398E-03	2.48544E-05	-9.51701E-04	-3.06018E-01	-2.48544E-02	9.51701E-01	1000010010	5.30873E+00	1.89971E-03	5.19776E-04	-1.99028E-02	-3.06018E-01	-2.48544E-02	9.51701E-01	PRIM
2.29561E-02	1000010010	1.80682E+01	-3.59954E-03	-4.20039E-04	1.12888E-04	-9.00458E-01	4.20039E-01	-1.12888E-01	1000010010	1.80682E+01	1.70714E-02	-1.00625E-02	2.70434E-03	-9.00458E-01	4.20039E-01	-1.12888E-01	PRIM
2.33499E-02	1000010010	9.27857E+00	-3.52730E-03	1.12135E-04	-2.03167E-04	-9.72702E-01	-1.12135E-01	2.03167E-01	1000010010	9.27857E+00	1.91852E-02	2.73048E-03	-4.94708E-03	-9.72702E-01	-1.12135E-01	2.03167E-01	PRIM
2.12840E-02	1000010010	5.22716E+00	-3.91748E-03	-3.64429E-04	-7.26541E-04	-5.82520E-01	3.64429E-01	7.26541E-01	1000010010	5.22716E+00	8.48091E-03	-8.12096E-03	-1.61903E-02	-5.82520E-01	3.64429E-01	7.26541E-01	PRIM
2.12488E-02	1000010010	1.26689E+01	-3.92440E-03	4.33800E-04	-6.93181E-04	-5.75602E-01	-4.33800E-01	6.93181E-01	1000010010	1.26689E+01	8.30643E-03	9.65153E-03	-1.54224E-02	-5.75602E-01	-4.33800E-01	6.93181E-01	PRIM
1.83608E-02	1000010010	1.09385E+01	-4.52817E-03	7.32113E-04	-6.80600E-04	2.81725E-02	-7.32113E-01	6.80600E-01	1000010010	1.09385E+01	-5.04544E-03	1.41743E-02	-1.31770E-02	2.81725E-02	-7.32113E-01	6.80600E-01	PRIM
2.20360E-02	1000010010	1.62404E+01	-3.77212E-03	-3.33797E-04	-5.98974E-04	-7.27881E-01	3.33797E-01	5.98974E-01	1000010010	1.62404E+01	1.22675E-02	-7.68935E-03	-1.37980E-02	-7.27881E-01	3.33797E-01	5.98974E-01	PRIM
1.88530E-02	1000010010	2.44949E+01	-4.41946E-03	-1.60689E-04	9.83714E-04	-8.05407E-02	1.60689E-01	-9.83714E-01	1000010010	2.44949E+01	-2.90103E-03	-3.19015E-03	1.95296E-02	-8.05407E-02	1.60689E-01	-9.83714E-01	PRIM
2.00739E-02	1000010010	9.42456E+00	-4.16067E-03	3.06300E-04	8.89402E-04	-3.39330E-01	-3.06300E-01	-8.89402E-01	1000010010	9.42456E+00	2.65100E-03	6.45494E-03	1.87432E-02	-3.39330E-01	-3.06300E-01	-8.89402E-01	PRIM
1.79338E-02	1000010010	8.72783E+01	-4.62476E-03	-6.96483E-04	-7.06645E-04	1.24760E-01	6.96483E-01	7.06645E-01	1000010010	8.72783E+01	-6.86219E-03	-1.31871E-02	-1.33795E-02	1.24760E-01	6.96483E-01	7.06645E-01	PRIM
1.76719E-02	1000010010	1.19293E+01	-4.68513E-03	9.56772E-04	-2.24303E-04	1.85134E-01	-9.56772E-01	2.24303E-01	1000010010	1.19293E+01	-7.95680E-03	1.78647E-02	-4.18816E-03	1.85134E-01	-9.56772E-01	2.24303E-01	PRIM
2.20679E-02	1000010010	6.00682E+00	-3.76604E-03	4.30772E-04	-5.25108E-04	-7.33960E-01	-4.30772E-01	5.25108E-01	1000010010	6.00682E+00	1.24309E-02	9.93700E-03	-1.21131E-02	-7.33960E-01	-4.30772E-01	5.25108E-01	PRIM
2.12505E-02	1000010010	6.65995E+00	-3.92405E-03	-6.21798E-04	-5.30709E-04	-5.75948E-01	6.21798E-01	5.30709E-01	1000010010	6.65995E+00	8.31514E-03	-1.38353E-02	-1.18085E-02	-5.75948E-01	6.21798E-01	5.30709E-01	PRIM
2.28016E-02	1000010010	6.58007E+00	-3.62823E-03	-4.75634E-04	1.16602E-04	-8.71853E-01	4.75682E-01	-1.16614E-01	1000010010	6.58007E+00	1.62514E-02	-1.13220E-02	2.77559E-03	-8.71853E-01	4.75682E-01	-1.16614E-01	PRIM
1.92880E-02	1000010010	5.30790E+00	-4.32555E-03	-1.00374E-04	9.79536E-04	-1.74453E-01	1.00374E-01	-9.79536E-01	1000010010	5.30790E+00	-9.60702E-04	-2.03639E-03	1.98729E-02	-1.74453E-01	1.00374E-01	-9.79536E-01	PRIM
1.87917E-02	1000010010	5.26648E+00	-4.43285E-03	2.86526E-04	-9.55717E-04	-6.71450E-02	-2.86526E-01	9.55717E-01	1000010010	5.26648E+00	-3.17109E-03	5.67084E-03	-1.89152E-02	-6.71450E-02	-2.86526E-01	9.55717E-01	PRIM
1.97622E-02	1000010010	1.80142E+01	-4.22541E-03	1.80675E-05	9.61288E-04	-2.74618E-01	-1.80693E-02	-9.61384E-01	1000010010	1.80142E+01	1.20164E-03	3.75158E-04	1.99603E-02	-2.74618E-01	-1.80693E-02	-9.61384E-01	PRIM
2.05199E-02	1000010010	1.55024E+01	-4.06962E-03	-1.52643E-04	8.89648E-04	-4.30380E-01	1.52643E-01	-8.89648E-01	1000010010	1.55024E+01	4.76172E-03	-3.28486E-03	1.91451E-02	-4.30380E-01	1.52643E-01	-8.89648E-01	PRIM
2.17905E-02	1000010010	5.24887E+00	-3.81913E-03	1.30012E-04	7.20775E-04	-6.80868E-01	-1.30012E-01	-7.20775E-01	1000010010	5.24887E+00	1.10173E-02	2.96304E-03	1.64268E-02	-6.80868E-01	-1.30012E-01	-7.20775E-01	PRIM
1.95893E-02	1000010010	2.07582E+01	-4.26164E-03	5.45124E-04	-8.03758E-04	-2.38355E-01	-5.45124E-01	8.03758E-01	1000010010	2.07582E+01	4.07560E-04	1.12237E-02	-1.65488E-02	-2.38355E-01	-5.45124E-01	8.03758E-01	PRIM
1.92528E-02	1000010010	4.22033E+01	-4.33312E-03	2.31390E-04	-9.58337E-04	-1.66896E-01	-2.31413E-01	9.58433E-01	1000010010	4.22033E+01	-1.11991E-03	4.68673E-03	-1.94108E-02	-1.66896E-01	-2.31413E-01	9.58433E-01	PRIM
2.16085E-02	1000010010	8.97472E+01	-3.85426E-03	1.22246E-04	7.53707E-04	-6.45741E-01	-1.22246E-01	-7.53707E-01	1000010010	8.97472E+01	1.00992E-02	2.76380E-03	1.70402E-02	-6.45741E-01	-1.22246E-01	-7.53707E-01	PRIM
1.90653E-02	1000010010	5.63376E+00	-4.37338E-03	2.76331E-04	9.52685E-04	-1.26621E-01	-2.76331E-01	-9.52685E-01	1000010010	5.63376E+00	-1.95932E-03	5.54467E-03	1.91159E-02	-1.26621E-01	-2.76331E-01	-9.52685E-01	PRIM
1.76748E-02	1000010010	6.85107E+00	-4.68445E-03	6.39555E-04	-7.46290E-04	1.84447E-01	-6.39555E-01	7.46290E-01	1000010010	6.85107E+00	-7.94452E-03	1.19436E-02	-1.39368E-02	1.84447E-01	-6.39555E-01	7.46290E-01	PRIM
2.17905E-02	1000010010	1.25747E+01	-3.81913E-03	1.30012E-04	7.20775E-04	-6.80868E-01	-1.30012E-01	-7.20775E-01	1000010010	1.25747E+01	1.10173E-02	2.96304E-03	1.64268E-02	-6.80868E-01	-1.30012E-01	-7.20775E-01	PRIM
1.78991E-02	1000010010	5.69963E+00	-4.63271E-03	3.74986E-04	9.17482E-04	1.32711E-01	-3.74986E-01	-9.17482E-01	1000010010	5.69963E+00	-7.00812E-03	7.08690E-03	1.73396E-02	1.32711E-01	-3.74986E-01	-9.17482E-01	PRIM
1.95916E-02	1000010010	1.03838E+01	-4.26116E-03	1.88410E-04	-9.52607E-04	-2.38836E-01	-1.88410E-01	9.52607E-01	1000010010	1.03838E+01	4.18002E-04	3.87964E-03	-1.96156E-02	-2.38836E-01	-1.88410E-01	9.52607E-01	PRIM
2.04546E-02	1000010010	7.35393E+00	-4.08285E-03	-4.92267E-04	7.63974E-04	-4.17153E-01	4.92267E-01	-7.63974E-01	1000010010	7.35393E+00	4.44985E-03	-1.05614E-02	1.63907E-02	-4.17153E-01	4.92267E-01	-7.63974E-01	PRIM
2.17905E-02	1000010010	6.03497E+00	-3.81913E-03	1.30012E-04	7.20775E-04	-6.80868E-01	-1.30012E-01	-7.20775E-01	1000010010	6.03497E+00	1.10173E-02	2.96304E-03	1.64268E-02	-6.80868E-01	-1.30012E-01	-7.20775E-01	PRIM
2.14337E-02	1000010010	3.04207E+01	-3.88822E-03	4.52458E-04	6.48854E-04	-6.11776E-01	-4.52458E-01	-6.48854E-01	1000010010	3.04207E+01	9.22438E-03	1.01503E-02	1.45562E-02	-6.11776E-01	-4.52458E-01	-6.48854E-01	PRIM
1.94319E-02	1000010010	3.28465E+01	-4.29496E-03	-7.60048E-05	9.75695E-04	-2.05064E-01	7.60124E-02	-9.75792E-01	1000010010	3.28465E+01	-3.10163E-04	-1.55307E-03	1.99372E-02	-2.05064E-01	7.60124E-02	-9.75792E-01	PRIM
2.26989E-02	1000010010	1.10405E+01	-3.64722E-03	4.66902E-04	2.34038E-04	-8.52777E-01	-4.66902E-01	-2.34038E-01	1000010010	1.10405E+01	1.57099E-02	1.10651E-02	5.54644E-03	-8.52777E-01	-4.66902E-01	-2.34038E-01	PRIM
2.03629E-02	1000010010	6.26359E+00	-4.10146E-03	-5.26384E-04	-7.51058E-04	-3.98536E-01	5.26384E-01	7.51058E-01	1000010010	6.26359E+00	4.01390E-03	-1.12451E-02	-1.60448E-02	-3.98536E-01	5.26384E-01	7.51058E-01	PRIM
1.97291E-02	1000010010	7.81079E+00	-4.23229E-03	6.07586E-05	9.61582E-04	-2.67709E-01	-6.07586E-02	-9.61582E-01	1000010010	7.81079E+00	1.04935E-03	1.25947E-03	1.99327E-02	-2.67709E-01	-6.07586E-02	-9.61582E-01	PRIM
1.47809E-02	1000010010	9.60394E+00	-5.42033E-03	-3.84574E-04	7.13371E-05	9.20333E-01	3.84574E-01	-7.13371E-02	1000010010	9.60394E+00	-1.90237E-02	-6.06893E-03	1.12576E-03	9.20333E-01	3.84574E-01	-7.13371E-02	PRIM
2.08117E-02	1000010010	1.10164E+01	-4.01097E-03	-7.58812E-05	8.68958E-04	-4.89034E-01	7.58812E-02	-8.68958E-01	1000010010	1.10164E+01	6.16665E-03	-1.65510E-03	1.89534E-02	-4.89034E-01	7.58812E-02	-8.68958E-01	PRIM
1.81455E-02	1000010010	9.92265E+00	-4.57660E-03	6.83112E-04	-7.26285E-04	7.65990E-02	-6.83112E-01	7.26285E-01	1000010010	9.92265E+00	-5.96653E-03	1.30785E-02	-1.39051E-02	7.65990E-02	-6.83112E-01	7.26285E-01	PRIM
1.47809E-02	1000010010	8.72728E+00	-5.42033E-03	-3.84574E-04	7.13371E-05	9.20333E-01	3.84574E-01	-7.13371E-02	1000010010	8.72728E+00	-1.90237E-02	-6.06893E-03	1.12576E-03	9.20333E-01	3.84574E-01	-7.13371E-02	PRIM
1.80535E-02	1000010010	6.09015E+00	-4.59749E-03	-1.53153E-04	-9.83280E-04	9.74999E-02	1.53169E-01	9.83378E-01	1000010010	6.09015E+00	-6.35770E-03	-2.91838E-03	-1.87367E-02	9.74999E-02	1.53169E-01	9.83378E-01	PRIM
2.20360E-02	1000010010	5.34623E+00	-3.77212E-03	-3.33797E-04	-5.98974E-04	-7.27881E-01	3.33797E-01	5.98974E-01	1000010010	5.34623E+00	1.22675E-02	-7.68935E-03	-1.37980E-02	-7.27881E-01	3.33797E-01	5.98974E-01	PRIM
1.91579E-02	1000010010	9.18007E+00	-4.35343E-03	-5.12903E-05	-9.87870E-04	-1.46567E-01	5.12903E-02	9.87870E-01	1000010010	9.18007E+00	-1.54552E-03	-1.03390E-03	-1.99134E-02	-1.46567E-01	5.12903E-02	9.87870E-01	PRIM
2.31382E-02	1000010010	9.85403E+00	-3.56613E-03	3.56837E-04	1.86786E-05	-9.33966E-01	-3.56873E-01	-1.86805E-02	1000010010	9.85403E+00	1.80442E-02	8.61423E-03	4.50912E-04	-9.33966E-01	-3.56873E-01	-1.86805E-02	PRIM
1.74802E-02	1000010010	5.84239E+00	-4.72987E-03	7.80675E-04	-5.81123E-04	2.29874E-01	-7.80675E-01	5.81123E-01	1000010010	5.84239E+00	-8.74812E-03	1.44270E-02	-1.07393E-02	2.29874E-01	-7.80675E-01	5.81123E-01	PRIM
1.71557E-02	1000010010	6.33332E+00	-4.80672E-03	8.35301E-04	4.56282E-04	3.06725E-01	-8.35301E-01	-4.56282E-01	1000010010	6.33332E+00	-1.00688E-02	1.51655E-02	8.28413E-03	3.06725E-01	-8.35301E-01	-4.56282E-01	PRIM
1.66417E-02	1000010010	6.00668E+00	-4.93153E-03	-8.85633E-04	1.70983E-04	4.31573E-01	8.85722E-01	-1.71000E-01	1000010010	6.00668E+00	-1.21137E-02	-1.56256E-02	3.01672E-03	4.31573E-01	8.85722E-01	-1.71000E-01	PRIM
1.91869E-02	1000010010	1.39701E+01	-4.34719E-03	-3.32268E-04	9.30724E-04	-1.52809E-01	3.32268E-01	-9.30724E-01	1000010010	1.39701E+01	-1.41526E-03	-6.70747E-03	1.87885E-02	-1.52809E-01	3.32268E-01	-9.30724E-01	PRIM
2.05199E-02	1000010010	1.06409E+01	-4.06962E-03	-1.52643E-04	8.89648E-04	-4.30380E-01	1.52643E-01	-8.89648E-01	1000010010	1.06409E+01	4.76172E-03	-3.28486E-03	1.91451E-02	-4.30380E-01	1.52643E-01	-8.89648E-01	PRIM
2.05975E-02	1000010010	2.20236E+02	-4.05395E-03	7.04007E-04	5.52641E-04	-4.46051E-01	-7.04007E-01	-5.52641E-01	1000010010	2.20236E+02	5.13359E-03	1.52048E-02	1.19357E-02	-4.46051E-01	-7.04007E-01	-5.52641E-01	PRIM
1.48788E-02	1000010010	1.75916E+01	-5.39290E-03	-9.38038E-05	4.40146E-04	8.92990E-01	9.38132E-02	-4.40190E-01	1000010010	1.75916E+01	-1.86796E-02	-1.48963E-03	6.98966E-03	8.92990E-01	9.38132E-02	-4.40190E-01	PRIM
1.74367E-02	1000010010	6.84194E+00	-4.74008E-03	-4.80490E-04	-8.43381E-04	2.40103E-01	4.80538E-01	8.43465E-01	1000010010	6.84194E+00	-8.92670E-03	-8.85951E-03	-1.55507E-02	2.40103E-01	4.80538E-01	8.43465E-01	PRIM
1.91359E-02	1000010010	1.53475E+01	-4.35816E-03	9.88201E-04	-5.77852E-05	-1.41843E-01	-9.88201E-01	5.77852E-02	1000010010	1.53475E+01	-1.64387E-03	1.98983E-02	-1.16356E-03	-1.41843E-01	-9.88201E-01	5.77852E-02	PRIM
1.88530E-02	1000010010	1.68883E+01	-4.41946E-03	-1.60689E-04	9.83714E-04	-8.05407E-02	1.60689E-01	-9.83714E-01	1000010010	1.68883E+01	-2.90103E-03	-3.19015E-03	1.95296E-02	-8.05407E-02	1.60689E-01	-9.83714E-01	PRIM
1.70735E-02	1000010010	5.51316E+00	-4.82644E-03	-8.25556E-04	4.60318E-04	3.26441E-01	8.25556E-01	-4.60318E-01	1000010010	5.51316E+00	-1.03999E-02	-1.49207E-02	8.31955E-03	3.26441E-01	8.25556E-01	-4.60318E-01	PRIM
2.05434E-02	1000010010	6.05026E+00	-4.06487E-03	4.99625E-04	-7.49026E-04	-4.35126E-01	-4.99625E-01	7.49026E-01	1000010010	6.05026E+00	4.87409E-03	1.07636E-02	-1.61365E-02	-4.35126E-01	-4.99625E-01	7.49026E-01	PRIM
1.92915E-02	1000010010	1.72013E+01	-4.32480E-03	4.54976E-04	-8.73099E-04	-1.75202E-01	-4.54976E-01	8.73099E-01	1000010010	1.72013E+01	-9.44891E-04	9.23216E-03	-1.77165E-02	-1.75202E-01	-4.54976E-01	8.73099E-01	PRIM
1.95893E-02	1000010010	5.65630E+00	-4.26164E-03	5.45124E-04	-8.03758E-04	-2.38355E-01	-5.45124E-01	8.03758E-01	1000010010	5.65630E+00	4.07560E-04	1.12237E-02	-1.65488E-02	-2.38355E-01	-5.45124E-01	8.03758E-01	PRIM
2.05888E-02	1000010010	6.37495E+00	-4.05571E-03	-1.06333E-04	-8.89551E-04	-4.44289E-01	1.06333E-01	8.89551E-01	1000010010	6.37495E+00	5.09165E-03	-2.29560E-03	-1.92043E-02	-4.44289E-01	1.06333E-01	8.89551E-01	PRIM
1.81319E-02	1000010010	2.36902E+01	-4.57969E-03	5.04922E-04	-8.59478E-04	7.96915E-02	-5.04922E-01	8.59478E-01	1000010010	2.36902E+01	-6.02465E-03	9.66010E-03	-1.64434E-02	7.96915E-02	-5.04922E-01	8.59478E-01	PRIM
1.98333E-02	1000010010	1.30343E+01	-4.21053E-03	-9.04865E-04	-3.12128E-04	-2.89474E-01	9.04865E-01	3.12128E-01	1000010010	1.30343E+01	1.53069E-03	-1.88513E-02	-6.50266E-03	-2.89474E-01	9.04865E-01	3.12128E-01	PRIM
2.13636E-02	1000010010	7.01542E+00	-3.90189E-03	6.25082E-04	-5.01539E-04	-5.98106E-01	-6.25082E-01	5.01539E-01	1000010010	7.01542E+00	8.87583E-03	1.39791E-02	-1.12162E-02	-5.98106E-01	-6.25082E-01	5.01539E-01	PRIM
1.74518E-02	1000010010	1.15064E+01	-4.73655E-03	-8.06586E-04	5.41723E-04	2.36546E-01	8.06586E-01	-5.41723E-01	1000010010	1.15064E+01	-8.86470E-03	-1.48829E-02	9.99575E-03	2.36546E-01	8.06586E-01	-5.41723E-01	PRIM
1.89898E-02	1000010010	3.21742E+01	-4.38972E-03	-7.15961E-04	6.89375E-04	-1.10281E-01	7.15961E-01	-6.89375E-01	1000010010	3.21742E+01	-2.29551E-03	-1.43119E-02	1.37804E-02	-1.10281E-01	7.15961E-01	-6.89375E-01	PRIM
1.89681E-02	1000010010	4.39503E+01	-4.39442E-03	8.62437E-04	4.95031E-04	-1.05577E-01	-8.62437E-01	-4.95031E-01	1000010010	4.39503E+01	-2.39184E-03	1.72212E-02	9.88481E-03	-1.05577E-01	-8.62437E-01	-4.95031E-01	PRIM
1.74450E-02	1000010010	5.23467E+00	-4.73814E-03	-2.32258E-04	9.43051E-04	2.38141E-01	2.32258E-01	-9.43051E-01	1000010010	5.23467E+00	-8.89251E-03	-4.28399E-03	1.73946E-02	2.38141E-01	2.32258E-01	-9.43051E-01	PRIM
2.30988E-02	1000010010	3.47186E+01	-3.57325E-03	2.78787E-04	-2.51816E-04	-9.26750E-01	-2.78787E-01	2.51816E-01	1000010010	3.47186E+01	1.78336E-02	6.71843E-03	-6.06847E-03	-9.26750E-01	-2.78787E-01	2.51816E-01	PRIM
1.94319E-02	1000010010	6.81871E+00	-4.29496E-03	-7.60048E-05	9.75695E-04	-2.05064E-01	7.60124E-02	-9.75792E-01	1000010010	6.81871E+00	-3.10163E-04	-1.55307E-03	1.99372E-02	-2.05064E-01	7.60124E-02	-9.75792E-01	PRIM
1.98828E-02	1000010010	2.14754E+01	-4.20021E-03	-5.87818E-05	9.52194E-04	-2.99786E-01	5.87818E-02	-9.52194E-01	1000010010	2.14754E+01	1.76038E-03	-1.22753E-03	1.98845E-02	-2.99786E-01	5.87818E-02	-9.52194E-01	PRIM
2.23969E-02	1000010010	6.00354E+00	-3.70377E-03	5.39431E-04	2.73923E-04	-7.96229E-01	-5.39431E-01	-2.73923E-01	1000010010	6.00354E+00	1.41293E-02	1.26210E-02	6.40894E-03	-7.96229E-01	-5.39431E-01	-2.73923E-01	PRIM
2.33499E-02	1000010010	6.27238E+00	-3.52730E-03	1.12135E-04	-2.03167E-04	-9.72702E-01	-1.12135E-01	2.03167E-01	1000010010	6.27238E+00	1.91852E-02	2.73048E-03	-4.94708E-03	-9.72702E-01	-1.12135E-01	2.03167E-01	PRIM
1.90448E-02	1000010010	6.87777E+00	-4.37781E-03	2.10632E-05	-9.92283E-04	-1.22191E-01	-2.10632E-02	9.92283E-01	1000010010	6.87777E+00	-2.05071E-03	4.22208E-04	-1.98901E-02	-1.22191E-01	-2.10632E-02	9.92283E-01	PRIM
1.92915E-02	1000010010	5.44036E+01	-4.32480E-03	4.54976E-04	-8.73099E-04	-1.75202E-01	-4.54976E-01	8.73099E-01	1000010010	5.44036E+01	-9.44891E-04	9.23216E-03	-1.77165E-02	-1.75202E-01	-4.54976E-01	8.73099E-01	PRIM
2.25453E-02	1000010010	8.92158E+00	-3.67592E-03	-5.22813E-05	-5.64050E-04	-8.24084E-01	5.22813E-02	5.64050E-01	1000010010	8.92158E+00	1.49033E-02	-1.23098E-03	-1.32807E-02	-8.24084E-01	5.22813E-02	5.64050E-01	PRIM
2.30988E-02	1000010010	5.48999E+00	-3.57325E-03	2.78787E-04	-2.51816E-04	-9.26750E-01	-2.78787E-01	2.51816E-01	1000010010	5.48999E+00	1.78336E-02	6.71843E-03	-6.06847E-03	-9.26750E-01	-2.78787E-01	2.51816E-01	PRIM
2.03086E-02	1000010010	5.65960E+00	-4.11254E-03	-9.14248E-04	1.18429E-04	-3.87460E-01	9.14248E-01	-1.18429E-01	1000010010	5.65960E+00	3.75622E-03	-1.94813E-02	2.52354E-03	-3.87460E-01	9.14248E-01	-1.18429E-01	PRIM
1.98955E-02	1000010010	6.88321E+00	-4.19758E-03	-1.96846E-04	9.32626E-04	-3.02423E-01	1.96846E-01	-9.32626E-01	1000010010	6.88321E+00	1.81930E-03	-4.11321E-03	1.94877E-02	-3.02423E-01	1.96846E-01	-9.32626E-01	PRIM
1.81453E-02	1000010010	4.90531E+01	-4.57666E-03	-7.42264E-04	6.65709E-04	7.66583E-02	7.42264E-01	-6.65709E-01	1000010010	4.90531E+01	-5.96764E-03	-1.42108E-02	1.27452E-02	7.66583E-02	7.42264E-01	-6.65709E-01	PRIM
1.81319E-02	1000010010	7.66367E+00	-4.57969E-03	5.04922E-04	-8.59478E-04	7.96915E-02	-5.04922E-01	8.59478E-01	1000010010	7.66367E+00	-6.02465E-03	9.66010E-03	-1.64434E-02	7.96915E-02	-5.04922E-01	8.59478E-01	PRIM
1.96057E-02	1000010010	1.60489E+01	-4.25819E-03	-7.85725E-04	-5.69355E-04	-2.41808E-01	7.85725E-01	5.69355E-01	1000010010	1.60489E+01	4.82606E-04	-1.61904E-02	-1.17319E-02	-2.41808E-01	7.85725E-01	5.69355E-01	PRIM
1.76809E-02	1000010010	5.38110E+00	-4.68304E-03	8.86046E-04	4.25930E-04	1.83045E-01	-8.86046E-01	-4.25930E-01	1000010010	5.38110E+00	-7.91944E-03	1.65521E-02	7.95675E-03	1.83045E-01	-8.86046E-01	-4.25930E-01	PRIM
1.81453E-02	1000010010	5.32925E+00	-4.57666E-03	-7.42264E-04	6.65709E-04	7.66583E-02	7.42264E-01	-6.65709E-01	1000010010	5.32925E+00	-5.96764E-03	-1.42108E-02	1.27452E-02	7.66583E-02	7.42264E-01	-6.65709E-01	PRIM
1.91359E-02	1000010010	6.71556E+00	-4.35816E-03	9.88201E-04	-5.77852E-05	-1.41843E-01	-9.88201E-01	5.77852E-02	1000010010	6.71556E+00	-1.64387E-03	1.98983E-02	-1.16356E-03	-1.41843E-01	-9.88201E-01	5.77852E-02	PRIM
2.04863E-02	1000010010	5.46818E+00	-4.07641E-03	4.27843E-04	7.98450E-04	-4.23588E-01	-4.27843E-01	-7.98450E-01	1000010010	5.46818E+00	4.60136E-03	9.19278E-03	1.71558E-02	-4.23588E-01	-4.27843E-01	-7.98450E-01	PRIM
2.16867E-02	1000010010	6.70108E+00	-3.83912E-03	-5.75855E-05	-7.48283E-04	-6.60875E-01	5.75855E-02	7.48283E-01	1000010010	6.70108E+00	1.04931E-02	-1.30643E-03	-1.69761E-02	-6.60875E-01	5.75855E-02	7.48283E-01	PRIM
2.21963E-02	1000010010	1.34125E+01	-3.74165E-03	-6.30604E-04	1.65055E-04	-7.58350E-01	6.30604E-01	-1.65055E-01	1000010010	1.34125E+01	1.30909E-02	-1.46277E-02	3.82868E-03	-7.58350E-01	6.30604E-01	-1.65055E-01	PRIM
2.20582E-02	1000010010	2.27894E+01	-3.76789E-03	-3.61191E-04	-5.77537E-04	-7.32115E-01	3.61191E-01	5.77537E-01	1000010010	2.27894E+01	1.23813E-02	-8.32843E-03	-1.33170E-02	-7.32115E-01	3.61191E-01	5.77537E-01	PRIM
1.83610E-02	1000010010	5.59610E+00	-4.52816E-03	7.02990E-04	7.10502E-04	2.81624E-02	-7.03060E-01	-7.10573E-01	1000010010	5.59610E+00	-5.04525E-03	1.36118E-02	1.37573E-02	2.81624E-02	-7.03060E-01	-7.10573E-01	PRIM
2.17905E-02	1000010010	5.04097E+00	-3.81913E-03	1.30012E-04	7.20775E-04	-6.80868E-01	-1.30012E-01	-7.20775E-01	1000010010	5.04097E+00	1.10173E-02	2.96304E-03	1.64268E-02	-6.80868E-01	-1.30012E-01	-7.20775E-01	PRIM
2.29561E-02	1000010010	2.06968E+01	-3.59954E-03	-4.20039E-04	1.12888E-04	-9.00458E-01	4.20039E-01	-1.12888E-01	1000010010	2.06968E+01	1.70714E-02	-1.00625E-02	2.70434E-03	-9.00458E-01	4.20039E-01	-1.12888E-01	PRIM
1.55393E-02	1000010010	9.01092E+00	-5.21345E-03	-3.15907E-04	6.25452E-04	7.13451E-01	3.15907E-01	-6.25452E-01	1000010010	9.01092E+00	-1.63000E-02	-5.22490E-03	1.03446E-02	7.13451E-01	3.15907E-01	-6.25452E-01	PRIM
1.80872E-02	1000010010	5.94579E+00	-4.58980E-03	-7.44144E-04	-6.61956E-04	8.98042E-02	7.44144E-01	6.61956E-01	1000010010	5.94579E+00	-6.21411E-03	-1.42037E-02	-1.26349E-02	8.98042E-02	7.44144E-01	6.61956E-01	PRIM
1.65542E-02	1000010010	4.36314E+01	-4.95319E-03	-7.33188E-04	5.07003E-04	4.53192E-01	7.33188E-01	-5.07003E-01	1000010010	4.36314E+01	-1.24554E-02	-1.28706E-02	8.90004E-03	4.53192E-01	7.33188E-01	-5.07003E-01	PRIM
2.33499E-02	1000010010	6.46677E+00	-3.52730E-03	1.12135E-04	-2.03167E-04	-9.72702E-01	-1.12135E-01	2.03167E-01	1000010010	6.46677E+00	1.91852E-02	2.73048E-03	-4.94708E-03	-9.72702E-01	-1.12135E-01	2.03167E-01	PRIM
1.52455E-02	1000010010	1.14681E+01	-5.29225E-03	-2.04380E-04	5.74949E-04	7.92252E-01	2.04380E-01	-5.74949E-01	1000010010	1.14681E+01	-1.73705E-02	-3.32025E-03	9.34032E-03	7.92252E-01	2.04380E-01	-5.74949E-01	PRIM
2.20911E-02	1000010010	5.60985E+00	-3.76163E-03	-6.34592E-04	-2.28275E-04	-7.38366E-01	6.34592E-01	2.28275E-01	1000010010	5.60985E+00	1.25496E-02	-1.46534E-02	-5.27111E-03	-7.38366E-01	6.34592E-01	2.28275E-01	PRIM
2.14178E-02	1000010010	1.05403E+01	-3.89139E-03	-7.11396E-04	-3.51159E-04	-6.08669E-01	7.11467E-01	3.51194E-01	1000010010	1.05403E+01	9.14497E-03	-1.59495E-02	-7.87297E-03	-6.08669E-01	7.11467E-01	3.51194E-01	PRIM
1.96800E-02	1000010010	1.26406E+01	-4.24256E-03	1.63466E-04	-9.52368E-04	-2.57437E-01	-1.63466E-01	9.52368E-01	1000010010	1.26406E+01	8.23808E-04	3.38048E-03	-1.96950E-02	-2.57437E-01	-1.63466E-01	9.52368E-01	PRIM
1.80535E-02	1000010010	1.57566E+01	-4.59749E-03	-1.53153E-04	-9.83280E-04	9.74999E-02	1.53169E-01	9.83378E-01	1000010010	1.57566E+01	-6.35770E-03	-2.91838E-03	-1.87367E-02	9.74999E-02	1.53169E-01	9.83378E-01	PRIM
1.81453E-02	1000010010	5.25981E+00	-4.57666E-03	-7.42264E-04	6.65709E-04	7.66583E-02	7.42264E-01	-6.65709E-01	1000010010	5.25981E+00	-5.96764E-03	-1.42108E-02	1.27452E-02	7.66583E-02	7.42264E-01	-6.65709E-01	PRIM
1.97622E-02	1000010010	7.40690E+00	-4.22541E-03	1.80675E-05	9.61288E-04	-2.74618E-01	-1.80693E-02	-9.61384E-01	1000010010	7.40690E+00	1.20164E-03	3.75158E-04	1.99603E-02	-2.74618E-01	-1.80693E-02	-9.61384E-01	PRIM
2.09633E-02	1000010010	7.73581E+00	-3.98083E-03	-3.24034E-04	-7.90738E-04	-5.19220E-01	3.24067E-01	7.90817E-01	1000010010	7.73581E+00	6.90375E-03	-7.11755E-03	-1.73689E-02	-5.19220E-01	3.24067E-01	7.90817E-01	PRIM
2.20679E-02	1000010010	3.31133E+01	-3.76604E-03	4.30772E-04	-5.25108E-04	-7.33960E-01	-4.30772E-01	5.25108E-01	1000010010	3.31133E+01	1.24309E-02	9.93700E-03	-1.21131E-02	-7.33960E-01	-4.30772E-01	5.25108E-01	PRIM
2.20911E-02	1000010010	1.12906E+01	-3.76163E-03	-6.34592E-04	-2.28275E-04	-7.38366E-01	6.34592E-01	2.28275E-01	1000010010	1.12906E+01	1.25496E-02	-1.46534E-02	-5.27111E-03	-7.38366E-01	6.34592E-01	2.28275E-01	PRIM
2.00739E-02	1000010010	5.16425E+00	-4.16067E-03	3.06300E-04	8.89402E-04	-3.39330E-01	-3.06300E-01	-8.89402E-01	1000010010	5.16425E+00	2.65100E-03	6.45494E-03	1.87432E-02	-3.39330E-01	-3.06300E-01	-8.89402E-01	PRIM
2.01265E-02	1000010010	1.62097E+01	-4.14984E-03	6.01818E-04	-7.17775E-04	-3.50163E-01	-6.01818E-01	7.17775E-01	1000010010	1.62097E+01	2.89773E-03	1.27143E-02	-1.51641E-02	-3.50163E-01	-6.01818E-01	7.17775E-01	PRIM
2.04742E-02	1000010010	1.38292E+01	-4.07886E-03	-5.29811E-05	-9.05449E-04	-4.21136E-01	5.29811E-02	9.05449E-01	1000010010	1.38292E+01	4.54356E-03	-1.13773E-03	-1.94438E-02	-4.21136E-01	5.29811E-02	9.05449E-01	PRIM
1.98994E-02	1000010010	2.77614E+01	-4.19677E-03	8.71683E-05	-9.48922E-04	-3.03231E-01	-8.71683E-02	9.48922E-01	1000010010	2.77614E+01	1.83736E-03	1.82177E-03	-1.98319E-02	-3.03231E-01	-8.71683E-02	9.48922E-01	PRIM
2.07054E-02	1000010010	5.57211E+00	-4.03225E-03	-6.83722E-04	5.60118E-04	-4.67752E-01	6.83722E-01	-5.60118E-01	1000010010	5.57211E+00	5.65274E-03	-1.48405E-02	1.21576E-02	-4.67752E-01	6.83722E-01	-5.60118E-01	PRIM
1.79431E-02	1000010010	6.43516E+01	-4.62264E-03	-5.24845E-04	8.42198E-04	1.22655E-01	5.24897E-01	-8.42282E-01	1000010010	6.43516E+01	-6.82346E-03	-9.94315E-03	1.59554E-02	1.22655E-01	5.24897E-01	-8.42282E-01	PRIM
1.67236E-02	1000010010	9.29326E+00	-4.91141E-03	-5.67824E-04	7.12965E-04	4.11408E-01	5.67824E-01	-7.12965E-01	1000010010	9.29326E+00	-1.17916E-02	-1.00639E-02	1.26363E-02	4.11408E-01	5.67824E-01	-7.12965E-01	PRIM
1.54038E-02	1000010010	9.73156E+00	-5.24954E-03	-3.97208E-06	6.61791E-04	7.49619E-01	3.97247E-03	-6.61858E-01	1000010010	9.73156E+00	-1.67965E-02	-6.51633E-05	1.08569E-02	7.49619E-01	3.97247E-03	-6.61858E-01	PRIM
2.14178E-02	1000010010	5.95214E+00	-3.89139E-03	-7.11396E-04	-3.51159E-04	-6.08669E-01	7.11467E-01	3.51194E-01	1000010010	5.95214E+00	9.14497E-03	-1.59495E-02	-7.87297E-03	-6.08669E-01	7.11467E-01	3.51194E-01	PRIM
1.96800E-02	1000010010	1.63776E+01	-4.24256E-03	1.63466E-04	-9.52368E-04	-2.57437E-01	-1.63466E-01	9.52368E-01	1000010010	1.63776E+01	8.23808E-04	3.38048E-03	-1.96950E-02	-2.57437E-01	-1.63466E-01	9.52368E-01	PRIM
1.99692E-02	1000010010	4.25801E+01	-4.18230E-03	3.15988E-04	-8.93991E-04	-3.17696E-01	-3.15988E-01	8.93991E-01	1000010010	4.25801E+01	2.16182E-03	6.62601E-03	-1.87463E-02	-3.17696E-01	-3.15988E-01	8.93991E-01	PRIM
1.54038E-02	1000010010	6.20741E+00	-5.24954E-03	-3.97208E-06	6.61791E-04	7.49619E-01	3.97247E-03	-6.61858E-01	1000010010	6.20741E+00	-1.67965E-02	-6.51633E-05	1.08569E-02	7.49619E-01	3.97247E-03	-6.61858E-01	PRIM
1.97253E-02	1000010010	2.65233E+01	-4.23309E-03	2.14093E-05	-9.63483E-04	-2.66911E-01	-2.14093E-02	9.63483E-01	1000010010	2.65233E+01	1.03180E-03	4.43713E-04	-1.99684E-02	-2.66911E-01	-2.14093E-02	9.63483E-01	PRIM
1.65316E-02	1000010010	9.10115E+00	-4.95880E-03	-3.70171E-05	8.87768E-04	4.58800E-01	3.70171E-02	-8.87768E-01	1000010010	9.10115E+00	-1.25435E-02	-6.48970E-04	1.55640E-02	4.58800E-01	3.70171E-02	-8.87768E-01	PRIM
2.16867E-02	1000010010	1.79003E+01	-3.83912E-03	-5.75855E-05	-7.48283E-04	-6.60875E-01	5.75855E-02	7.48283E-01	1000010010	1.79003E+01	1.04931E-02	-1.30643E-03	-1.69761E-02	-6.60875E-01	5.75855E-02	7.48283E-01	PRIM
1.94319E-02	1000010010	6.87875E+00	-4.29496E-03	-7.60048E-05	9.75695E-04	-2.05064E-01	7.60124E-02	-9.75792E-01	1000010010	6.87875E+00	-3.10163E-04	-1.55307E-03	1.99372E-02	-2.05064E-01	7.60124E-02	-9.75792E-01	PRIM
2.13138E-02	1000010010	7.70123E+00	-3.91172E-03	7.30295E-04	-3.46984E-04	-5.88338E-01	-7.30368E-01	3.47018E-01	1000010010	7.70123E+00	8.62801E-03	1.62972E-02	-7.74327E-03	-5.88338E-01	-7.30368E-01	3.47018E-01	PRIM
1.80322E-02	1000010010	2.06506E+01	-4.60232E-03	-1.24363E-04	-9.86947E-04	1.02322E-01	1.24363E-01	9.86947E-01	1000010010	2.06506E+01	-6.44741E-03	-2.36689E-03	-1.87837E-02	1.02322E-01	1.24363E-01	9.86947E-01	PRIM
1.63461E-02	1000010010	1.27133E+02	-5.00516E-03	7.31144E-04	4.58517E-04	5.05164E-01	-7.31144E-01	-4.58517E-01	1000010010	1.27133E+02	-1.32626E-02	1.26825E-02	7.95348E-03	5.05164E-01	-7.31144E-01	-4.58517E-01	PRIM
1.99745E-02	1000010010	7.85037E+00	-4.18126E-03	-2.96008E-05	9.47274E-04	-3.18773E-01	2.96037E-02	-9.47369E-01	1000010010	7.85037E+00	2.18606E-03	-6.20920E-04	1.98705E-02	-3.18773E-01	2.96037E-02	-9.47369E-01	PRIM
1.47878E-02	1000010010	1.15688E+01	-5.41833E-03	2.48150E-04	-3.08041E-04	9.18423E-01	-2.48175E-01	3.08072E-01	1000010010	1.15688E+01	-1.89998E-02	3.91812E-03	-4.86375E-03	9.18423E-01	-2.48175E-01	3.08072E-01	PRIM
2.10317E-02	1000010010	5.11683E+00	-3.96727E-03	-7.55005E-04	3.82061E-04	-5.32779E-01	7.55081E-01	-3.82099E-01	1000010010	5.11683E+00	7.23798E-03	-1.66356E-02	8.41826E-03	-5.32779E-01	7.55081E-01	-3.82099E-01	PRIM
1.55393E-02	1000010010	1.27270E+01	-5.21345E-03	-3.15907E-04	6.25452E-04	7.13451E-01	3.15907E-01	-6.25452E-01	1000010010	1.27270E+01	-1.63000E-02	-5.22490E-03	1.03446E-02	7.13451E-01	3.15907E-01	-6.25452E-01	PRIM
1.49622E-02	1000010010	7.27833E+00	-5.36983E-03	4.84864E-04	9.11119E-05	8.69831E-01	-4.84864E-01	-9.11119E-02	1000010010	7.27833E+00	-1.83844E-02	7.73948E-03	1.45434E-03	8.69831E-01	-4.84864E-01	-9.11119E-02	PRIM
2.18291E-02	1000010010	1.02770E+01	-3.81170E-03	-4.04994E-04	-6.01850E-04	-6.88299E-01	4.04994E-01	6.01850E-01	1000010010	1.02770E+01	1.12133E-02	-9.24567E-03	-1.37397E-02	-6.88299E-01	4.04994E-01	6.01850E-01	PRIM
1.48205E-02	1000010010	2.42081E+01	-5.40918E-03	-3.48671E-04	2.27211E-04	9.09268E-01	3.48706E-01	-2.27234E-01	1000010010	2.42081E+01	-1.88850E-02	-5.51666E-03	3.59493E-03	9.09268E-01	3.48706E-01	-2.27234E-01	PRIM
2.29561E-02	1000010010	1.44165E+01	-3.59954E-03	-4.20039E-04	1.12888E-04	-9.00458E-01	4.20039E-01	-1.12888E-01	1000010010	1.44165E+01	1.70714E-02	-1.00625E-02	2.70434E-03	-9.00458E-01	4.20039E-01	-1.12888E-01	PRIM
2.10317E-02	1000010010	1.01408E+01	-3.96727E-03	-7.55005E-04	3.82061E-04	-5.32779E-01	7.55081E-01	-3.82099E-01	1000010010	1.01408E+01	7.23798E-03	-1.66356E-02	8.41826E-03	-5.32779E-01	7.55081E-01	-3.82099E-01	PRIM
1.94027E-02	1000010010	9.20246E+00	-4.30112E-03	-8.22072E-05	9.76570E-04	-1.98881E-01	8.22072E-02	-9.76570E-01	1000010010	9.20246E+00	-4.42289E-04	-1.67725E-03	1.99246E-02	-1.98881E-01	8.22072E-02	-9.76570E-01	PRIM
1.90448E-02	1000010010	8.77474E+00	-4.37781E-03	2.10632E-05	-9.92283E-04	-1.22191E-01	-2.10632E-02	9.92283E-01	1000010010	8.77474E+00	-2.05071E-03	4.22208E-04	-1.98901E-02	-1.22191E-01	-2.10632E-02	9.92283E-01	PRIM
1.81453E-02	1000010010	6.03395E+00	-4.57666E-03	-7.42264E-04	6.65709E-04	7.66583E-02	7.42264E-01	-6.65709E-01	1000010010	6.03395E+00	-5.96764E-03	-1.42108E-02	1.27452E-02	7.66583E-02	7.42264E-01	-6.65709E-01	PRIM
1.64517E-02	1000010010	5.11234E+00	-4.97870E-03	8.59469E-04	-1.79326E-04	4.78702E-01	-8.59469E-01	1.79326E-01	1000010010	5.11234E+00	-1.28542E-02	1.49992E-02	-3.12955E-03	4.78702E-01	-8.59469E-01	1.79326E-01	PRIM
1.60769E-02	1000010010	5.06345E+00	-5.07342E-03	5.74056E-04	-5.84510E-04	5.73418E-01	-5.74056E-01	5.84510E-01	1000010010	5.06345E+00	-1.42922E-02	9.80309E-03	-9.98161E-03	5.73418E-01	-5.74056E-01	5.84510E-01	PRIM
1.95313E-02	1000010010	6.47616E+00	-4.27387E-03	-1.70433E-04	9.59072E-04	-2.26128E-01	1.70433E-01	-9.59072E-01	1000010010	6.47616E+00	1.42708E-04	-3.49922E-03	1.96910E-02	-2.26128E-01	1.70433E-01	-9.59072E-01	PRIM
1.73970E-02	1000010010	1.77962E+01	-4.74945E-03	-9.16294E-04	-3.13335E-04	2.49450E-01	9.16294E-01	3.13335E-01	1000010010	1.77962E+01	-9.08912E-03	-1.68570E-02	-5.76441E-03	2.49450E-01	9.16294E-01	3.13335E-01	PRIM
1.95916E-02	1000010010	3.88003E+01	-4.26116E-03	1.88410E-04	-9.52607E-04	-2.38836E-01	-1.88410E-01	9.52607E-01	1000010010	3.88003E+01	4.18002E-04	3.87964E-03	-1.96156E-02	-2.38836E-01	-1.88410E-01	9.52607E-01	PRIM
1.91196E-02	1000010010	1.49168E+01	-4.36166E-03	8.72399E-04	4.68809E-04	-1.38337E-01	-8.72399E-01	-4.68809E-01	1000010010	1.49168E+01	-1.71671E-03	1.75524E-02	9.43227E-03	-1.38337E-01	-8.72399E-01	-4.68809E-01	PRIM
1.67236E-02	1000010010	7.50336E+00	-4.91141E-03	-5.67824E-04	7.12965E-04	4.11408E-01	5.67824E-01	-7.12965E-01	1000010010	7.50336E+00	-1.17916E-02	-1.00639E-02	1.26363E-02	4.11408E-01	5.67824E-01	-7.12965E-01	PRIM
1.73970E-02	1000010010	1.21644E+01	-4.74945E-03	-9.16294E-04	-3.13335E-04	2.49450E-01	9.16294E-01	3.13335E-01	1000010010	1.21644E+01	-9.08912E-03	-1.68570E-02	-5.76441E-03	2.49450E-01	9.16294E-01	3.13335E-01	PRIM
1.48788E-02	1000010010	1.36764E+01	-5.39290E-03	-9.38038E-05	4.40146E-04	8.92990E-01	9.38132E-02	-4.40190E-01	1000010010	1.36764E+01	-1.86796E-02	-1.48963E-03	6.98966E-03	8.92990E-01	9.38132E-02	-4.40190E-01	PRIM
1.83651E-02	1000010010	1.07034E+01	-4.52722E-03	6.91838E-05	9.97233E-04	2.72187E-02	-6.91838E-02	-9.97233E-01	1000010010	1.07034E+01	-5.02709E-03	1.33975E-03	1.93115E-02	2.72187E-02	-6.91838E-02	-9.97233E-01	PRIM
2.01867E-02	1000010010	2.27259E+01	-4.13748E-03	2.89597E-04	8.85839E-04	-3.62522E-01	-2.89597E-01	-8.85839E-01	1000010010	2.27259E+01	3.18063E-03	6.13561E-03	1.87680E-02	-3.62522E-01	-2.89597E-01	-8.85839E-01	PRIM
1.92880E-02	1000010010	8.25105E+00	-4.32555E-03	-1.00374E-04	9.79536E-04	-1.74453E-01	1.00374E-01	-9.79536E-01	1000010010	8.25105E+00	-9.60702E-04	-2.03639E-03	1.98729E-02	-1.74453E-01	1.00374E-01	-9.79536E-01	PRIM
1.76809E-02	1000010010	2.43669E+01	-4.68304E-03	8.86046E-04	4.25930E-04	1.83045E-01	-8.86046E-01	-4.25930E-01	1000010010	2.43669E+01	-7.91944E-03	1.65521E-02	7.95675E-03	1.83045E-01	-8.86046E-01	-4.25930E-01	PRIM
1.80025E-02	1000010010	1.82504E+01	-4.60907E-03	5.05049E-04	-8.56171E-04	1.09073E-01	-5.05049E-01	8.56171E-01	1000010010	1.82504E+01	-6.57267E-03	9.59720E-03	-1.62694E-02	1.09073E-01	-5.05049E-01	8.56171E-01	PRIM
1.89681E-02	1000010010	8.82352E+00	-4.39442E-03	8.62437E-04	4.95031E-04	-1.05577E-01	-8.62437E-01	-4.95031E-01	1000010010	8.82352E+00	-2.39184E-03	1.72212E-02	9.88481E-03	-1.05577E-01	-8.62437E-01	-4.95031E-01	PRIM
2.07054E-02	1000010010	2.45546E+01	-4.03225E-03	-6.83722E-04	5.60118E-04	-4.67752E-01	6.83722E-01	-5.60118E-01	1000010010	2.45546E+01	5.65274E-03	-1.48405E-02	1.21576E-02	-4.67752E-01	6.83722E-01	-5.60118E-01	PRIM
1.52455E-02	1000010010	5.85714E+00	-5.29225E-03	-2.04380E-04	5.74949E-04	7.92252E-01	2.04380E-01	-5.74949E-01	1000010010	5.85714E+00	-1.73705E-02	-3.32025E-03	9.34032E-03	7.92252E-01	2.04380E-01	-5.74949E-01	PRIM
1.70459E-02	1000010010	3.38103E+01	-4.83306E-03	-8.22274E-04	-4.61448E-04	3.33062E-01	8.22274E-01	4.61448E-01	1000010010	3.38103E+01	-1.05104E-02	-1.48387E-02	-8.32727E-03	3.33062E-01	8.22274E-01	4.61448E-01	PRIM
2.20679E-02	1000010010	3.22863E+01	-3.76604E-03	4.30772E-04	-5.25108E-04	-7.33960E-01	-4.30772E-01	5.25108E-01	1000010010	3.22863E+01	1.24309E-02	9.93700E-03	-1.21131E-02	-7.33960E-01	-4.30772E-01	5.25108E-01	PRIM
1.71557E-02	1000010010	6.73049E+00	-4.80672E-03	8.35301E-04	4.56282E-04	3.06725E-01	-8.35301E-01	-4.56282E-01	1000010010	6.73049E+00	-1.00688E-02	1.51655E-02	8.28413E-03	3.06725E-01	-8.35301E-01	-4.56282E-01	PRIM
2.04742E-02	1000010010	6.36481E+00	-4.07886E-03	-5.29811E-05	-9.05449E-04	-4.21136E-01	5.29811E-02	9.05449E-01	1000010010	6.36481E+00	4.54356E-03	-1.13773E-03	-1.94438E-02	-4.21136E-01	5.29811E-02	9.05449E-01	PRIM
2.28878E-02	1000010010	5.22788E+00	-3.61226E-03	-2.99971E-04	-3.48910E-04	-8.87827E-01	3.00001E-01	3.48945E-01	1000010010	5.22788E+00	1.67082E-02	-7.16635E-03	-8.33550E-03	-8.87827E-01	3.00001E-01	3.48945E-01	PRIM
1.90653E-02	1000010010	1.65306E+02	-4.37338E-03	2.76331E-04	9.52685E-04	-1.26621E-01	-2.76331E-01	-9.52685E-01	1000010010	1.65306E+02	-1.95932E-03	5.54467E-03	1.91159E-02	-1.26621E-01	-2.76331E-01	-9.52685E-01	PRIM
1.96057E-02	1000010010	1.17735E+01	-4.25819E-03	-7.85725E-04	-5.69355E-04	-2.41808E-01	7.85725E-01	5.69355E-01	1000010010	1.17735E+01	4.82606E-04	-1.61904E-02	-1.17319E-02	-2.41808E-01	7.85725E-01	5.69355E-01	PRIM
1.76719E-02	1000010010	4.15417E+01	-4.68513E-03	9.56772E-04	-2.24303E-04	1.85134E-01	-9.56772E-01	2.24303E-01	1000010010	4.15417E+01	-7.95680E-03	1.78647E-02	-4.18816E-03	1.85134E-01	-9.56772E-01	2.24303E-01	PRIM
1.94924E-02	1000010010	5.98123E+00	-4.28210E-03	-2.66985E-05	9.75606E-04	-2.17899E-01	2.66985E-02	-9.75606E-01	1000010010	5.98123E+00	-3.47428E-05	-5.47116E-04	1.99925E-02	-2.17899E-01	2.66985E-02	-9.75606E-01	PRIM
1.54038E-02	1000010010	6.57673E+00	-5.24954E-03	-3.97208E-06	6.61791E-04	7.49619E-01	3.97247E-03	-6.61858E-01	1000010010	6.57673E+00	-1.67965E-02	-6.51633E-05	1.08569E-02	7.49619E-01	3.97247E-03	-6.61858E-01	PRIM
1.99838E-02	1000010010	5.87455E+00	-4.17928E-03	8.88289E-04	3.28756E-04	-3.20723E-01	-8.88289E-01	-3.28756E-01	1000010010	5.87455E+00	2.22998E-03	1.86397E-02	6.89854E-03	-3.20723E-01	-8.88289E-01	-3.28756E-01	PRIM
1.76719E-02	1000010010	7.12175E+00	-4.68513E-03	9.56772E-04	-2.24303E-04	1.85134E-01	-9.56772E-01	2.24303E-01	1000010010	7.12175E+00	-7.95680E-03	1.78647E-02	-4.18816E-03	1.85134E-01	-9.56772E-01	2.24303E-01	PRIM
1.94258E-02	1000010010	3.25685E+01	-4.29625E-03	4.63790E-04	8.62081E-04	-2.03773E-01	-4.63836E-01	-8.62167E-01	1000010010	3.25685E+01	-3.37793E-04	9.47418E-03	1.76104E-02	-2.03773E-01	-4.63836E-01	-8.62167E-01	PRIM
2.07054E-02	1000010010	6.45005E+00	-4.03225E-03	-6.83722E-04	5.60118E-04	-4.67752E-01	6.83722E-01	-5.60118E-01	1000010010	6.45005E+00	5.65274E-03	-1.48405E-02	1.21576E-02	-4.67752E-01	6.83722E-01	-5.60118E-01	PRIM
1.82935E-02	1000010010	1.70227E+01	-4.54326E-03	-4.07861E-04	9.11909E-04	4.32681E-02	4.07902E-01	-9.12000E-01	1000010010	1.70227E+01	-5.33479E-03	-7.86983E-03	1.75956E-02	4.32681E-02	4.07902E-01	-9.12000E-01	PRIM
1.91925E-02	1000010010	8.87873E+00	-4.34603E-03	2.34313E-04	9.59787E-04	-1.53983E-01	-2.34337E-01	-9.59883E-01	1000010010	8.87873E+00	-1.39071E-03	4.73183E-03	1.93824E-02	-1.53983E-01	-2.34337E-01	-9.59883E-01	PRIM
1.80025E-02	1000010010	1.21060E+01	-4.60907E-03	5.05049E-04	-8.56171E-04	1.09073E-01	-5.05049E-01	8.56171E-01	1000010010	1.21060E+01	-6.57267E-03	9.59720E-03	-1.62694E-02	1.09073E-01	-5.05049E-01	8.56171E-01	PRIM
1.92528E-02	1000010010	7.53887E+00	-4.33312E-03	2.31390E-04	-9.58337E-04	-1.66896E-01	-2.31413E-01	9.58433E-01	1000010010	7.53887E+00	-1.11991E-03	4.68673E-03	-1.94108E-02	-1.66896E-01	-2.31413E-01	9.58433E-01	PRIM
2.25073E-02	1000010010	7.84562E+00	-3.68313E-03	5.68133E-04	9.87059E-05	-8.16955E-01	-5.68189E-01	-9.87157E-02	1000010010	7.84562E+00	1.47043E-02	1.33566E-02	2.32053E-03	-8.16955E-01	-5.68189E-01	-9.87157E-02	PRIM
2.20679E-02	1000010010	7.01732E+00	-3.76604E-03	4.30772E-04	-5.25108E-04	-7.33960E-01	-4.30772E-01	5.25108E-01	1000010010	7.01732E+00	1.24309E-02	9.93700E-03	-1.21131E-02	-7.33960E-01	-4.30772E-01	5.25108E-01	PRIM
1.84674E-02	1000010010	1.33856E+01	-4.50440E-03	8.17608E-05	9.96642E-04	4.39977E-03	-8.17608E-02	-9.96642E-01	1000010010	1.33856E+01	-4.58565E-03	1.59167E-03	1.94020E-02	4.39977E-03	-8.17608E-02	-9.96642E-01	PRIM
1.95667E-02	1000010010	7.43092E+00	-4.26640E-03	5.67124E-04	-7.89810E-04	-2.33603E-01	-5.67124E-01	7.89810E-01	1000010010	7.43092E+00	3.04442E-04	1.16639E-02	-1.62438E-02	-2.33603E-01	-5.67124E-01	7.89810E-01	PRIM
1.92120E-02	1000010010	5.86498E+00	-4.34181E-03	8.66297E-04	4.73821E-04	-1.58187E-01	-8.66297E-01	-4.73821E-01	1000010010	5.86498E+00	-1.30271E-03	1.75096E-02	9.57687E-03	-1.58187E-01	-8.66297E-01	-4.73821E-01	PRIM
1.80322E-02	1000010010	1.24747E+01	-4.60232E-03	-1.24363E-04	-9.86947E-04	1.02322E-01	1.24363E-01	9.86947E-01	1000010010	1.24747E+01	-6.44741E-03	-2.36689E-03	-1.87837E-02	1.02322E-01	1.24363E-01	9.86947E-01	PRIM
1.76102E-02	1000010010	1.12135E+01	-4.69947E-03	8.77782E-04	-4.35559E-04	1.99466E-01	-8.77782E-01	4.35559E-01	1000010010	1.12135E+01	-8.21210E-03	1.63357E-02	-8.10586E-03	1.99466E-01	-8.77782E-01	4.35559E-01	PRIM
2.04742E-02	1000010010	5.14816E+00	-4.07886E-03	-5.29811E-05	-9.05449E-04	-4.21136E-01	5.29811E-02	9.05449E-01	1000010010	5.14816E+00	4.54356E-03	-1.13773E-03	-1.94438E-02	-4.21136E-01	5.29811E-02	9.05449E-01	PRIM
2.01867E-02	1000010010	2.02213E+01	-4.13748E-03	2.89597E-04	8.85839E-04	-3.62522E-01	-2.89597E-01	-8.85839E-01	1000010010	2.02213E+01	3.18063E-03	6.13561E-03	1.87680E-02	-3.62522E-01	-2.89597E-01	-8.85839E-01	PRIM
1.92120E-02	1000010010	7.31071E+00	-4.34181E-03	8.66297E-04	4.73821E-04	-1.58187E-01	-8.66297E-01	-4.73821E-01	1000010010	7.31071E+00	-1.30271E-03	1.75096E-02	9.57687E-03	-1.58187E-01	-8.66297E-01	-4.73821E-01	PRIM
1.49622E-02	1000010010	5.13150E+00	-5.36983E-03	4.84864E-04	9.11119E-05	8.69831E-01	-4.84864E-01	-9.11119E-02	1000010010	5.13150E+00	-1.83844E-02	7.73948E-03	1.45434E-03	8.69831E-01	-4.84864E-01	-9.11119E-02	PRIM
1.49357E-02	1000010010	6.02266E+00	-5.37709E-03	-2.09566E-04	-4.31960E-04	8.77181E-01	2.09587E-01	4.32003E-01	1000010010	6.02266E+00	-1.84784E-02	-3.33991E-03	-6.88424E-03	8.77181E-01	2.09587E-01	4.32003E-01	PRIM
2.17905E-02	1000010010	5.57628E+00	-3.81913E-03	1.30012E-04	7.20775E-04	-6.80868E-01	-1.30012E-01	-7.20775E-01	1000010010	5.57628E+00	1.10173E-02	2.96304E-03	1.64268E-02	-6.80868E-01	-1.30012E-01	-7.20775E-01	PRIM
1.67477E-02	1000010010	6.51017E+00	-4.90550E-03	-3.38723E-04	8.49019E-04	4.05504E-01	3.38723E-01	-8.49019E-01	1000010010	6.51017E+00	-1.16967E-02	-6.01154E-03	1.50681E-02	4.05504E-01	3.38723E-01	-8.49019E-01	PRIM
1.64350E-02	1000010010	1.22132E+01	-4.98287E-03	6.75129E-04	-5.57711E-04	4.82866E-01	-6.75129E-01	5.57711E-01	1000010010	1.22132E+01	-1.29188E-02	1.17709E-02	-9.72372E-03	4.82866E-01	-6.75129E-01	5.57711E-01	PRIM
1.76743E-02	1000010010	8.87797E+00	-4.68456E-03	-4.51299E-05	9.81784E-04	1.84563E-01	4.51299E-02	-9.81784E-01	1000010010	8.87797E+00	-7.94659E-03	-8.42770E-04	1.83342E-02	1.84563E-01	4.51299E-02	-9.81784E-01	PRIM
2.06434E-02	1000010010	4.90067E+01	-4.04470E-03	4.34131E-04	7.77323E-04	-4.55302E-01	-4.34131E-01	-7.77323E-01	1000010010	4.90067E+01	5.35430E-03	9.39608E-03	1.68239E-02	-4.55302E-01	-4.34131E-01	-7.77323E-01	PRIM
1.76123E-02	1000010010	8.70779E+01	-4.69899E-03	-9.68969E-04	-1.46628E-04	1.98994E-01	9.68969E-01	1.46628E-01	1000010010	8.70779E+01	-8.20372E-03	-1.80347E-02	-2.72908E-03	1.98994E-01	9.68969E-01	1.46628E-01	PRIM
2.10143E-02	1000010010	6.85635E+00	-3.97065E-03	7.75135E-04	3.44904E-04	-5.29346E-01	-7.75135E-01	-3.44904E-01	1000010010	6.85635E+00	7.15317E-03	1.70640E-02	7.59282E-03	-5.29346E-01	-7.75135E-01	-3.44904E-01	PRIM
1.87323E-02	1000010010	5.08638E+00	-4.44586E-03	1.25350E-04	9.90634E-04	-5.41376E-02	-1.25350E-01	-9.90634E-01	1000010010	5.08638E+00	-3.43174E-03	2.47345E-03	1.95475E-02	-5.41376E-02	-1.25350E-01	-9.90634E-01	PRIM
1.57979E-02	1000010010	1.47632E+01	-5.14546E-03	-7.47363E-04	-1.57574E-04	6.45460E-01	7.47363E-01	1.57574E-01	1000010010	1.47632E+01	-1.53424E-02	-1.25541E-02	-2.64691E-03	6.45460E-01	7.47363E-01	1.57574E-01	PRIM
1.80872E-02	1000010010	9.99843E+00	-4.58980E-03	-7.44144E-04	-6.61956E-04	8.98042E-02	7.44144E-01	6.61956E-01	1000010010	9.99843E+00	-6.21411E-03	-1.42037E-02	-1.26349E-02	8.98042E-02	7.44144E-01	6.61956E-01	PRIM
1.64517E-02	1000010010	9.41184E+00	-4.97870E-03	8.59469E-04	-1.79326E-04	4.78702E-01	-8.59469E-01	1.79326E-01	1000010010	9.41184E+00	-1.28542E-02	1.49992E-02	-3.12955E-03	4.78702E-01	-8.59469E-01	1.79326E-01	PRIM
1.95313E-02	1000010010	6.51985E+00	-4.27387E-03	-1.70433E-04	9.59072E-04	-2.26128E-01	1.70433E-01	-9.59072E-01	1000010010	6.51985E+00	1.42708E-04	-3.49922E-03	1.96910E-02	-2.26128E-01	1.70433E-01	-9.59072E-01	PRIM
1.56224E-02	1000010010	1.08170E+01	-5.19148E-03	9.89131E-05	7.15591E-04	6.91480E-01	-9.89131E-02	-7.15591E-01	1000010010	1.08170E+01	-1.59941E-02	1.64417E-03	1.18948E-02	6.91480E-01	-9.89131E-02	-7.15591E-01	PRIM
1.71557E-02	1000010010	5.53930E+00	-4.80672E-03	8.35301E-04	4.56282E-04	3.06725E-01	-8.35301E-01	-4.56282E-01	1000010010	5.53930E+00	-1.00688E-02	1.51655E-02	8.28413E-03	3.06725E-01	-8.35301E-01	-4.56282E-01	PRIM
2.33499E-02	1000010010	6.87442E+00	-3.52730E-03	1.12135E-04	-2.03167E-04	-9.72702E-01	-1.12135E-01	2.03167E-01	1000010010	6.87442E+00	1.91852E-02	2.73048E-03	-4.94708E-03	-9.72702E-01	-1.12135E-01	2.03167E-01	PRIM
1.94758E-02	1000010010	5.80171E+00	-4.28566E-03	1.80305E-05	9.76489E-04	-2.14366E-01	-1.80323E-02	-9.76587E-01	1000010010	5.80171E+00	-1.10708E-04	3.69223E-04	1.99963E-02	-2.14366E-01	-1.80323E-02	-9.76587E-01	PRIM
1.67477E-02	1000010010	5.64402E+00	-4.90550E-03	-3.38723E-04	8.49019E-04	4.05504E-01	3.38723E-01	-8.49019E-01	1000010010	5.64402E+00	-1.16967E-02	-6.01154E-03	1.50681E-02	4.05504E-01	3.38723E-01	-8.49019E-01	PRIM
1.74367E-02	1000010010	6.08985E+00	-4.74008E-03	-4.80490E-04	-8.43381E-04	2.40103E-01	4.80538E-01	8.43465E-01	1000010010	6.08985E+00	-8.92670E-03	-8.85951E-03	-1.55507E-02	2.40103E-01	4.80538E-01	8.43465E-01	PRIM
2.14178E-02	1000010010	1.26308E+01	-3.89139E-03	-7.11396E-04	-3.51159E-04	-6.08669E-01	7.11467E-01	3.51194E-01	1000010010	1.26308E+01	9.14497E-03	-1.59495E-02	-7.87297E-03	-6.08669E-01	7.11467E-01	3.51194E-01	PRIM
1.83610E-02	1000010010	6.45754E+00	-4.52816E-03	7.02990E-04	7.10502E-04	2.81624E-02	-7.03060E-01	-7.10573E-01	1000010010	6.45754E+00	-5.04525E-03	1.36118E-02	1.37573E-02	2.81624E-02	-7.03060E-01	-7.10573E-01	PRIM
1.83014E-02	1000010010	6.64963E+00	-4.54147E-03	7.14042E-04	6.98873E-04	4.14727E-02	-7.14042E-01	-6.98873E-01	1000010010	6.64963E+00	-5.30048E-03	1.37820E-02	1.34893E-02	4.14727E-02	-7.14042E-01	-6.98873E-01	PRIM
1.86231E-02	1000010010	7.43112E+00	-4.46992E-03	-7.56085E-04	-6.53629E-04	-3.00868E-02	7.56160E-01	6.53695E-01	1000010010	7.43112E+00	-3.90961E-03	-1.48382E-02	-1.28275E-02	-3.00868E-02	7.56160E-01	6.53695E-01	PRIM
1.97253E-02	1000010010	7.09050E+00	-4.23309E-03	2.14093E-05	-9.63483E-04	-2.66911E-01	-2.14093E-02	9.63483E-01	1000010010	7.09050E+00	1.03180E-03	4.43713E-04	-1.99684E-02	-2.66911E-01	-2.14093E-02	9.63483E-01	PRIM
1.98828E-02	1000010010	9.60715E+00	-4.20021E-03	-5.87818E-05	9.52194E-04	-2.99786E-01	5.87818E-02	-9.52194E-01	1000010010	9.60715E+00	1.76038E-03	-1.22753E-03	1.98845E-02	-2.99786E-01	5.87818E-02	-9.52194E-01	PRIM
2.09237E-02	1000010010	7.02233E+00	-3.98864E-03	5.79206E-04	6.34848E-04	-5.11359E-01	-5.79206E-01	-6.34848E-01	1000010010	7.02233E+00	6.71088E-03	1.26983E-02	1.39182E-02	-5.11359E-01	-5.79206E-01	-6.34848E-01	PRIM
2.20679E-02	1000010010	6.09159E+00	-3.76604E-03	4.30772E-04	-5.25108E-04	-7.33960E-01	-4.30772E-01	5.25108E-01	1000010010	6.09159E+00	1.24309E-02	9.93700E-03	-1.21131E-02	-7.33960E-01	-4.30772E-01	5.25108E-01	PRIM
2.28878E-02	1000010010	5.28390E+00	-3.61226E-03	-2.99971E-04	-3.48910E-04	-8.87827E-01	3.00001E-01	3.48945E-01	1000010010	5.28390E+00	1.67082E-02	-7.16635E-03	-8.33550E-03	-8.87827E-01	3.00001E-01	3.48945E-01	PRIM
1.64350E-02	1000010010	6.15312E+00	-4.98287E-03	6.75129E-04	-5.57711E-04	4.82866E-01	-6.75129E-01	5.57711E-01	1000010010	6.15312E+00	-1.29188E-02	1.17709E-02	-9.72372E-03	4.82866E-01	-6.75129E-01	5.57711E-01	PRIM
2.05434E-02	1000010010	7.58203E+00	-4.06487E-03	4.99625E-04	-7.49026E-04	-4.35126E-01	-4.99625E-01	7.49026E-01	1000010010	7.58203E+00	4.87409E-03	1.07636E-02	-1.61365E-02	-4.35126E-01	-4.99625E-01	7.49026E-01	PRIM
1.57979E-02	1000010010	7.94906E+00	-5.14546E-03	-7.47363E-04	-1.57574E-04	6.45460E-01	7.47363E-01	1.57574E-01	1000010010	7.94906E+00	-1.53424E-02	-1.25541E-02	-2.64691E-03	6.45460E-01	7.47363E-01	1.57574E-01	PRIM
2.23969E-02	1000010010	5.42863E+00	-3.70377E-03	5.39431E-04	2.73923E-04	-7.96229E-01	-5.39431E-01	-2.73923E-01	1000010010	5.42863E+00	1.41293E-02	1.26210E-02	6.40894E-03	-7.96229E-01	-5.39431E-01	-2.73923E-01	PRIM
1.76809E-02	1000010010	5.74672E+00	-4.68304E-03	8.86046E-04	4.25930E-04	1.83045E-01	-8.86046E-01	-4.25930E-01	1000010010	5.74672E+00	-7.91944E-03	1.65521E-02	7.95675E-03	1.83045E-01	-8.86046E-01	-4.25930E-01	PRIM
2.03776E-02	1000010010	5.11135E+00	-4.09848E-03	3.21829E-04	8.57445E-04	-4.01515E-01	-3.21829E-01	-8.57445E-01	1000010010	5.11135E+00	4.08343E-03	6.87992E-03	1.83301E-02	-4.01515E-01	-3.21829E-01	-8.57445E-01	PRIM
1.95916E-02	1000010010	8.15919E+00	-4.26116E-03	1.88410E-04	-9.52607E-04	-2.38836E-01	-1.88410E-01	9.52607E-01	1000010010	8.15919E+00	4.18002E-04	3.87964E-03	-1.96156E-02	-2.38836E-01	-1.88410E-01	9.52607E-01	PRIM
1.96800E-02	1000010010	6.11932E+00	-4.24256E-03	1.63466E-04	-9.52368E-04	-2.57437E-01	-1.63466E-01	9.52368E-01	1000010010	6.11932E+00	8.23808E-04	3.38048E-03	-1.96950E-02	-2.57437E-01	-1.63466E-01	9.52368E-01	PRIM
1.91382E-02	1000010010	1.00231E+01	-4.35767E-03	-1.45288E-04	9.79098E-04	-1.42331E-01	1.45288E-01	-9.79098E-01	1000010010	1.00231E+01	-1.63372E-03	-2.92584E-03	1.97173E-02	-1.42331E-01	1.45288E-01	-9.79098E-01	PRIM
2.05434E-02	1000010010	8.48633E+00	-4.06487E-03	4.99625E-04	-7.49026E-04	-4.35126E-01	-4.99625E-01	7.49026E-01	1000010010	8.48633E+00	4.87409E-03	1.07636E-02	-1.61365E-02	-4.35126E-01	-4.99625E-01	7.49026E-01	PRIM
2.00056E-02	1000010010	7.53406E+00	-4.17476E-03	-1.94827E-04	9.25344E-04	-3.25241E-01	1.94827E-01	-9.25344E-01	1000010010	7.53406E+00	2.33189E-03	-4.09246E-03	1.94374E-02	-3.25241E-01	1.94827E-01	-9.25344E-01	PRIM
2.05199E-02	1000010010	5.99811E+00	-4.06962E-03	-1.52643E-04	8.89648E-04	-4.30380E-01	1.52643E-01	-8.89648E-01	1000010010	5.99811E+00	4.76172E-03	-3.28486E-03	1.91451E-02	-4.30380E-01	1.52643E-01	-8.89648E-01	PRIM
1.95916E-02	1000010010	6.11552E+00	-4.26116E-03	1.88410E-04	-9.52607E-04	-2.38836E-01	-1.88410E-01	9.52607E-01	1000010010	6.11552E+00	4.18002E-04	3.87964E-03	-1.96156E-02	-2.38836E-01	-1.88410E-01	9.52607E-01	PRIM
1.96057E-02	1000010010	6.07239E+00	-4.25819E-03	-7.85725E-04	-5.69355E-04	-2.41808E-01	7.85725E-01	5.69355E-01	1000010010	6.07239E+00	4.82606E-04	-1.61904E-02	-1.17319E-02	-2.41808E-01	7.85725E-01	5.69355E-01	PRIM
1.97291E-02	1000010010	5.84914E+00	-4.23229E-03	6.07586E-05	9.61582E-04	-2.67709E-01	-6.07586E-02	-9.61582E-01	1000010010	5.84914E+00	1.04935E-03	1.25947E-03	1.99327E-02	-2.67709E-01	-6.07586E-02	-9.61582E-01	PRIM
2.10317E-02	1000010010	1.39379E+01	-3.96727E-03	-7.55005E-04	3.82061E-04	-5.32779E-01	7.55081E-01	-3.82099E-01	1000010010	1.39379E+01	7.23798E-03	-1.66356E-02	8.41826E-03	-5.32779E-01	7.55081E-01	-3.82099E-01	PRIM
1.66417E-02	1000010010	7.94852E+00	-4.93153E-03	-8.85633E-04	1.70983E-04	4.31573E-01	8.85722E-01	-1.71000E-01	1000010010	7.94852E+00	-1.21137E-02	-1.56256E-02	3.01672E-03	4.31573E-01	8.85722E-01	-1.71000E-01	PRIM
1.49357E-02	1000010010	6.11102E+00	-5.37709E-03	-2.09566E-04	-4.31960E-04	8.77181E-01	2.09587E-01	4.32003E-01	1000010010	6.11102E+00	-1.84784E-02	-3.33991E-03	-6.88424E-03	8.77181E-01	2.09587E-01	4.32003E-01	PRIM
1.64517E-02	1000010010	8.37151E+00	-4.97870E-03	8.59469E-04	-1.79326E-04	4.78702E-01	-8.59469E-01	1.79326E-01	1000010010	8.37151E+00	-1.28542E-02	1.49992E-02	-3.12955E-03	4.78702E-01	-8.59469E-01	1.79326E-01	PRIM
2.20582E-02	1000010010	5.38406E+00	-3.76789E-03	-3.61191E-04	-5.77537E-04	-7.32115E-01	3.61191E-01	5.77537E-01	1000010010	5.38406E+00	1.23813E-02	-8.32843E-03	-1.33170E-02	-7.32115E-01	3.61191E-01	5.77537E-01	PRIM
2.00056E-02	1000010010	6.44099E+00	-4.17476E-03	-1.94827E-04	9.25344E-04	-3.25241E-01	1.94827E-01	-9.25344E-01	1000010010	6.44099E+00	2.33189E-03	-4.09246E-03	1.94374E-02	-3.25241E-01	1.94827E-01	-9.25344E-01	PRIM
1.99692E-02	1000010010	3.47247E+01	-4.18230E-03	3.15988E-04	-8.93991E-04	-3.17696E-01	-3.15988E-01	8.93991E-01	1000010010	3.47247E+01	2.16182E-03	6.62601E-03	-1.87463E-02	-3.17696E-01	-3.15988E-01	8.93991E-01	PRIM
1.92915E-02	1000010010	6.73468E+00	-4.32480E-03	4.54976E-04	-8.73099E-04	-1.75202E-01	-4.54976E-01	8.73099E-01	1000010010	6.73468E+00	-9.44891E-04	9.23216E-03	-1.77165E-02	-1.75202E-01	-4.54976E-01	8.73099E-01	PRIM
1.54038E-02	1000010010	5.38533E+00	-5.24954E-03	-3.97208E-06	6.61791E-04	7.49619E-01	3.97247E-03	-6.61858E-01	1000010010	5.38533E+00	-1.67965E-02	-6.51633E-05	1.08569E-02	7.49619E-01	3.97247E-03	-6.61858E-01	PRIM
2.02724E-02	1000010010	1.10873E+01	-4.12000E-03	-7.17766E-04	-5.83274E-04	-3.80041E-01	7.17838E-01	5.83333E-01	1000010010	1.10873E+01	3.58433E-03	-1.52700E-02	-1.24088E-02	-3.80041E-01	7.17838E-01	5.83333E-01	PRIM
1.80872E-02	1000010010	6.65577E+00	-4.58980E-03	-7.44144E-04	-6.61956E-04	8.98042E-02	7.44144E-01	6.61956E-01	1000010010	6.65577E+00	-6.21411E-03	-1.42037E-02	-1.26349E-02	8.98042E-02	7.44144E-01	6.61956E-01	PRIM
2.04863E-02	1000010010	5.84951E+00	-4.07641E-03	4.27843E-04	7.98450E-04	-4.23588E-01	-4.27843E-01	-7.98450E-01	1000010010	5.84951E+00	4.60136E-03	9.19278E-03	1.71558E-02	-4.23588E-01	-4.27843E-01	-7.98450E-01	PRIM
2.14337E-02	1000010010	5.78815E+00	-3.88822E-03	4.52458E-04	6.48854E-04	-6.11776E-01	-4.52458E-01	-6.48854E-01	1000010010	5.78815E+00	9.22438E-03	1.01503E-02	1.45562E-02	-6.11776E-01	-4.52458E-01	-6.48854E-01	PRIM
1.55393E-02	1000010010	6.83070E+00	-5.21345E-03	-3.15907E-04	6.25452E-04	7.13451E-01	3.15907E-01	-6.25452E-01	1000010010	6.83070E+00	-1.63000E-02	-5.22490E-03	1.03446E-02	7.13451E-01	3.15907E-01	-6.25452E-01	PRIM
2.00137E-02	1000010010	9.33871E+00	-4.17309E-03	-1.02994E-04	-9.39426E-04	-3.26910E-01	1.02994E-01	9.39426E-01	1000010010	9.33871E+00	2.36961E-03	-2.16430E-03	-1.97408E-02	-3.26910E-01	1.02994E-01	9.39426E-01	PRIM
1.49488E-02	1000010010	1.02266E+01	-5.37352E-03	4.72797E-04	1.15882E-04	8.73518E-01	-4.72797E-01	-1.15882E-01	1000010010	1.02266E+01	-1.84316E-02	7.54057E-03	1.84819E-03	8.73518E-01	-4.72797E-01	-1.15882E-01	PRIM
1.91925E-02	1000010010	6.79767E+00	-4.34603E-03	2.34313E-04	9.59787E-04	-1.53983E-01	-2.34337E-01	-9.59883E-01	1000010010	6.79767E+00	-1.39071E-03	4.73183E-03	1.93824E-02	-1.53983E-01	-2.34337E-01	-9.59883E-01	PRIM
1.99838E-02	1000010010	5.08165E+00	-4.17928E-03	8.88289E-04	3.28756E-04	-3.20723E-01	-8.88289E-01	-3.28756E-01	1000010010	5.08165E+00	2.22998E-03	1.86397E-02	6.89854E-03	-3.20723E-01	-8.88289E-01	-3.28756E-01	PRIM
1.91382E-02	1000010010	5.25778E+00	-4.35767E-03	-1.45288E-04	9.79098E-04	-1.42331E-01	1.45288E-01	-9.79098E-01	1000010010	5.25778E+00	-1.63372E-03	-2.92584E-03	1.97173E-02	-1.42331E-01	1.45288E-01	-9.79098E-01	PRIM
1.91382E-02	1000010010	7.10422E+00	-4.35767E-03	-1.45288E-04	9.79098E-04	-1.42331E-01	1.45288E-01	-9.79098E-01	1000010010	7.10422E+00	-1.63372E-03	-2.92584E-03	1.97173E-02	-1.42331E-01	1.45288E-01	-9.79098E-01	PRIM
1.67236E-02	1000010010	6.68479E+00	-4.91141E-03	-5.67824E-04	7.12965E-04	4.11408E-01	5.67824E-01	-7.12965E-01	1000010010	6.68479E+00	-1.17916E-02	-1.00639E-02	1.26363E-02	4.11408E-01	5.67824E-01	-7.12965E-01	PRIM
2.00137E-02	1000010010	5.95403E+00	-4.17309E-03	-1.02994E-04	-9.39426E-04	-3.26910E-01	1.02994E-01	9.39426E-01	1000010010	5.95403E+00	2.36961E-03	-2.16430E-03	-1.97408E-02	-3.26910E-01	1.02994E-01	9.39426E-01	PRIM
1.78667E-02	1000010010	2.09569E+01	-4.64017E-03	-3.57809E-04	-9.23106E-04	1.40182E-01	3.57845E-01	9.23199E-01	1000010010	2.09569E+01	-7.14476E-03	-6.75130E-03	-1.74176E-02	1.40182E-01	3.57845E-01	9.23199E-01	PRIM
1.70459E-02	1000010010	1.46404E+01	-4.83306E-03	-8.22274E-04	-4.61448E-04	3.33062E-01	8.22274E-01	4.61448E-01	1000010010	1.46404E+01	-1.05104E-02	-1.48387E-02	-8.32727E-03	3.33062E-01	8.22274E-01	4.61448E-01	PRIM
1.76123E-02	1000010010	3.30745E+01	-4.69899E-03	-9.68969E-04	-1.46628E-04	1.98994E-01	9.68969E-01	1.46628E-01	1000010010	3.30745E+01	-8.20372E-03	-1.80347E-02	-2.72908E-03	1.98994E-01	9.68969E-01	1.46628E-01	PRIM
1.56894E-02	1000010010	1.15013E+01	-5.17385E-03	-7.21617E-04	-1.58724E-04	6.73852E-01	7.21617E-01	1.58724E-01	1000010010	1.15013E+01	-1.57462E-02	-1.20433E-02	-2.64901E-03	6.73852E-01	7.21617E-01	1.58724E-01	PRIM
1.99745E-02	1000010010	5.83618E+00	-4.18126E-03	-2.96008E-05	9.47274E-04	-3.18773E-01	2.96037E-02	-9.47369E-01	1000010010	5.83618E+00	2.18606E-03	-6.20920E-04	1.98705E-02	-3.18773E-01	2.96037E-02	-9.47369E-01	PRIM
1.63461E-02	1000010010	1.23303E+01	-5.00516E-03	7.31144E-04	4.58517E-04	5.05164E-01	-7.31144E-01	-4.58517E-01	1000010010	1.23303E+01	-1.32626E-02	1.26825E-02	7.95348E-03	5.05164E-01	-7.31144E-01	-4.58517E-01	PRIM
1.82855E-02	1000010010	1.95907E+02	-4.54504E-03	-2.53091E-04	-9.66393E-04	4.50448E-02	2.53091E-01	9.66393E-01	1000010010	1.95907E+02	-5.36871E-03	-4.88099E-03	-1.86374E-02	4.50448E-02	2.53091E-01	9.66393E-01	PRIM
2.06401E-02	1000010010	6.99594E+00	-4.04537E-03	8.89332E-04	4.90323E-05	-4.54626E-01	-8.89332E-01	-4.90323E-02	1000010010	6.99594E+00	5.33815E-03	1.92452E-02	1.06106E-03	-4.54626E-01	-8.89332E-01	-4.90323E-02	PRIM
2.05199E-02	1000010010	7.43968E+01	-4.06962E-03	-1.52643E-04	8.89648E-04	-4.30380E-01	1.52643E-01	-8.89648E-01	1000010010	7.43968E+01	4.76172E-03	-3.28486E-03	1.91451E-02	-4.30380E-01	1.52643E-01	-8.89648E-01	PRIM
1.95893E-02	1000010010	1.17040E+02	-4.26164E-03	5.45124E-04	-8.03758E-04	-2.38355E-01	-5.45124E-01	8.03758E-01	1000010010	1.17040E+02	4.07560E-04	1.12237E-02	-1.65488E-02	-2.38355E-01	-5.45124E-01	8.03758E-01	PRIM
1.73970E-02	1000010010	9.56106E+01	-4.74945E-03	-9.16294E-04	-3.13335E-04	2.49450E-01	9.16294E-01	3.13335E-01	1000010010	9.56106E+01	-9.08912E-03	-1.68570E-02	-5.76441E-03	2.49450E-01	9.16294E-01	3.13335E-01	PRIM
2.00137E-02	1000010010	5.70227E+00	-4.17309E-03	-1.02994E-04	-9.39426E-04	-3.26910E-01	1.02994E-01	9.39426E-01	1000010010	5.70227E+00	2.36961E-03	-2.16430E-03	-1.97408E-02	-3.26910E-01	1.02994E-01	9.39426E-01	PRIM
1.76123E-02	1000010010	7.73135E+00	-4.69899E-03	-9.68969E-04	-1.46628E-04	1.98994E-01	9.68969E-01	1.46628E-01	1000010010	7.73135E+00	-8.20372E-03	-1.80347E-02	-2.72908E-03	1.98994E-01	9.68969E-01	1.46628E-01	PRIM
2.03776E-02	1000010010	6.46779E+00	-4.09848E-03	3.21829E-04	8.57445E-04	-4.01515E-01	-3.21829E-01	-8.57445E-01	1000010010	6.46779E+00	4.08343E-03	6.87992E-03	1.83301E-02	-4.01515E-01	-3.21829E-01	-8.57445E-01	PRIM
1.96020E-02	1000010010	4.74853E+01	-4.25897E-03	8.08138E-04	5.37417E-04	-2.41033E-01	-8.08138E-01	-5.37417E-01	1000010010	4.74853E+01	4.65756E-04	1.66492E-02	1.10718E-02	-2.41033E-01	-8.08138E-01	-5.37417E-01	PRIM
1.81455E-02	1000010010	5.39620E+00	-4.57660E-03	6.83112E-04	-7.26285E-04	7.65990E-02	-6.83112E-01	7.26285E-01	1000010010	5.39620E+00	-5.96653E-03	1.30785E-02	-1.39051E-02	7.65990E-02	-6.83112E-01	7.26285E-01	PRIM
2.30988E-02	1000010010	5.89492E+00	-3.57325E-03	2.78787E-04	-2.51816E-04	-9.26750E-01	-2.78787E-01	2.51816E-01	1000010010	5.89492E+00	1.78336E-02	6.71843E-03	-6.06847E-03	-9.26750E-01	-2.78787E-01	2.51816E-01	PRIM
1.64517E-02	1000010010	1.00177E+01	-4.97870E-03	8.59469E-04	-1.79326E-04	4.78702E-01	-8.59469E-01	1.79326E-01	1000010010	1.00177E+01	-1.28542E-02	1.49992E-02	-3.12955E-03	4.78702E-01	-8.59469E-01	1.79326E-01	PRIM
2.12505E-02	1000010010	5.91358E+00	-3.92405E-03	-6.21798E-04	-5.30709E-04	-5.75948E-01	6.21798E-01	5.30709E-01	1000010010	5.91358E+00	8.31514E-03	-1.38353E-02	-1.18085E-02	-5.75948E-01	6.21798E-01	5.30709E-01	PRIM
1.63461E-02	1000010010	1.38789E+01	-5.00516E-03	7.31144E-04	4.58517E-04	5.05164E-01	-7.31144E-01	-4.58517E-01	1000010010	1.38789E+01	-1.32626E-02	1.26825E-02	7.95348E-03	5.05164E-01	-7.31144E-01	-4.58517E-01	PRIM
2.16085E-02	1000010010	1.16778E+01	-3.85426E-03	1.22246E-04	7.53707E-04	-6.45741E-01	-1.22246E-01	-7.53707E-01	1000010010	1.16778E+01	1.00992E-02	2.76380E-03	1.70402E-02	-6.45741E-01	-1.22246E-01	-7.53707E-01	PRIM
2.18645E-02	1000010010	6.83445E+00	-3.80491E-03	-4.60230E-04	-5.52304E-04	-6.95088E-01	4.60230E-01	5.52304E-01	1000010010	6.83445E+00	1.13929E-02	-1.05229E-02	-1.26282E-02	-6.95088E-01	4.60230E-01	5.52304E-01	PRIM
1.49622E-02	1000010010	2.75026E+01	-5.36983E-03	4.84864E-04	9.11119E-05	8.69831E-01	-4.84864E-01	-9.11119E-02	1000010010	2.75026E+01	-1.83844E-02	7.73948E-03	1.45434E-03	8.69831E-01	-4.84864E-01	-9.11119E-02	PRIM
1.96759E-02	1000010010	9.46957E+00	-4.24343E-03	9.59302E-04	-1.17946E-04	-2.56569E-01	-9.59302E-01	1.17946E-01	1000010010	9.46957E+00	8.04805E-04	1.98344E-02	-2.43864E-03	-2.56569E-01	-9.59302E-01	1.17946E-01	PRIM
1.72119E-02	1000010010	7.77875E+00	-4.79333E-03	-6.78378E-04	-6.73619E-04	2.93328E-01	6.78378E-01	6.73619E-01	1000010010	7.77875E+00	-9.84205E-03	-1.23545E-02	-1.22678E-02	2.93328E-01	6.78378E-01	6.73619E-01	PRIM
2.30988E-02	1000010010	1.04764E+01	-3.57325E-03	2.78787E-04	-2.51816E-04	-9.26750E-01	-2.78787E-01	2.51816E-01	1000010010	1.04764E+01	1.78336E-02	6.71843E-03	-6.06847E-03	-9.26750E-01	-2.78787E-01	2.51816E-01	PRIM
1.94258E-02	1000010010	1.91608E+01	-4.29625E-03	4.63790E-04	8.62081E-04	-2.03773E-01	-4.63836E-01	-8.62167E-01	1000010010	1.91608E+01	-3.37793E-04	9.47418E-03	1.76104E-02	-2.03773E-01	-4.63836E-01	-8.62167E-01	PRIM
1.77189E-02	1000010010	9.02041E+01	-4.67424E-03	7.18946E-05	9.82075E-04	1.74240E-01	-7.18946E-02	-9.82075E-01	1000010010	9.02041E+01	-7.76158E-03	1.34578E-03	1.83833E-02	1.74240E-01	-7.18946E-02	-9.82075E-01	PRIM
2.23969E-02	1000010010	5.95659E+00	-3.70377E-03	5.39431E-04	2.73923E-04	-7.96229E-01	-5.39431E-01	-2.73923E-01	1000010010	5.95659E+00	1.41293E-02	1.26210E-02	6.40894E-03	-7.96229E-01	-5.39431E-01	-2.73923E-01	PRIM
1.98955E-02	1000010010	7.44985E+01	-4.19758E-03	-1.96846E-04	9.32626E-04	-3.02423E-01	1.96846E-01	-9.32626E-01	1000010010	7.44985E+01	1.81930E-03	-4.11321E-03	1.94877E-02	-3.02423E-01	1.96846E-01	-9.32626E-01	PRIM
2.03776E-02	1000010010	1.94507E+01	-4.09848E-03	3.21829E-04	8.57445E-04	-4.01515E-01	-3.21829E-01	-8.57445E-01	1000010010	1.94507E+01	4.08343E-03	6.87992E-03	1.83301E-02	-4.01515E-01	-3.21829E-01	-8.57445E-01	PRIM
1.97822E-02	1000010010	5.41088E+00	-4.22118E-03	-8.36115E-05	9.56697E-04	-2.78819E-01	8.36115E-02	-9.56697E-01	1000010010	5.41088E+00	1.29449E-03	-1.73763E-03	1.98823E-02	-2.78819E-01	8.36115E-02	-9.56697E-01	PRIM
1.91869E-02	1000010010	1.51040E+01	-4.34719E-03	-3.32268E-04	9.30724E-04	-1.52809E-01	3.32268E-01	-9.30724E-01	1000010010	1.51040E+01	-1.41526E-03	-6.70747E-03	1.87885E-02	-1.52809E-01	3.32268E-01	-9.30724E-01	PRIM
1.96800E-02	1000010010	6.37869E+00	-4.24256E-03	1.63466E-04	-9.52368E-04	-2.57437E-01	-1.63466E-01	9.52368E-01	1000010010	6.37869E+00	8.23808E-04	3.38048E-03	-1.96950E-02	-2.57437E-01	-1.63466E-01	9.52368E-01	PRIM
2.25073E-02	1000010010	8.38752E+00	-3.68313E-03	5.68133E-04	9.87059E-05	-8.16955E-01	-5.68189E-01	-9.87157E-02	1000010010	8.38752E+00	1.47043E-02	1.33566E-02	2.32053E-03	-8.16955E-01	-5.68189E-01	-9.87157E-02	PRIM
1.56224E-02	1000010010	1.04828E+01	-5.19148E-03	9.89131E-05	7.15591E-04	6.91480E-01	-9.89131E-02	-7.15591E-01	1000010010	1.04828E+01	-1.59941E-02	1.64417E-03	1.18948E-02	6.91480E-01	-9.89131E-02	-7.15591E-01	PRIM
1.99838E-02	1000010010	7.01626E+00	-4.17928E-03	8.88289E-04	3.28756E-04	-3.20723E-01	-8.88289E-01	-3.28756E-01	1000010010	7.01626E+00	2.22998E-03	1.86397E-02	6.89854E-03	-3.20723E-01	-8.88289E-01	-3.28756E-01	PRIM
1.91841E-02	1000010010	3.19597E+02	-4.34780E-03	5.07031E-06	9.88336E-04	-1.52202E-01	-5.07031E-03	-9.88336E-01	1000010010	3.19597E+02	-1.42793E-03	1.02340E-04	1.99487E-02	-1.52202E-01	-5.07031E-03	-9.88336E-01	PRIM
1.81453E-02	1000010010	9.20409E+00	-4.57666E-03	-7.42264E-04	6.65709E-04	7.66583E-02	7.42264E-01	-6.65709E-01	1000010010	9.20409E+00	-5.96764E-03	-1.42108E-02	1.27452E-02	7.66583E-02	7.42264E-01	-6.65709E-01	PRIM
1.63461E-02	1000010010	8.53400E+00	-5.00516E-03	7.31144E-04	4.58517E-04	5.05164E-01	-7.31144E-01	-4.58517E-01	1000010010	8.53400E+00	-1.32626E-02	1.26825E-02	7.95348E-03	5.05164E-01	-7.31144E-01	-4.58517E-01	PRIM
1.76102E-02	1000010010	2.89127E+01	-4.69947E-03	8.77782E-04	-4.35559E-04	1.99466E-01	-8.77782E-01	4.35559E-01	1000010010	2.89127E+01	-8.21210E-03	1.63357E-02	-8.10586E-03	1.99466E-01	-8.77782E-01	4.35559E-01	PRIM
1.91196E-02	1000010010	5.18018E+00	-4.36166E-03	8.72399E-04	4.68809E-04	-1.38337E-01	-8.72399E-01	-4.68809E-01	1000010010	5.18018E+00	-1.71671E-03	1.75524E-02	9.43227E-03	-1.38337E-01	-8.72399E-01	-4.68809E-01	PRIM
1.91359E-02	1000010010	3.64742E+01	-4.35816E-03	9.88201E-04	-5.77852E-05	-1.41843E-01	-9.88201E-01	5.77852E-02	1000010010	3.64742E+01	-1.64387E-03	1.98983E-02	-1.16356E-03	-1.41843E-01	-9.88201E-01	5.77852E-02	PRIM
1.86231E-02	1000010010	5.47147E+00	-4.46992E-03	-7.56085E-04	-6.53629E-04	-3.00868E-02	7.56160E-01	6.53695E-01	1000010010	5.47147E+00	-3.90961E-03	-1.48382E-02	-1.28275E-02	-3.00868E-02	7.56160E-01	6.53695E-01	PRIM
1.99692E-02	1000010010	1.50026E+01	-4.18230E-03	3.15988E-04	-8.93991E-04	-3.17696E-01	-3.15988E-01	8.93991E-01	1000010010	1.50026E+01	2.16182E-03	6.62601E-03	-1.87463E-02	-3.17696E-01	-3.15988E-01	8.93991E-01	PRIM
1.76123E-02	1000010010	5.86202E+00	-4.69899E-03	-9.68969E-04	-1.46628E-04	1.98994E-01	9.68969E-01	1.46628E-01	1000010010	5.86202E+00	-8.20372E-03	-1.80347E-02	-2.72908E-03	1.98994E-01	9.68969E-01	1.46628E-01	PRIM
2.07054E-02	1000010010	7.87476E+00	-4.03225E-03	-6.83722E-04	5.60118E-04	-4.67752E-01	6.83722E-01	-5.60118E-01	1000010010	7.87476E+00	5.65274E-03	-1.48405E-02	1.21576E-02	-4.67752E-01	6.83722E-01	-5.60118E-01	PRIM
1.65316E-02	1000010010	1.33800E+01	-4.95880E-03	-3.70171E-05	8.87768E-04	4.58800E-01	3.70171E-02	-8.87768E-01	1000010010	1.33800E+01	-1.25435E-02	-6.48970E-04	1.55640E-02	4.58800E-01	3.70171E-02	-8.87768E-01	PRIM
1.89681E-02	1000010010	7.81672E+00	-4.39442E-03	8.62437E-04	4.95031E-04	-1.05577E-01	-8.62437E-01	-4.95031E-01	1000010010	7.81672E+00	-2.39184E-03	1.72212E-02	9.88481E-03	-1.05577E-01	-8.62437E-01	-4.95031E-01	PRIM
1.93841E-02	1000010010	1.95700E+01	-4.30506E-03	-6.01962E-05	9.78967E-04	-1.94938E-01	6.01962E-02	-9.78967E-01	1000010010	1.95700E+01	-5.26367E-04	-1.22705E-03	1.99554E-02	-1.94938E-01	6.01962E-02	-9.78967E-01	PRIM
1.77189E-02	1000010010	2.05488E+01	-4.67424E-03	7.18946E-05	9.82075E-04	1.74240E-01	-7.18946E-02	-9.82075E-01	1000010010	2.05488E+01	-7.76158E-03	1.34578E-03	1.83833E-02	1.74240E-01	-7.18946E-02	-9.82075E-01	PRIM
1.97622E-02	1000010010	2.15272E+01	-4.22541E-03	1.80675E-05	9.61288E-04	-2.74618E-01	-1.80693E-02	-9.61384E-01	1000010010	2.15272E+01	1.20164E-03	3.75158E-04	1.99603E-02	-2.74618E-01	-1.80693E-02	-9.61384E-01	PRIM
1.76123E-02	1000010010	5.74817E+00	-4.69899E-03	-9.68969E-04	-1.46628E-04	1.98994E-01	9.68969E-01	1.46628E-01	1000010010	5.74817E+00	-8.20372E-03	-1.80347E-02	-2.72908E-03	1.98994E-01	9.68969E-01	1.46628E-01	PRIM
2.05888E-02	1000010010	2.09654E+01	-4.05571E-03	-1.06333E-04	-8.89551E-04	-4.44289E-01	1.06333E-01	8.89551E-01	1000010010	2.09654E+01	5.09165E-03	-2.29560E-03	-1.92043E-02	-4.44289E-01	1.06333E-01	8.89551E-01	PRIM
2.20582E-02	1000010010	5.23669E+00	-3.76789E-03	-3.61191E-04	-5.77537E-04	-7.32115E-01	3.61191E-01	5.77537E-01	1000010010	5.23669E+00	1.23813E-02	-8.32843E-03	-1.33170E-02	-7.32115E-01	3.61191E-01	5.77537E-01	PRIM
1.96800E-02	1000010010	5.61299E+00	-4.24256E-03	1.63466E-04	-9.52368E-04	-2.57437E-01	-1.63466E-01	9.52368E-01	1000010010	5.61299E+00	8.23808E-04	3.38048E-03	-1.96950E-02	-2.57437E-01	-1.63466E-01	9.52368E-01	PRIM
1.71120E-02	1000010010	2.01074E+01	-4.81719E-03	8.32010E-05	-9.44707E-04	3.17185E-01	-8.32010E-02	9.44707E-01	1000010010	2.01074E+01	-1.02449E-02	1.50694E-03	-1.71106E-02	3.17185E-01	-8.32010E-02	9.44707E-01	PRIM
1.78667E-02	1000010010	7.23046E+00	-4.64017E-03	-3.57809E-04	-9.23106E-04	1.40182E-01	3.57845E-01	9.23199E-01	1000010010	7.23046E+00	-7.14476E-03	-6.75130E-03	-1.74176E-02	1.40182E-01	3.57845E-01	9.23199E-01	PRIM
1.83608E-02	1000010010	5.15322E+00	-4.52817E-03	7.32113E-04	-6.80600E-04	2.81725E-02	-7.32113E-01	6.80600E-01	1000010010	5.15322E+00	-5.04544E-03	1.41743E-02	-1.31770E-02	2.81725E-02	-7.32113E-01	6.80600E-01	PRIM
2.20911E-02	1000010010	3.77106E+01	-3.76163E-03	-6.34592E-04	-2.28275E-04	-7.38366E-01	6.34592E-01	2.28275E-01	1000010010	3.77106E+01	1.25496E-02	-1.46534E-02	-5.27111E-03	-7.38366E-01	6.34592E-01	2.28275E-01	PRIM
1.95313E-02	1000010010	9.27108E+00	-4.27387E-03	-1.70433E-04	9.59072E-04	-2.26128E-01	1.70433E-01	-9.59072E-01	1000010010	9.27108E+00	1.42708E-04	-3.49922E-03	1.96910E-02	-2.26128E-01	1.70433E-01	-9.59072E-01	PRIM
1.67477E-02	1000010010	1.12110E+01	-4.90550E-03	-3.38723E-04	8.49019E-04	4.05504E-01	3.38723E-01	-8.49019E-01	1000010010	1.12110E+01	-1.16967E-02	-6.01154E-03	1.50681E-02	4.05504E-01	3.38723E-01	-8.49019E-01	PRIM
2.08117E-02	1000010010	5.29421E+00	-4.01097E-03	-7.58812E-05	8.68958E-04	-4.89034E-01	7.58812E-02	-8.68958E-01	1000010010	5.29421E+00	6.16665E-03	-1.65510E-03	1.89534E-02	-4.89034E-01	7.58812E-02	-8.68958E-01	PRIM
1.95313E-02	1000010010	5.78261E+00	-4.27387E-03	-1.70433E-04	9.59072E-04	-2.26128E-01	1.70433E-01	-9.59072E-01	1000010010	5.78261E+00	1.42708E-04	-3.49922E-03	1.96910E-02	-2.26128E-01	1.70433E-01	-9.59072E-01	PRIM
2.13636E-02	1000010010	1.95725E+01	-3.90189E-03	6.25082E-04	-5.01539E-04	-5.98106E-01	-6.25082E-01	5.01539E-01	1000010010	1.95725E+01	8.87583E-03	1.39791E-02	-1.12162E-02	-5.98106E-01	-6.25082E-01	5.01539E-01	PRIM
1.83608E-02	1000010010	1.70230E+01	-4.52817E-03	7.32113E-04	-6.80600E-04	2.81725E-02	-7.32113E-01	6.80600E-01	1000010010	1.70230E+01	-5.04544E-03	1.41743E-02	-1.31770E-02	2.81725E-02	-7.32113E-01	6.80600E-01	PRIM
1.78667E-02	1000010010	5.31332E+00	-4.64017E-03	-3.57809E-04	-9.23106E-04	1.40182E-01	3.57845E-01	9.23199E-01	1000010010	5.31332E+00	-7.14476E-03	-6.75130E-03	-1.74176E-02	1.40182E-01	3.57845E-01	9.23199E-01	PRIM
2.25073E-02	1000010010	1.49638E+01	-3.68313E-03	5.68133E-04	9.87059E-05	-8.16955E-01	-5.68189E-01	-9.87157E-02	1000010010	1.49638E+01	1.47043E-02	1.33566E-02	2.32053E-03	-8.16955E-01	-5.68189E-01	-9.87157E-02	PRIM
1.81836E-02	1000010010	7.89748E+00	-4.56799E-03	6.42358E-04	7.63383E-04	6.79911E-02	-6.42358E-01	-7.63383E-01	1000010010	7.89748E+00	-5.80431E-03	1.23228E-02	1.46444E-02	6.79911E-02	-6.42358E-01	-7.63383E-01	PRIM
1.52455E-02	1000010010	5.61468E+00	-5.29225E-03	-2.04380E-04	5.74949E-04	7.92252E-01	2.04380E-01	-5.74949E-01	1000010010	5.61468E+00	-1.73705E-02	-3.32025E-03	9.34032E-03	7.92252E-01	2.04380E-01	-5.74949E-01	PRIM
1.95157E-02	1000010010	1.05823E+01	-4.27716E-03	-1.64054E-05	9.74717E-04	-2.22839E-01	1.64054E-02	-9.74717E-01	1000010010	1.05823E+01	7.17128E-05	-3.36570E-04	1.99970E-02	-2.22839E-01	1.64054E-02	-9.74717E-01	PRIM
2.02724E-02	1000010010	1.20898E+01	-4.12000E-03	-7.17766E-04	-5.83274E-04	-3.80041E-01	7.17838E-01	5.83333E-01	1000010010	1.20898E+01	3.58433E-03	-1.52700E-02	-1.24088E-02	-3.80041E-01	7.17838E-01	5.83333E-01	PRIM
2.16690E-02	1000010010	3.59929E+01	-3.84255E-03	-7.52128E-04	-4.54664E-05	-6.57447E-01	7.52128E-01	4.54664E-02	1000010010	3.59929E+01	1.04037E-02	-1.70500E-02	-1.03068E-03	-6.57447E-01	7.52128E-01	4.54664E-02	PRIM
2.02327E-02	1000010010	6.84043E+00	-4.12805E-03	3.06425E-04	8.76219E-04	-3.71946E-01	-3.06425E-01	-8.76219E-01	1000010010	6.84043E+00	3.39740E-03	6.50623E-03	1.86045E-02	-3.71946E-01	-3.06425E-01	-8.76219E-01	PRIM
1.72119E-02	1000010010	3.18317E+01	-4.79333E-03	-6.78378E-04	-6.73619E-04	2.93328E-01	6.78378E-01	6.73619E-01	1000010010	3.18317E+01	-9.84205E-03	-1.23545E-02	-1.22678E-02	2.93328E-01	6.78378E-01	6.73619E-01	PRIM
1.93354E-02	1000010010	6.05902E+00	-4.31544E-03	7.51082E-04	-6.33888E-04	-1.84559E-01	-7.51082E-01	6.33888E-01	1000010010	6.05902E+00	-7.46927E-04	1.52735E-02	-1.28904E-02	-1.84559E-01	-7.51082E-01	6.33888E-01	PRIM
2.24290E-02	1000010010	3.08145E+01	-3.69773E-03	5.61372E-04	-2.03043E-04	-8.02268E-01	-5.61372E-01	2.03043E-01	1000010010	3.08145E+01	1.42963E-02	1.31524E-02	-4.75709E-03	-8.02268E-01	-5.61372E-01	2.03043E-01	PRIM
1.94924E-02	1000010010	7.33723E+00	-4.28210E-03	-2.66985E-05	9.75606E-04	-2.17899E-01	2.66985E-02	-9.75606E-01	1000010010	7.33723E+00	-3.47428E-05	-5.47116E-04	1.99925E-02	-2.17899E-01	2.66985E-02	-9.75606E-01	PRIM
2.07128E-02	1000010010	4.30450E+01	-4.03077E-03	-1.88950E-04	-8.62625E-04	-4.69229E-01	1.88950E-01	8.62625E-01	1000010010	4.30450E+01	5.68826E-03	-4.10263E-03	-1.87300E-02	-4.69229E-01	1.88950E-01	8.62625E-01	PRIM
1.80322E-02	1000010010	6.45024E+00	-4.60232E-03	-1.24363E-04	-9.86947E-04	1.02322E-01	1.24363E-01	9.86947E-01	1000010010	6.45024E+00	-6.44741E-03	-2.36689E-03	-1.87837E-02	1.02322E-01	1.24363E-01	9.86947E-01	PRIM
1.56224E-02	1000010010	6.29131E+00	-5.19148E-03	9.89131E-05	7.15591E-04	6.91480E-01	-9.89131E-02	-7.15591E-01	1000010010	6.29131E+00	-1.59941E-02	1.64417E-03	1.18948E-02	6.91480E-01	-9.89131E-02	-7.15591E-01	PRIM
1.96800E-02	1000010010	9.76086E+00	-4.24256E-03	1.63466E-04	-9.52368E-04	-2.57437E-01	-1.63466E-01	9.52368E-01	1000010010	9.76086E+00	8.23808E-04	3.38048E-03	-1.96950E-02	-2.57437E-01	-1.63466E-01	9.52368E-01	PRIM
1.46846E-02	1000010010	5.61584E+00	-5.44738E-03	8.35015E-06	3.19697E-04	9.47472E-01	-8.35098E-03	-3.19729E-01	1000010010	5.61584E+00	-1.93606E-02	1.30981E-04	5.01480E-03	9.47472E-01	-8.35098E-03	-3.19729E-01	PRIM
2.12840E-02	1000010010	5.45830E+00	-3.91748E-03	-3.64429E-04	-7.26541E-04	-5.82520E-01	3.64429E-01	7.26541E-01	1000010010	5.45830E+00	8.48091E-03	-8.12096E-03	-1.61903E-02	-5.82520E-01	3.64429E-01	7.26541E-01	PRIM
2.28016E-02	1000010010	5.98823E+00	-3.62823E-03	-4.75634E-04	1.16602E-04	-8.71853E-01	4.75682E-01	-1.16614E-01	1000010010	5.98823E+00	1.62514E-02	-1.13220E-02	2.77559E-03	-8.71853E-01	4.75682E-01	-1.16614E-01	PRIM
2.14337E-02	1000010010	1.03518E+01	-3.88822E-03	4.52458E-04	6.48854E-04	-6.11776E-01	-4.52458E-01	-6.48854E-01	1000010010	1.03518E+01	9.22438E-03	1.01503E-02	1.45562E-02	-6.11776E-01	-4.52458E-01	-6.48854E-01	PRIM
1.96759E-02	1000010010	6.96586E+00	-4.24343E-03	9.59302E-04	-1.17946E-04	-2.56569E-01	-9.59302E-01	1.17946E-01	1000010010	6.96586E+00	8.04805E-04	1.98344E-02	-2.43864E-03	-2.56569E-01	-9.59302E-01	1.17946E-01	PRIM
1.92120E-02	1000010010	7.12899E+00	-4.34181E-03	8.66297E-04	4.73821E-04	-1.58187E-01	-8.66297E-01	-4.73821E-01	1000010010	7.12899E+00	-1.30271E-03	1.75096E-02	9.57687E-03	-1.58187E-01	-8.66297E-01	-4.73821E-01	PRIM
2.13138E-02	1000010010	5.21134E+00	-3.91172E-03	7.30295E-04	-3.46984E-04	-5.88338E-01	-7.30368E-01	3.47018E-01	1000010010	5.21134E+00	8.62801E-03	1.62972E-02	-7.74327E-03	-5.88338E-01	-7.30368E-01	3.47018E-01	PRIM
1.94758E-02	1000010010	7.97642E+00	-4.28566E-03	1.80305E-05	9.76489E-04	-2.14366E-01	-1.80323E-02	-9.76587E-01	1000010010	7.97642E+00	-1.10708E-04	3.69223E-04	1.99963E-02	-2.14366E-01	-1.80323E-02	-9.76587E-01	PRIM
1.80322E-02	1000010010	6.96190E+00	-4.60232E-03	-1.24363E-04	-9.86947E-04	1.02322E-01	1.24363E-01	9.86947E-01	1000010010	6.96190E+00	-6.44741E-03	-2.36689E-03	-1.87837E-02	1.02322E-01	1.24363E-01	9.86947E-01	PRIM
1.76719E-02	1000010010	1.06519E+01	-4.68513E-03	9.56772E-04	-2.24303E-04	1.85134E-01	-9.56772E-01	2.24303E-01	1000010010	1.06519E+01	-7.95680E-03	1.78647E-02	-4.18816E-03	1.85134E-01	-9.56772E-01	2.24303E-01	PRIM
1.91925E-02	1000010010	1.61616E+01	-4.34603E-03	2.34313E-04	9.59787E-04	-1.53983E-01	-2.34337E-01	-9.59883E-01	1000010010	1.61616E+01	-1.39071E-03	4.73183E-03	1.93824E-02	-1.53983E-01	-2.34337E-01	-9.59883E-01	PRIM
2.26989E-02	1000010010	5.79239E+00	-3.64722E-03	4.66902E-04	2.34038E-04	-8.52777E-01	-4.66902E-01	-2.34038E-01	1000010010	5.79239E+00	1.57099E-02	1.10651E-02	5.54644E-03	-8.52777E-01	-4.66902E-01	-2.34038E-01	PRIM
1.88530E-02	1000010010	9.00640E+00	-4.41946E-03	-1.60689E-04	9.83714E-04	-8.05407E-02	1.60689E-01	-9.83714E-01	1000010010	9.00640E+00	-2.90103E-03	-3.19015E-03	1.95296E-02	-8.05407E-02	1.60689E-01	-9.83714E-01	PRIM
1.91841E-02	1000010010	5.18846E+00	-4.34780E-03	5.07031E-06	9.88336E-04	-1.52202E-01	-5.07031E-03	-9.88336E-01	1000010010	5.18846E+00	-1.42793E-03	1.02340E-04	1.99487E-02	-1.52202E-01	-5.07031E-03	-9.88336E-01	PRIM
2.20911E-02	1000010010	8.42993E+00	-3.76163E-03	-6.34592E-04	-2.28275E-04	-7.38366E-01	6.34592E-01	2.28275E-01	1000010010	8.42993E+00	1.25496E-02	-1.46534E-02	-5.27111E-03	-7.38366E-01	6.34592E-01	2.28275E-01	PRIM
1.56224E-02	1000010010	1.15694E+01	-5.19148E-03	9.89131E-05	7.15591E-04	6.91480E-01	-9.89131E-02	-7.15591E-01	1000010010	1.15694E+01	-1.59941E-02	1.64417E-03	1.18948E-02	6.91480E-01	-9.89131E-02	-7.15591E-01	PRIM
2.04742E-02	1000010010	1.97329E+01	-4.07886E-03	-5.29811E-05	-9.05449E-04	-4.21136E-01	5.29811E-02	9.05449E-01	1000010010	1.97329E+01	4.54356E-03	-1.13773E-03	-1.94438E-02	-4.21136E-01	5.29811E-02	9.05449E-01	PRIM
1.76743E-02	1000010010	1.72799E+01	-4.68456E-03	-4.51299E-05	9.81784E-04	1.84563E-01	4.51299E-02	-9.81784E-01	1000010010	1.72799E+01	-7.94659E-03	-8.42770E-04	1.83342E-02	1.84563E-01	4.51299E-02	-9.81784E-01	PRIM
1.76809E-02	1000010010	1.17856E+01	-4.68304E-03	8.86046E-04	4.25930E-04	1.83045E-01	-8.86046E-01	-4.25930E-01	1000010010	1.17856E+01	-7.91944E-03	1.65521E-02	7.95675E-03	1.83045E-01	-8.86046E-01	-4.25930E-01	PRIM
2.05975E-02	1000010010	6.86704E+00	-4.05395E-03	7.04007E-04	5.52641E-04	-4.46051E-01	-7.04007E-01	-5.52641E-01	1000010010	6.86704E+00	5.13359E-03	1.52048E-02	1.19357E-02	-4.46051E-01	-7.04007E-01	-5.52641E-01	PRIM
2.05888E-02	1000010010	8.65308E+00	-4.05571E-03	-1.06333E-04	-8.89551E-04	-4.44289E-01	1.06333E-01	8.89551E-01	1000010010	8.65308E+00	5.09165E-03	-2.29560E-03	-1.92043E-02	-4.44289E-01	1.06333E-01	8.89551E-01	PRIM
2.00056E-02	1000010010	9.40075E+00	-4.17476E-03	-1.94827E-04	9.25344E-04	-3.25241E-01	1.94827E-01	-9.25344E-01	1000010010	9.40075E+00	2.33189E-03	-4.09246E-03	1.94374E-02	-3.25241E-01	1.94827E-01	-9.25344E-01	PRIM
2.28016E-02	1000010010	5.40785E+00	-3.62823E-03	-4.75634E-04	1.16602E-04	-8.71853E-01	4.75682E-01	-1.16614E-01	1000010010	5.40785E+00	1.62514E-02	-1.13220E-02	2.77559E-03	-8.71853E-01	4.75682E-01	-1.16614E-01	PRIM
2.10143E-02	1000010010	1.84315E+01	-3.97065E-03	7.75135E-04	3.44904E-04	-5.29346E-01	-7.75135E-01	-3.44904E-01	1000010010	1.84315E+01	7.15317E-03	1.70640E-02	7.59282E-03	-5.29346E-01	-7.75135E-01	-3.44904E-01	PRIM
1.80430E-02	1000010010	5.89335E+00	-4.59986E-03	2.84938E-04	9.53330E-04	9.98640E-02	-2.84938E-01	-9.53330E-01	1000010010	5.89335E+00	-6.40171E-03	5.42607E-03	1.81542E-02	9.98640E-02	-2.84938E-01	-9.53330E-01	PRIM
1.91579E-02	1000010010	6.97710E+00	-4.35343E-03	-5.12903E-05	-9.87870E-04	-1.46567E-01	5.12903E-02	9.87870E-01	1000010010	6.97710E+00	-1.54552E-03	-1.03390E-03	-1.99134E-02	-1.46567E-01	5.12903E-02	9.87870E-01	PRIM
1.70735E-02	1000010010	5.53644E+00	-4.82644E-03	-8.25556E-04	4.60318E-04	3.26441E-01	8.25556E-01	-4.60318E-01	1000010010	5.53644E+00	-1.03999E-02	-1.49207E-02	8.31955E-03	3.26441E-01	8.25556E-01	-4.60318E-01	PRIM
1.74518E-02	1000010010	4.30562E+01	-4.73655E-03	-8.06586E-04	5.41723E-04	2.36546E-01	8.06586E-01	-5.41723E-01	1000010010	4.30562E+01	-8.86470E-03	-1.48829E-02	9.99575E-03	2.36546E-01	8.06586E-01	-5.41723E-01	PRIM
2.31382E-02	1000010010	8.70144E+00	-3.56613E-03	3.56837E-04	1.86786E-05	-9.33966E-01	-3.56873E-01	-1.86805E-02	1000010010	8.70144E+00	1.80442E-02	8.61423E-03	4.50912E-04	-9.33966E-01	-3.56873E-01	-1.86805E-02	PRIM
1.71120E-02	1000010010	5.26752E+00	-4.81719E-03	8.32010E-05	-9.44707E-04	3.17185E-01	-8.32010E-02	9.44707E-01	1000010010	5.26752E+00	-1.02449E-02	1.50694E-03	-1.71106E-02	3.17185E-01	-8.32010E-02	9.44707E-01	PRIM
1.46197E-02	1000010010	6.14733E+00	-5.46585E-03	-1.44919E-04	-2.14803E-04	9.65846E-01	1.44919E-01	2.14803E-01	1000010010	6.14733E+00	-1.95862E-02	-2.26358E-03	-3.35515E-03	9.65846E-01	1.44919E-01	2.14803E-01	PRIM
1.99692E-02	1000010010	2.47010E+01	-4.18230E-03	3.15988E-04	-8.93991E-04	-3.17696E-01	-3.15988E-01	8.93991E-01	1000010010	2.47010E+01	2.16182E-03	6.62601E-03	-1.87463E-02	-3.17696E-01	-3.15988E-01	8.93991E-01	PRIM
1.87323E-02	1000010010	5.55408E+00	-4.44586E-03	1.25350E-04	9.90634E-04	-5.41376E-02	-1.25350E-01	-9.90634E-01	1000010010	5.55408E+00	-3.43174E-03	2.47345E-03	1.95475E-02	-5.41376E-02	-1.25350E-01	-9.90634E-01	PRIM
1.57110E-02	1000010010	6.49116E+01	-5.16814E-03	-4.05616E-04	6.23585E-04	6.68212E-01	4.05657E-01	-6.23647E-01	1000010010	6.49116E+01	-1.56664E-02	-6.77887E-03	1.04217E-02	6.68212E-01	4.05657E-01	-6.23647E-01	PRIM
1.94027E-02	1000010010	1.13203E+01	-4.30112E-03	-8.22072E-05	9.76570E-04	-1.98881E-01	8.22072E-02	-9.76570E-01	1000010010	1.13203E+01	-4.42289E-04	-1.67725E-03	1.99246E-02	-1.98881E-01	8.22072E-02	-9.76570E-01	PRIM
1.74518E-02	1000010010	5.58682E+00	-4.73655E-03	-8.06586E-04	5.41723E-04	2.36546E-01	8.06586E-01	-5.41723E-01	1000010010	5.58682E+00	-8.86470E-03	-1.48829E-02	9.99575E-03	2.36546E-01	8.06586E-01	-5.41723E-01	PRIM
1.76719E-02	1000010010	8.75431E+00	-4.68513E-03	9.56772E-04	-2.24303E-04	1.85134E-01	-9.56772E-01	2.24303E-01	1000010010	8.75431E+00	-7.95680E-03	1.78647E-02	-4.18816E-03	1.85134E-01	-9.56772E-01	2.24303E-01	PRIM
1.74518E-02	1000010010	4.51024E+01	-4.73655E-03	-8.06586E-04	5.41723E-04	2.36546E-01	8.06586E-01	-5.41723E-01	1000010010	4.51024E+01	-8.86470E-03	-1.48829E-02	9.99575E-03	2.36546E-01	8.06586E-01	-5.41723E-01	PRIM
2.14337E-02	1000010010	5.15518E+00	-3.88822E-03	4.52458E-04	6.48854E-04	-6.11776E-01	-4.52458E-01	-6.48854E-01	1000010010	5.15518E+00	9.22438E-03	1.01503E-02	1.45562E-02	-6.11776E-01	-4.52458E-01	-6.48854E-01	PRIM
1.89898E-02	1000010010	5.38643E+00	-4.38972E-03	-7.15961E-04	6.89375E-04	-1.10281E-01	7.15961E-01	-6.89375E-01	1000010010	5.38643E+00	-2.29551E-03	-1.43119E-02	1.37804E-02	-1.10281E-01	7.15961E-01	-6.89375E-01	PRIM
1.54038E-02	1000010010	1.19538E+01	-5.24954E-03	-3.97208E-06	6.61791E-04	7.49619E-01	3.97247E-03	-6.61858E-01	1000010010	1.19538E+01	-1.67965E-02	-6.51633E-05	1.08569E-02	7.49619E-01	3.97247E-03	-6.61858E-01	PRIM
2.20582E-02	1000010010	9.98950E+00	-3.76789E-03	-3.61191E-04	-5.77537E-04	-7.32115E-01	3.61191E-01	5.77537E-01	1000010010	9.98950E+00	1.23813E-02	-8.32843E-03	-1.33170E-02	-7.32115E-01	3.61191E-01	5.77537E-01	PRIM
1.64514E-02	1000010010	5.31348E+00	-4.97877E-03	-3.51272E-04	8.04601E-04	4.78775E-01	3.51272E-01	-8.04601E-01	1000010010	5.31348E+00	-1.28553E-02	-6.13020E-03	1.40414E-02	4.78775E-01	3.51272E-01	-8.04601E-01	PRIM
2.24290E-02	1000010010	5.08403E+00	-3.69773E-03	5.61372E-04	-2.03043E-04	-8.02268E-01	-5.61372E-01	2.03043E-01	1000010010	5.08403E+00	1.42963E-02	1.31524E-02	-4.75709E-03	-8.02268E-01	-5.61372E-01	2.03043E-01	PRIM
1.88505E-02	1000010010	9.13133E+00	-4.42001E-03	-1.55101E-04	-9.84655E-04	-7.99907E-02	1.55101E-01	9.84655E-01	1000010010	9.13133E+00	-2.91215E-03	-3.07882E-03	-1.95458E-02	-7.99907E-02	1.55101E-01	9.84655E-01	PRIM
2.25073E-02	1000010010	1.00802E+01	-3.68313E-03	5.68133E-04	9.87059E-05	-8.16955E-01	-5.68189E-01	-9.87157E-02	1000010010	1.00802E+01	1.47043E-02	1.33566E-02	2.32053E-03	-8.16955E-01	-5.68189E-01	-9.87157E-02	PRIM
1.70459E-02	1000010010	1.14672E+01	-4.83306E-03	-8.22274E-04	-4.61448E-04	3.33062E-01	8.22274E-01	4.61448E-01	1000010010	1.14672E+01	-1.05104E-02	-1.48387E-02	-8.32727E-03	3.33062E-01	8.22274E-01	4.61448E-01	PRIM
1.70459E-02	1000010010	6.96667E+00	-4.83306E-03	-8.22274E-04	-4.61448E-04	3.33062E-01	8.22274E-01	4.61448E-01	1000010010	6.96667E+00	-1.05104E-02	-1.48387E-02	-8.32727E-03	3.33062E-01	8.22274E-01	4.61448E-01	PRIM
1.61716E-02	1000010010	5.22449E+00	-5.04927E-03	8.04710E-04	-2.25258E-04	5.49272E-01	-8.04710E-01	2.25258E-01	1000010010	5.22449E+00	-1.39319E-02	1.38181E-02	-3.86804E-03	5.49272E-01	-8.04710E-01	2.25258E-01	PRIM
1.67477E-02	1000010010	7.76547E+00	-4.90550E-03	-3.38723E-04	8.49019E-04	4.05504E-01	3.38723E-01	-8.49019E-01	1000010010	7.76547E+00	-1.16967E-02	-6.01154E-03	1.50681E-02	4.05504E-01	3.38723E-01	-8.49019E-01	PRIM
1.96447E-02	1000010010	1.41806E+01	-4.24999E-03	-6.77765E-04	6.91468E-04	-2.50013E-01	6.77765E-01	-6.91468E-01	1000010010	1.41806E+01	6.61435E-04	-1.39922E-02	1.42751E-02	-2.50013E-01	6.77765E-01	-6.91468E-01	PRIM
1.93841E-02	1000010010	1.01418E+01	-4.30506E-03	-6.01962E-05	9.78967E-04	-1.94938E-01	6.01962E-02	-9.78967E-01	1000010010	1.01418E+01	-5.26367E-04	-1.22705E-03	1.99554E-02	-1.94938E-01	6.01962E-02	-9.78967E-01	PRIM
1.81836E-02	1000010010	8.05024E+00	-4.56799E-03	6.42358E-04	7.63383E-04	6.79911E-02	-6.42358E-01	-7.63383E-01	1000010010	8.05024E+00	-5.80431E-03	1.23228E-02	1.46444E-02	6.79911E-02	-6.42358E-01	-7.63383E-01	PRIM
1.80322E-02	1000010010	8.11047E+00	-4.60232E-03	-1.24363E-04	-9.86947E-04	1.02322E-01	1.24363E-01	9.86947E-01	1000010010	8.11047E+00	-6.44741E-03	-2.36689E-03	-1.87837E-02	1.02322E-01	1.24363E-01	9.86947E-01	PRIM
2.20582E-02	1000010010	5.68966E+00	-3.76789E-03	-3.61191E-04	-5.77537E-04	-7.32115E-01	3.61191E-01	5.77537E-01	1000010010	5.68966E+00	1.23813E-02	-8.32843E-03	-1.33170E-02	-7.32115E-01	3.61191E-01	5.77537E-01	PRIM
