#	D	ID	E	X	Y	Z	Px	Py	Pz	ID0	E0	X0	Y0	Z0	P0x	P0y	P0z	tag
#
# D             Trajectory length [1 Mpc]
# ID/ID0/ID1    Particle type (PDG MC numbering scheme)
# E/E0/E1       Energy [1 EeV]
# X/X0/X1...    Position [1 Mpc]
# Px/P0x/P1x... Heading (unit vector of momentum)
# tag           Candidate tag can be given by the source feature (user defined tag) or by the following interaction process 
#	ES  	ElasticScattering 
#	EPP 	ElectronPairProduction 
#	EMPP	EMPairProduction
#	EMDP	EMDoublePairProduction
#	EMTP	EMTripletPairProduction 
#	EMIC	EMInverseComptonScattering
#	ND  	NuclearDecay
#	PD  	PhotoDisintegration
#	PPP  	PhotoPionProduction
#	SYN 	SynchrotronRadiation
#	PRIM/SEC	 primary / secondary particle
# no index = current, 0 = at source, 1 = at point of creation
#
# CRPropa version: 3.2-85-g7a40f1f1
#
1.94176E-02	1000010010	5.85853E+00	-1.18784E-03	5.27124E-04	-7.90252E-04	-3.12188E-01	-5.27177E-01	7.90331E-01	1000010010	5.85853E+00	4.87409E-03	1.07636E-02	-1.61365E-02	-3.12188E-01	-5.27177E-01	7.90331E-01	PRIM
1.81287E-02	1000010010	6.19412E+00	-2.05485E-03	-8.16864E-04	1.57706E-04	5.54854E-01	8.16864E-01	-1.57706E-01	1000010010	6.19412E+00	-1.21137E-02	-1.56256E-02	3.01672E-03	5.54854E-01	8.16864E-01	-1.57706E-01	PRIM
2.01777E-02	1000010010	2.77605E+01	-7.01292E-04	3.63435E-04	4.79562E-04	-7.98708E-01	-3.63435E-01	-4.79562E-01	1000010010	2.77605E+01	1.54148E-02	7.69670E-03	1.01560E-02	-7.98708E-01	-3.63435E-01	-4.79562E-01	PRIM
1.90910E-02	1000010010	1.60408E+01	-1.40216E-03	8.28693E-04	5.51086E-04	-9.78428E-02	-8.28693E-01	-5.51086E-01	1000010010	1.60408E+01	4.65756E-04	1.66492E-02	1.10718E-02	-9.78428E-02	-8.28693E-01	-5.51086E-01	PRIM
1.82748E-02	1000010010	5.09505E+00	-1.95365E-03	7.81744E-05	-8.87631E-04	4.53696E-01	-7.81822E-02	8.87720E-01	1000010010	5.09505E+00	-1.02449E-02	1.50694E-03	-1.71106E-02	4.53696E-01	-7.81822E-02	8.87720E-01	PRIM
1.81614E-02	1000010010	5.18604E+00	-2.03215E-03	-3.13732E-04	7.86377E-04	5.32150E-01	3.13732E-01	-7.86377E-01	1000010010	5.18604E+00	-1.16967E-02	-6.01154E-03	1.50681E-02	5.32150E-01	3.13732E-01	-7.86377E-01	PRIM
2.00124E-02	1000010010	5.18203E+00	-8.05606E-04	-6.96144E-04	1.82210E-04	-6.94394E-01	6.96144E-01	-1.82210E-01	1000010010	5.18203E+00	1.30909E-02	-1.46277E-02	3.82868E-03	-6.94394E-01	6.96144E-01	-1.82210E-01	PRIM
1.93352E-02	1000010010	9.70631E+00	-1.24152E-03	-9.58013E-04	1.24098E-04	-2.58479E-01	9.58013E-01	-1.24098E-01	1000010010	9.70631E+00	3.75622E-03	-1.94813E-02	2.52354E-03	-2.58479E-01	9.58013E-01	-1.24098E-01	PRIM
2.01777E-02	1000010010	5.96181E+00	-7.01292E-04	3.63435E-04	4.79562E-04	-7.98708E-01	-3.63435E-01	-4.79562E-01	1000010010	5.96181E+00	1.54148E-02	7.69670E-03	1.01560E-02	-7.98708E-01	-3.63435E-01	-4.79562E-01	PRIM
1.92172E-02	1000010010	5.86792E+00	-1.31888E-03	3.27741E-04	-9.27243E-04	-1.81124E-01	-3.27741E-01	9.27243E-01	1000010010	5.86792E+00	2.16182E-03	6.62601E-03	-1.87463E-02	-1.81124E-01	-3.27741E-01	9.27243E-01	PRIM
1.91332E-02	1000010010	6.79159E+00	-1.37425E-03	2.20389E-05	-9.91817E-04	-1.25753E-01	-2.20389E-02	9.91817E-01	1000010010	6.79159E+00	1.03180E-03	4.43713E-04	-1.99684E-02	-1.25753E-01	-2.20389E-02	9.91817E-01	PRIM
1.80906E-02	1000010010	7.59537E+00	-2.08141E-03	4.00152E-04	-7.08410E-04	5.81406E-01	-4.00152E-01	7.08410E-01	1000010010	7.59537E+00	-1.25994E-02	7.63915E-03	-1.35240E-02	5.81406E-01	-4.00152E-01	7.08410E-01	PRIM
1.89403E-02	1000010010	3.39300E+01	-1.50228E-03	-5.18450E-05	-9.98552E-04	2.28289E-03	5.18502E-02	9.98652E-01	1000010010	3.39300E+01	-1.54552E-03	-1.03390E-03	-1.99134E-02	2.28289E-03	5.18502E-02	9.98652E-01	PRIM
1.90536E-02	1000010010	1.46347E+01	-1.42693E-03	-2.72827E-05	9.96954E-04	-7.30671E-02	2.72827E-02	-9.96954E-01	1000010010	1.46347E+01	-3.47428E-05	-5.47116E-04	1.99925E-02	-7.30671E-02	2.72827E-02	-9.96954E-01	PRIM
1.76165E-02	1000010010	1.82639E+01	-2.41629E-03	1.33210E-04	-3.77707E-04	9.16293E-01	-1.33210E-01	3.77707E-01	1000010010	1.82639E+01	-1.85582E-02	2.47991E-03	-7.03160E-03	9.16293E-01	-1.33210E-01	3.77707E-01	PRIM
1.92326E-02	1000010010	7.40470E+00	-1.30874E-03	-1.06971E-04	-9.75694E-04	-1.91256E-01	1.06971E-01	9.75694E-01	1000010010	7.40470E+00	2.36961E-03	-2.16430E-03	-1.97408E-02	-1.91256E-01	1.06971E-01	9.75694E-01	PRIM
1.89328E-02	1000010010	1.25875E+01	-1.50722E-03	9.98269E-04	-5.83739E-05	7.21759E-03	-9.98269E-01	5.83739E-02	1000010010	1.25875E+01	-1.64387E-03	1.98983E-02	-1.16356E-03	7.21759E-03	-9.98269E-01	5.83739E-02	PRIM
1.89854E-02	1000010010	7.88622E+00	-1.47222E-03	4.61946E-04	-8.86473E-04	-2.77758E-02	-4.61946E-01	8.86473E-01	1000010010	7.88622E+00	-9.44891E-04	9.23216E-03	-1.77165E-02	-2.77758E-02	-4.61946E-01	8.86473E-01	PRIM
1.75902E-02	1000010010	7.80731E+00	-2.43517E-03	-2.96751E-04	1.93378E-04	9.35170E-01	2.96751E-01	-1.93378E-01	1000010010	7.80731E+00	-1.88850E-02	-5.51666E-03	3.59493E-03	9.35170E-01	2.96751E-01	-1.93378E-01	PRIM
1.89491E-02	1000010010	6.42687E+00	-1.49639E-03	5.13004E-06	9.99980E-04	-3.61260E-03	-5.13004E-03	-9.99980E-01	1000010010	6.42687E+00	-1.42793E-03	1.02340E-04	1.99487E-02	-3.61260E-03	-5.13004E-03	-9.99980E-01	PRIM
1.87102E-02	1000010010	5.14524E+00	-1.65655E-03	8.07534E-05	9.84363E-04	1.56551E-01	-8.07534E-02	-9.84363E-01	1000010010	5.14524E+00	-4.58565E-03	1.59167E-03	1.94020E-02	1.56551E-01	-8.07534E-02	-9.84363E-01	PRIM
1.88766E-02	1000010010	5.73520E+00	-1.54486E-03	8.66324E-04	4.97262E-04	4.48692E-02	-8.66411E-01	-4.97312E-01	1000010010	5.73520E+00	-2.39184E-03	1.72212E-02	9.88481E-03	4.48692E-02	-8.66411E-01	-4.97312E-01	PRIM
1.90002E-02	1000010010	5.44059E+00	-1.46235E-03	7.63668E-04	-6.44511E-04	-3.76532E-02	-7.63668E-01	6.44511E-01	1000010010	5.44059E+00	-7.46927E-04	1.52735E-02	-1.28904E-02	-3.76532E-02	-7.63668E-01	6.44511E-01	PRIM
1.93542E-02	1000010010	6.72692E+00	-1.22910E-03	-5.52473E-04	-7.88282E-04	-2.70898E-01	5.52473E-01	7.88282E-01	1000010010	6.72692E+00	4.01390E-03	-1.12451E-02	-1.60448E-02	-2.70898E-01	5.52473E-01	7.88282E-01	PRIM
1.97095E-02	1000010010	9.51349E+00	-9.99029E-04	6.74947E-04	-5.41548E-04	-5.01021E-01	-6.75015E-01	5.41602E-01	1000010010	9.51349E+00	8.87583E-03	1.39791E-02	-1.12162E-02	-5.01021E-01	-6.75015E-01	5.41602E-01	PRIM
1.77579E-02	1000010010	6.08344E+00	-2.31547E-03	-3.47390E-06	5.78790E-04	8.15469E-01	3.47390E-03	-5.78790E-01	1000010010	6.08344E+00	-1.67965E-02	-6.51633E-05	1.08569E-02	8.15469E-01	3.47390E-03	-5.78790E-01	PRIM
1.83818E-02	1000010010	9.85701E+00	-1.87998E-03	-7.67881E-04	5.15728E-04	3.79979E-01	7.67881E-01	-5.15728E-01	1000010010	9.85701E+00	-8.86470E-03	-1.48829E-02	9.99575E-03	3.79979E-01	7.67881E-01	-5.15728E-01	PRIM
1.87983E-02	1000010010	1.03432E+01	-1.59727E-03	2.78713E-04	9.55436E-04	9.72653E-02	-2.78713E-01	-9.55436E-01	1000010010	1.03432E+01	-3.42569E-03	5.51804E-03	1.89160E-02	9.72653E-02	-2.78713E-01	-9.55436E-01	PRIM
1.84670E-02	1000010010	5.23748E+00	-1.82165E-03	6.91315E-05	9.44331E-04	3.21651E-01	-6.91315E-02	-9.44331E-01	1000010010	5.23748E+00	-7.76158E-03	1.34578E-03	1.83833E-02	3.21651E-01	-6.91315E-02	-9.44331E-01	PRIM
1.91345E-02	1000010010	1.53973E+01	-1.37338E-03	6.25528E-05	9.89978E-04	-1.26616E-01	-6.25528E-02	-9.89978E-01	1000010010	1.53973E+01	1.04935E-03	1.25947E-03	1.99327E-02	-1.26616E-01	-6.25528E-02	-9.89978E-01	PRIM
1.82748E-02	1000010010	5.16755E+00	-1.95365E-03	7.81744E-05	-8.87631E-04	4.53696E-01	-7.81822E-02	8.87720E-01	1000010010	5.16755E+00	-1.02449E-02	1.50694E-03	-1.71106E-02	4.53696E-01	-7.81822E-02	8.87720E-01	PRIM
1.91458E-02	1000010010	7.71482E+00	-1.36590E-03	1.86221E-05	9.90792E-04	-1.34104E-01	-1.86221E-02	-9.90792E-01	1000010010	7.71482E+00	1.20164E-03	3.75158E-04	1.99603E-02	-1.34104E-01	-1.86221E-02	-9.90792E-01	PRIM
1.76268E-02	1000010010	5.30619E+00	-2.40890E-03	4.04785E-04	9.92126E-05	9.08995E-01	-4.04825E-01	-9.92225E-02	1000010010	5.30619E+00	-1.84316E-02	7.54057E-03	1.84819E-03	9.08995E-01	-4.04825E-01	-9.92225E-02	PRIM
1.91260E-02	1000010010	2.39883E+01	-1.37906E-03	1.39205E-05	9.92462E-04	-1.20948E-01	-1.39218E-02	-9.92561E-01	1000010010	2.39883E+01	9.34191E-04	2.80190E-04	1.99762E-02	-1.20948E-01	-1.39218E-02	-9.92561E-01	PRIM
1.88837E-02	1000010010	1.80240E+01	-1.54001E-03	-7.19779E-04	6.93050E-04	4.00080E-02	7.19779E-01	-6.93050E-01	1000010010	1.80240E+01	-2.29551E-03	-1.43119E-02	1.37804E-02	4.00080E-02	7.19779E-01	-6.93050E-01	PRIM
1.84329E-02	1000010010	6.71897E+00	-1.84497E-03	-9.28049E-04	-1.40436E-04	3.44967E-01	9.28049E-01	1.40436E-01	1000010010	6.71897E+00	-8.20372E-03	-1.80347E-02	-2.72908E-03	3.44967E-01	9.28049E-01	1.40436E-01	PRIM
1.93633E-02	1000010010	7.06555E+00	-1.22314E-03	-8.45709E-04	-4.56208E-04	-2.76858E-01	8.45709E-01	4.56208E-01	1000010010	7.06555E+00	4.13773E-03	-1.72214E-02	-9.28990E-03	-2.76858E-01	8.45709E-01	4.56208E-01	PRIM
1.96682E-02	1000010010	1.34243E+01	-1.02557E-03	4.66931E-04	-7.46121E-04	-4.74473E-01	-4.66978E-01	7.46195E-01	1000010010	1.34243E+01	8.30643E-03	9.65153E-03	-1.54224E-02	-4.74473E-01	-4.66978E-01	7.46195E-01	PRIM
1.89854E-02	1000010010	6.94652E+00	-1.47222E-03	4.61946E-04	-8.86473E-04	-2.77758E-02	-4.61946E-01	8.86473E-01	1000010010	6.94652E+00	-9.44891E-04	9.23216E-03	-1.77165E-02	-2.77758E-02	-4.61946E-01	8.86473E-01	PRIM
1.77579E-02	1000010010	5.12091E+00	-2.31547E-03	-3.47390E-06	5.78790E-04	8.15469E-01	3.47390E-03	-5.78790E-01	1000010010	5.12091E+00	-1.67965E-02	-6.51633E-05	1.08569E-02	8.15469E-01	3.47390E-03	-5.78790E-01	PRIM
2.02370E-02	1000010010	7.41260E+00	-6.64205E-04	-5.33074E-04	1.30684E-04	-8.35879E-01	5.33128E-01	-1.30697E-01	1000010010	7.41260E+00	1.62514E-02	-1.13220E-02	2.77559E-03	-8.35879E-01	5.33128E-01	-1.30697E-01	PRIM
1.95904E-02	1000010010	6.76187E+00	-1.07563E-03	-8.07933E-04	4.08844E-04	-4.24372E-01	8.07933E-01	-4.08844E-01	1000010010	6.76187E+00	7.23798E-03	-1.66356E-02	8.41826E-03	-4.24372E-01	8.07933E-01	-4.08844E-01	PRIM
1.87983E-02	1000010010	1.55846E+01	-1.59727E-03	2.78713E-04	9.55436E-04	9.72653E-02	-2.78713E-01	-9.55436E-01	1000010010	1.55846E+01	-3.42569E-03	5.51804E-03	1.89160E-02	9.72653E-02	-2.78713E-01	-9.55436E-01	PRIM
1.89336E-02	1000010010	9.56609E+00	-1.50671E-03	-1.46779E-04	9.89147E-04	6.70819E-03	1.46779E-01	-9.89147E-01	1000010010	9.56609E+00	-1.63372E-03	-2.92584E-03	1.97173E-02	6.70819E-03	1.46779E-01	-9.89147E-01	PRIM
2.01273E-02	1000010010	1.08368E+01	-7.33014E-04	6.32194E-04	1.09836E-04	-7.66986E-01	-6.32194E-01	-1.09836E-01	1000010010	1.08368E+01	1.47043E-02	1.33566E-02	2.32053E-03	-7.66986E-01	-6.32194E-01	-1.09836E-01	PRIM
1.86766E-02	1000010010	8.06396E+00	-1.67925E-03	6.80885E-05	9.81444E-04	1.79253E-01	-6.80885E-02	-9.81444E-01	1000010010	8.06396E+00	-5.02709E-03	1.33975E-03	1.93115E-02	1.79253E-01	-6.80885E-02	-9.81444E-01	PRIM
1.96952E-02	1000010010	6.69271E+00	-1.00805E-03	-6.72153E-04	-5.53350E-04	-4.91949E-01	6.72153E-01	5.53350E-01	1000010010	6.69271E+00	8.68099E-03	-1.39104E-02	-1.14517E-02	-4.91949E-01	6.72153E-01	5.53350E-01	PRIM
1.95661E-02	1000010010	1.00693E+01	-1.09142E-03	-3.46048E-04	-8.44459E-04	-4.08623E-01	3.46083E-01	8.44544E-01	1000010010	1.00693E+01	6.90375E-03	-7.11755E-03	-1.73689E-02	-4.08623E-01	3.46083E-01	8.44544E-01	PRIM
1.93542E-02	1000010010	9.92488E+01	-1.22910E-03	-5.52473E-04	-7.88282E-04	-2.70898E-01	5.52473E-01	7.88282E-01	1000010010	9.92488E+01	4.01390E-03	-1.12451E-02	-1.60448E-02	-2.70898E-01	5.52473E-01	7.88282E-01	PRIM
1.91529E-02	1000010010	5.46590E+00	-1.36135E-03	-8.62144E-05	9.86480E-04	-1.38665E-01	8.62230E-02	-9.86579E-01	1000010010	5.46590E+00	1.29449E-03	-1.73763E-03	1.98823E-02	-1.38665E-01	8.62230E-02	-9.86579E-01	PRIM
1.98639E-02	1000010010	6.35581E+00	-9.00050E-04	1.42018E-04	7.87331E-04	-5.99950E-01	-1.42018E-01	-7.87331E-01	1000010010	6.35581E+00	1.10173E-02	2.96304E-03	1.64268E-02	-5.99950E-01	-1.42018E-01	-7.87331E-01	PRIM
1.99900E-02	1000010010	9.55603E+00	-8.19816E-04	3.58761E-04	6.39250E-04	-6.80184E-01	-3.58761E-01	-6.39250E-01	1000010010	9.55603E+00	1.27771E-02	7.53040E-03	1.34179E-02	-6.80184E-01	-3.58761E-01	-6.39250E-01	PRIM
1.82748E-02	1000010010	6.00832E+00	-1.95365E-03	7.81744E-05	-8.87631E-04	4.53696E-01	-7.81822E-02	8.87720E-01	1000010010	6.00832E+00	-1.02449E-02	1.50694E-03	-1.71106E-02	4.53696E-01	-7.81822E-02	8.87720E-01	PRIM
1.92535E-02	1000010010	8.08761E+00	-1.29505E-03	3.18708E-04	9.25429E-04	-2.04953E-01	-3.18708E-01	-9.25429E-01	1000010010	8.08761E+00	2.65100E-03	6.45494E-03	1.87432E-02	-2.04953E-01	-3.18708E-01	-9.25429E-01	PRIM
1.84529E-02	1000010010	1.54740E+01	-1.83129E-03	6.13974E-04	-7.16439E-04	3.31288E-01	-6.13974E-01	7.16439E-01	1000010010	1.54740E+01	-7.94452E-03	1.19436E-02	-1.39368E-02	3.31288E-01	-6.13974E-01	7.16439E-01	PRIM
1.75335E-02	1000010010	5.59501E+00	-2.47586E-03	-1.22134E-04	-1.81031E-04	9.75864E-01	1.22134E-01	1.81031E-01	1000010010	5.59501E+00	-1.95862E-02	-2.26358E-03	-3.35515E-03	9.75864E-01	1.22134E-01	1.81031E-01	PRIM
1.83818E-02	1000010010	8.25265E+00	-1.87998E-03	-7.67881E-04	5.15728E-04	3.79979E-01	7.67881E-01	-5.15728E-01	1000010010	8.25265E+00	-8.86470E-03	-1.48829E-02	9.99575E-03	3.79979E-01	7.67881E-01	-5.15728E-01	PRIM
1.77977E-02	1000010010	1.81952E+01	-2.28726E-03	-2.77928E-04	5.50258E-04	7.87335E-01	2.77956E-01	-5.50313E-01	1000010010	1.81952E+01	-1.63000E-02	-5.22490E-03	1.03446E-02	7.87335E-01	2.77956E-01	-5.50313E-01	PRIM
1.94092E-02	1000010010	6.54042E+00	-1.19319E-03	-1.60950E-04	9.38064E-04	-3.06809E-01	1.60950E-01	-9.38064E-01	1000010010	6.54042E+00	4.76172E-03	-3.28486E-03	1.91451E-02	-3.06809E-01	1.60950E-01	-9.38064E-01	PRIM
1.81287E-02	1000010010	7.21164E+00	-2.05485E-03	-8.16864E-04	1.57706E-04	5.54854E-01	8.16864E-01	-1.57706E-01	1000010010	7.21164E+00	-1.21137E-02	-1.56256E-02	3.01672E-03	5.54854E-01	8.16864E-01	-1.57706E-01	PRIM
1.89328E-02	1000010010	7.08674E+00	-1.50722E-03	9.98269E-04	-5.83739E-05	7.21759E-03	-9.98269E-01	5.83739E-02	1000010010	7.08674E+00	-1.64387E-03	1.98983E-02	-1.16356E-03	7.21759E-03	-9.98269E-01	5.83739E-02	PRIM
1.86766E-02	1000010010	1.28608E+01	-1.67925E-03	6.80885E-05	9.81444E-04	1.79253E-01	-6.80885E-02	-9.81444E-01	1000010010	1.28608E+01	-5.02709E-03	1.33975E-03	1.93115E-02	1.79253E-01	-6.80885E-02	-9.81444E-01	PRIM
1.97095E-02	1000010010	8.27571E+00	-9.99029E-04	6.74947E-04	-5.41548E-04	-5.01021E-01	-6.75015E-01	5.41602E-01	1000010010	8.27571E+00	8.87583E-03	1.39791E-02	-1.12162E-02	-5.01021E-01	-6.75015E-01	5.41602E-01	PRIM
1.92299E-02	1000010010	1.13524E+01	-1.31060E-03	-2.02278E-04	9.60735E-04	-1.89418E-01	2.02298E-01	-9.60831E-01	1000010010	1.13524E+01	2.33189E-03	-4.09246E-03	1.94374E-02	-1.89418E-01	2.02298E-01	-9.60831E-01	PRIM
1.79856E-02	1000010010	1.03179E+01	-2.15480E-03	7.27821E-04	-2.03735E-04	6.54804E-01	-7.27821E-01	2.03735E-01	1000010010	1.03179E+01	-1.39319E-02	1.38181E-02	-3.86804E-03	6.54804E-01	-7.27821E-01	2.03735E-01	PRIM
2.02948E-02	1000010010	9.50142E+00	-6.27973E-04	-4.72487E-04	1.26983E-04	-8.72114E-01	4.72534E-01	-1.26996E-01	1000010010	9.50142E+00	1.70714E-02	-1.00625E-02	2.70434E-03	-8.72114E-01	4.72534E-01	-1.26996E-01	PRIM
1.89309E-02	1000010010	5.54131E+00	-1.50851E-03	-1.94427E-04	9.80880E-04	8.51341E-03	1.94427E-01	-9.80880E-01	1000010010	5.54131E+00	-1.66968E-03	-3.87510E-03	1.95498E-02	8.51341E-03	1.94427E-01	-9.80880E-01	PRIM
1.91260E-02	1000010010	5.54580E+00	-1.37906E-03	1.39205E-05	9.92462E-04	-1.20948E-01	-1.39218E-02	-9.92561E-01	1000010010	5.54580E+00	9.34191E-04	2.80190E-04	1.99762E-02	-1.20948E-01	-1.39218E-02	-9.92561E-01	PRIM
1.75790E-02	1000010010	1.41893E+01	-2.44320E-03	-3.26655E-04	6.05933E-05	9.43199E-01	3.26655E-01	-6.05933E-02	1000010010	1.41893E+01	-1.90237E-02	-6.06893E-03	1.12576E-03	9.43199E-01	3.26655E-01	-6.05933E-02	PRIM
1.88843E-02	1000010010	6.33725E+01	-1.53966E-03	-2.16686E-05	9.98978E-04	3.96590E-02	2.16686E-02	-9.98978E-01	1000010010	6.33725E+01	-2.28859E-03	-4.30865E-04	1.98640E-02	3.96590E-02	2.16686E-02	-9.98978E-01	PRIM
1.89336E-02	1000010010	1.06065E+01	-1.50671E-03	-1.46779E-04	9.89147E-04	6.70819E-03	1.46779E-01	-9.89147E-01	1000010010	1.06065E+01	-1.63372E-03	-2.92584E-03	1.97173E-02	6.70819E-03	1.46779E-01	-9.89147E-01	PRIM
1.98639E-02	1000010010	8.61892E+00	-9.00050E-04	1.42018E-04	7.87331E-04	-5.99950E-01	-1.42018E-01	-7.87331E-01	1000010010	8.61892E+00	1.10173E-02	2.96304E-03	1.64268E-02	-5.99950E-01	-1.42018E-01	-7.87331E-01	PRIM
1.85680E-02	1000010010	8.86756E+00	-1.75283E-03	-1.20957E-04	-9.59920E-04	2.52831E-01	1.20957E-01	9.59920E-01	1000010010	8.86756E+00	-6.44741E-03	-2.36689E-03	-1.87837E-02	2.52831E-01	1.20957E-01	9.59920E-01	PRIM
1.92717E-02	1000010010	1.65036E+01	-1.28306E-03	6.27195E-04	-7.48040E-04	-2.16939E-01	-6.27195E-01	7.48040E-01	1000010010	1.65036E+01	2.89773E-03	1.27143E-02	-1.51641E-02	-2.16939E-01	-6.27195E-01	7.48040E-01	PRIM
1.96822E-02	1000010010	1.12230E+01	-1.01643E-03	2.81324E-04	-8.28867E-04	-4.83567E-01	-2.81324E-01	8.28867E-01	1000010010	1.12230E+01	8.50123E-03	5.81840E-03	-1.71428E-02	-4.83567E-01	-2.81324E-01	8.28867E-01	PRIM
1.76165E-02	1000010010	6.47611E+00	-2.41629E-03	1.33210E-04	-3.77707E-04	9.16293E-01	-1.33210E-01	3.77707E-01	1000010010	6.47611E+00	-1.85582E-02	2.47991E-03	-7.03160E-03	9.16293E-01	-1.33210E-01	3.77707E-01	PRIM
1.87102E-02	1000010010	1.37387E+01	-1.65655E-03	8.07534E-05	9.84363E-04	1.56551E-01	-8.07534E-02	-9.84363E-01	1000010010	1.37387E+01	-4.58565E-03	1.59167E-03	1.94020E-02	1.56551E-01	-8.07534E-02	-9.84363E-01	PRIM
1.90002E-02	1000010010	1.33562E+01	-1.46235E-03	7.63668E-04	-6.44511E-04	-3.76532E-02	-7.63668E-01	6.44511E-01	1000010010	1.33562E+01	-7.46927E-04	1.52735E-02	-1.28904E-02	-3.76532E-02	-7.63668E-01	6.44511E-01	PRIM
1.86766E-02	1000010010	7.15758E+00	-1.67925E-03	6.80885E-05	9.81444E-04	1.79253E-01	-6.80885E-02	-9.81444E-01	1000010010	7.15758E+00	-5.02709E-03	1.33975E-03	1.93115E-02	1.79253E-01	-6.80885E-02	-9.81444E-01	PRIM
1.94092E-02	1000010010	1.50575E+01	-1.19319E-03	-1.60950E-04	9.38064E-04	-3.06809E-01	1.60950E-01	-9.38064E-01	1000010010	1.50575E+01	4.76172E-03	-3.28486E-03	1.91451E-02	-3.06809E-01	1.60950E-01	-9.38064E-01	PRIM
1.91874E-02	1000010010	6.17707E+00	-1.33849E-03	-6.08068E-05	9.84997E-04	-1.61506E-01	6.08068E-02	-9.84997E-01	1000010010	6.17707E+00	1.76038E-03	-1.22753E-03	1.98845E-02	-1.61506E-01	6.08068E-02	-9.84997E-01	PRIM
1.90310E-02	1000010010	2.67905E+01	-1.44199E-03	4.72931E-04	8.79073E-04	-5.80207E-02	-4.72979E-01	-8.79161E-01	1000010010	2.67905E+01	-3.37793E-04	9.47418E-03	1.76104E-02	-5.80207E-02	-4.72979E-01	-8.79161E-01	PRIM
1.89722E-02	1000010010	5.63206E+00	-1.48097E-03	2.34662E-04	-9.71891E-04	-1.90308E-02	-2.34662E-01	9.71891E-01	1000010010	5.63206E+00	-1.11991E-03	4.68673E-03	-1.94108E-02	-1.90308E-02	-2.34662E-01	9.71891E-01	PRIM
1.96807E-02	1000010010	8.61857E+00	-1.01738E-03	-3.92682E-04	-7.82866E-04	-4.82619E-01	3.92682E-01	7.82866E-01	1000010010	8.61857E+00	8.48091E-03	-8.12096E-03	-1.61903E-02	-4.82619E-01	3.92682E-01	7.82866E-01	PRIM
1.92299E-02	1000010010	5.43206E+00	-1.31060E-03	-2.02278E-04	9.60735E-04	-1.89418E-01	2.02298E-01	-9.60831E-01	1000010010	5.43206E+00	2.33189E-03	-4.09246E-03	1.94374E-02	-1.89418E-01	2.02298E-01	-9.60831E-01	PRIM
1.93352E-02	1000010010	1.30957E+01	-1.24152E-03	-9.58013E-04	1.24098E-04	-2.58479E-01	9.58013E-01	-1.24098E-01	1000010010	1.30957E+01	3.75622E-03	-1.94813E-02	2.52354E-03	-2.58479E-01	9.58013E-01	-1.24098E-01	PRIM
1.83770E-02	1000010010	1.60863E+01	-1.88327E-03	-4.57217E-04	-8.02530E-04	3.83273E-01	4.57217E-01	8.02530E-01	1000010010	1.60863E+01	-8.92670E-03	-8.85951E-03	-1.55507E-02	3.83273E-01	4.57217E-01	8.02530E-01	PRIM
1.91345E-02	1000010010	6.69662E+01	-1.37338E-03	6.25528E-05	9.89978E-04	-1.26616E-01	-6.25528E-02	-9.89978E-01	1000010010	6.69662E+01	1.04935E-03	1.25947E-03	1.99327E-02	-1.26616E-01	-6.25528E-02	-9.89978E-01	PRIM
1.89854E-02	1000010010	6.63961E+00	-1.47222E-03	4.61946E-04	-8.86473E-04	-2.77758E-02	-4.61946E-01	8.86473E-01	1000010010	6.63961E+00	-9.44891E-04	9.23216E-03	-1.77165E-02	-2.77758E-02	-4.61946E-01	8.86473E-01	PRIM
2.00983E-02	1000010010	5.59417E+00	-7.51299E-04	6.23385E-04	-2.25473E-04	-7.48701E-01	-6.23385E-01	2.25473E-01	1000010010	5.59417E+00	1.42963E-02	1.31524E-02	-4.75709E-03	-7.48701E-01	-6.23385E-01	2.25473E-01	PRIM
1.88615E-02	1000010010	7.00881E+00	-1.55489E-03	-9.30363E-04	-3.62509E-04	5.48890E-02	9.30363E-01	3.62509E-01	1000010010	7.00881E+00	-2.59018E-03	-1.84784E-02	-7.19997E-03	5.48890E-02	9.30363E-01	3.62509E-01	PRIM
1.80384E-02	1000010010	8.82303E+00	-2.11783E-03	6.66151E-04	4.17759E-04	6.17835E-01	-6.66151E-01	-4.17759E-01	1000010010	8.82303E+00	-1.32626E-02	1.26825E-02	7.95348E-03	6.17835E-01	-6.66151E-01	-4.17759E-01	PRIM
1.88837E-02	1000010010	5.18671E+00	-1.54001E-03	-7.19779E-04	6.93050E-04	4.00080E-02	7.19779E-01	-6.93050E-01	1000010010	5.18671E+00	-2.29551E-03	-1.43119E-02	1.37804E-02	4.00080E-02	7.19779E-01	-6.93050E-01	PRIM
1.85749E-02	1000010010	8.95721E+01	-1.74816E-03	-1.49088E-04	-9.57178E-04	2.48160E-01	1.49088E-01	9.57178E-01	1000010010	8.95721E+01	-6.35770E-03	-2.91838E-03	-1.87367E-02	2.48160E-01	1.49088E-01	9.57178E-01	PRIM
2.03483E-02	1000010010	8.31925E+00	-5.94375E-04	3.14706E-04	-2.84260E-04	-9.05625E-01	-3.14706E-01	2.84260E-01	1000010010	8.31925E+00	1.78336E-02	6.71843E-03	-6.06847E-03	-9.05625E-01	-3.14706E-01	2.84260E-01	PRIM
1.86752E-02	1000010010	9.17112E+00	-1.68019E-03	6.91827E-04	6.99220E-04	1.80189E-01	-6.91827E-01	-6.99220E-01	1000010010	9.17112E+00	-5.04525E-03	1.36118E-02	1.37573E-02	1.80189E-01	-6.91827E-01	-6.99220E-01	PRIM
1.96807E-02	1000010010	1.60170E+01	-1.01738E-03	-3.92682E-04	-7.82866E-04	-4.82619E-01	3.92682E-01	7.82866E-01	1000010010	1.60170E+01	8.48091E-03	-8.12096E-03	-1.61903E-02	-4.82619E-01	3.92682E-01	7.82866E-01	PRIM
1.91978E-02	1000010010	6.44009E+00	-1.33168E-03	2.57344E-05	-9.85396E-04	-1.68321E-01	-2.57344E-02	9.85396E-01	1000010010	6.44009E+00	1.89971E-03	5.19776E-04	-1.99028E-02	-1.68321E-01	-2.57344E-02	9.85396E-01	PRIM
1.90668E-02	1000010010	8.99297E+00	-1.41814E-03	-1.74378E-04	9.81270E-04	-8.18618E-02	1.74378E-01	-9.81270E-01	1000010010	8.99297E+00	1.42708E-04	-3.49922E-03	1.96910E-02	-8.18618E-02	1.74378E-01	-9.81270E-01	PRIM
1.81019E-02	1000010010	6.15869E+00	-2.07353E-03	-6.73783E-04	4.65924E-04	5.73525E-01	6.73783E-01	-4.65924E-01	1000010010	6.15869E+00	-1.24554E-02	-1.28706E-02	8.90004E-03	5.73525E-01	6.73783E-01	-4.65924E-01	PRIM
1.87102E-02	1000010010	5.09581E+00	-1.65655E-03	8.07534E-05	9.84363E-04	1.56551E-01	-8.07534E-02	-9.84363E-01	1000010010	5.09581E+00	-4.58565E-03	1.59167E-03	1.94020E-02	1.56551E-01	-8.07534E-02	-9.84363E-01	PRIM
2.04431E-02	1000010010	7.40981E+00	-5.35345E-04	1.27336E-04	-2.30708E-04	-9.64655E-01	-1.27336E-01	2.30708E-01	1000010010	7.40981E+00	1.91852E-02	2.73048E-03	-4.94708E-03	-9.64655E-01	-1.27336E-01	2.30708E-01	PRIM
1.95520E-02	1000010010	1.53716E+01	-1.10048E-03	6.17865E-04	6.77221E-04	-3.99518E-01	-6.17865E-01	-6.77221E-01	1000010010	1.53716E+01	6.71088E-03	1.26983E-02	1.39182E-02	-3.99518E-01	-6.17865E-01	-6.77221E-01	PRIM
1.87979E-02	1000010010	2.81539E+01	-1.59756E-03	1.24923E-04	9.87257E-04	9.75732E-02	-1.24935E-01	-9.87355E-01	1000010010	2.81539E+01	-3.43174E-03	2.47345E-03	1.95475E-02	9.75732E-02	-1.24935E-01	-9.87355E-01	PRIM
1.91529E-02	1000010010	5.60148E+00	-1.36135E-03	-8.62144E-05	9.86480E-04	-1.38665E-01	8.62230E-02	-9.86579E-01	1000010010	5.60148E+00	1.29449E-03	-1.73763E-03	1.98823E-02	-1.38665E-01	8.62230E-02	-9.86579E-01	PRIM
1.90922E-02	1000010010	1.32061E+01	-1.40132E-03	-8.05803E-04	-5.83905E-04	-9.86753E-02	8.05803E-01	5.83905E-01	1000010010	1.32061E+01	4.82606E-04	-1.61904E-02	-1.17319E-02	-9.86753E-02	8.05803E-01	5.83905E-01	PRIM
2.01777E-02	1000010010	2.18255E+01	-7.01292E-04	3.63435E-04	4.79562E-04	-7.98708E-01	-3.63435E-01	-4.79562E-01	1000010010	2.18255E+01	1.54148E-02	7.69670E-03	1.01560E-02	-7.98708E-01	-3.63435E-01	-4.79562E-01	PRIM
1.86766E-02	1000010010	8.58079E+00	-1.67925E-03	6.80885E-05	9.81444E-04	1.79253E-01	-6.80885E-02	-9.81444E-01	1000010010	8.58079E+00	-5.02709E-03	1.33975E-03	1.93115E-02	1.79253E-01	-6.80885E-02	-9.81444E-01	PRIM
1.93225E-02	1000010010	7.73865E+00	-1.24982E-03	-7.51387E-04	-6.10595E-04	-2.50183E-01	7.51387E-01	6.10595E-01	1000010010	7.73865E+00	3.58433E-03	-1.52700E-02	-1.24088E-02	-2.50183E-01	7.51387E-01	6.10595E-01	PRIM
1.85362E-02	1000010010	9.98280E+01	-1.77447E-03	-6.75008E-04	-6.84856E-04	2.74474E-01	6.75008E-01	6.84856E-01	1000010010	9.98280E+01	-6.86219E-03	-1.31871E-02	-1.33795E-02	2.74474E-01	6.75008E-01	6.84856E-01	PRIM
1.85584E-02	1000010010	1.59391E+01	-1.75936E-03	4.90694E-04	-8.31837E-04	2.59360E-01	-4.90694E-01	8.31837E-01	1000010010	1.59391E+01	-6.57267E-03	9.59720E-03	-1.62694E-02	2.59360E-01	-4.90694E-01	8.31837E-01	PRIM
1.97346E-02	1000010010	1.03250E+02	-9.82778E-04	4.89534E-04	7.02024E-04	-5.17222E-01	-4.89534E-01	-7.02024E-01	1000010010	1.03250E+02	9.22438E-03	1.01503E-02	1.45562E-02	-5.17222E-01	-4.89534E-01	-7.02024E-01	PRIM
1.83645E-02	1000010010	9.65623E+00	-1.89191E-03	-8.70513E-04	-2.97680E-04	3.91910E-01	8.70513E-01	2.97680E-01	1000010010	9.65623E+00	-9.08912E-03	-1.68570E-02	-5.76441E-03	3.91910E-01	8.70513E-01	2.97680E-01	PRIM
1.94078E-02	1000010010	6.17514E+00	-1.19408E-03	-9.24124E-04	2.28920E-04	-3.05924E-01	9.24124E-01	-2.28920E-01	1000010010	6.17514E+00	4.74325E-03	-1.88594E-02	4.67177E-03	-3.05924E-01	9.24124E-01	-2.28920E-01	PRIM
1.99900E-02	1000010010	2.91663E+01	-8.19816E-04	3.58761E-04	6.39250E-04	-6.80184E-01	-3.58761E-01	-6.39250E-01	1000010010	2.91663E+01	1.27771E-02	7.53040E-03	1.34179E-02	-6.80184E-01	-3.58761E-01	-6.39250E-01	PRIM
1.75902E-02	1000010010	1.49764E+01	-2.43517E-03	-2.96751E-04	1.93378E-04	9.35170E-01	2.96751E-01	-1.93378E-01	1000010010	1.49764E+01	-1.88850E-02	-5.51666E-03	3.59493E-03	9.35170E-01	2.96751E-01	-1.93378E-01	PRIM
1.76231E-02	1000010010	1.43337E+01	-2.41160E-03	-1.79325E-04	-3.69627E-04	9.11693E-01	1.79343E-01	3.69664E-01	1000010010	1.43337E+01	-1.84784E-02	-3.33991E-03	-6.88424E-03	9.11693E-01	1.79343E-01	3.69664E-01	PRIM
1.90168E-02	1000010010	1.90770E+01	-1.45136E-03	-6.13009E-05	9.96933E-04	-4.86409E-02	6.13009E-02	-9.96933E-01	1000010010	1.90770E+01	-5.26367E-04	-1.22705E-03	1.99554E-02	-4.86409E-02	6.13009E-02	-9.96933E-01	PRIM
1.90668E-02	1000010010	6.53125E+00	-1.41814E-03	-1.74378E-04	9.81270E-04	-8.18618E-02	1.74378E-01	-9.81270E-01	1000010010	6.53125E+00	1.42708E-04	-3.49922E-03	1.96910E-02	-8.18618E-02	1.74378E-01	-9.81270E-01	PRIM
1.84549E-02	1000010010	6.51514E+00	-1.82997E-03	8.50796E-04	4.08985E-04	3.29966E-01	-8.50796E-01	-4.08985E-01	1000010010	6.51514E+00	-7.91944E-03	1.65521E-02	7.95675E-03	3.29966E-01	-8.50796E-01	-4.08985E-01	PRIM
1.86531E-02	1000010010	7.69017E+00	-1.69512E-03	-4.00437E-04	8.95309E-04	1.95124E-01	4.00437E-01	-8.95309E-01	1000010010	7.69017E+00	-5.33479E-03	-7.86983E-03	1.75956E-02	1.95124E-01	4.00437E-01	-8.95309E-01	PRIM
1.84670E-02	1000010010	5.85148E+00	-1.82165E-03	6.91315E-05	9.44331E-04	3.21651E-01	-6.91315E-02	-9.44331E-01	1000010010	5.85148E+00	-7.76158E-03	1.34578E-03	1.83833E-02	3.21651E-01	-6.91315E-02	-9.44331E-01	PRIM
1.85145E-02	1000010010	6.69881E+00	-1.78926E-03	-3.45963E-04	-8.92546E-04	2.89260E-01	3.45963E-01	8.92546E-01	1000010010	6.69881E+00	-7.14476E-03	-6.75130E-03	-1.74176E-02	2.89260E-01	3.45963E-01	8.92546E-01	PRIM
1.85145E-02	1000010010	7.67526E+00	-1.78926E-03	-3.45963E-04	-8.92546E-04	2.89260E-01	3.45963E-01	8.92546E-01	1000010010	7.67526E+00	-7.14476E-03	-6.75130E-03	-1.74176E-02	2.89260E-01	3.45963E-01	8.92546E-01	PRIM
1.93633E-02	1000010010	7.77029E+00	-1.22314E-03	-8.45709E-04	-4.56208E-04	-2.76858E-01	8.45709E-01	4.56208E-01	1000010010	7.77029E+00	4.13773E-03	-1.72214E-02	-9.28990E-03	-2.76858E-01	8.45709E-01	4.56208E-01	PRIM
1.91345E-02	1000010010	8.99161E+00	-1.37338E-03	6.25528E-05	9.89978E-04	-1.26616E-01	-6.25528E-02	-9.89978E-01	1000010010	8.99161E+00	1.04935E-03	1.25947E-03	1.99327E-02	-1.26616E-01	-6.25528E-02	-9.89978E-01	PRIM
1.91163E-02	1000010010	7.43599E+00	-1.38543E-03	9.85990E-04	-1.21227E-04	-1.14574E-01	-9.85990E-01	1.21227E-01	1000010010	7.43599E+00	8.04805E-04	1.98344E-02	-2.43864E-03	-1.14574E-01	-9.85990E-01	1.21227E-01	PRIM
1.89022E-02	1000010010	7.11936E+00	-1.52767E-03	2.12141E-05	-9.99392E-04	2.76707E-02	-2.12141E-02	9.99392E-01	1000010010	7.11936E+00	-2.05071E-03	4.22208E-04	-1.98901E-02	2.76707E-02	-2.12141E-02	9.99392E-01	PRIM
1.89722E-02	1000010010	6.61691E+01	-1.48097E-03	2.34662E-04	-9.71891E-04	-1.90308E-02	-2.34662E-01	9.71891E-01	1000010010	6.61691E+01	-1.11991E-03	4.68673E-03	-1.94108E-02	-1.90308E-02	-2.34662E-01	9.71891E-01	PRIM
1.79571E-02	1000010010	5.18591E+00	-2.17480E-03	5.17118E-04	-5.26536E-04	6.74796E-01	-5.17118E-01	5.26536E-01	1000010010	5.18591E+00	-1.42922E-02	9.80309E-03	-9.98161E-03	6.74796E-01	-5.17118E-01	5.26536E-01	PRIM
2.02759E-02	1000010010	8.26304E+00	-6.39633E-04	4.95749E-04	1.18332E-04	-8.60367E-01	-4.95749E-01	-1.18332E-01	1000010010	8.26304E+00	1.68051E-02	1.05475E-02	2.51761E-03	-8.60367E-01	-4.95749E-01	-1.18332E-01	PRIM
1.89022E-02	1000010010	1.76064E+01	-1.52767E-03	2.12141E-05	-9.99392E-04	2.76707E-02	-2.12141E-02	9.99392E-01	1000010010	1.76064E+01	-2.05071E-03	4.22208E-04	-1.98901E-02	2.76707E-02	-2.12141E-02	9.99392E-01	PRIM
1.98639E-02	1000010010	6.40393E+00	-9.00050E-04	1.42018E-04	7.87331E-04	-5.99950E-01	-1.42018E-01	-7.87331E-01	1000010010	6.40393E+00	1.10173E-02	2.96304E-03	1.64268E-02	-5.99950E-01	-1.42018E-01	-7.87331E-01	PRIM
1.94746E-02	1000010010	8.61290E+00	-1.15065E-03	-7.24824E-04	5.93790E-04	-3.49347E-01	7.24824E-01	-5.93790E-01	1000010010	8.61290E+00	5.65274E-03	-1.48405E-02	1.21576E-02	-3.49347E-01	7.24824E-01	-5.93790E-01	PRIM
1.89328E-02	1000010010	9.50166E+00	-1.50722E-03	9.98269E-04	-5.83739E-05	7.21759E-03	-9.98269E-01	5.83739E-02	1000010010	9.50166E+00	-1.64387E-03	1.98983E-02	-1.16356E-03	7.21759E-03	-9.98269E-01	5.83739E-02	PRIM
1.90922E-02	1000010010	1.77154E+01	-1.40132E-03	-8.05803E-04	-5.83905E-04	-9.86753E-02	8.05803E-01	5.83905E-01	1000010010	1.77154E+01	4.82606E-04	-1.61904E-02	-1.17319E-02	-9.86753E-02	8.05803E-01	5.83905E-01	PRIM
1.90479E-02	1000010010	4.10957E+01	-1.43070E-03	1.84171E-05	9.97426E-04	-6.92987E-02	-1.84171E-02	-9.97426E-01	1000010010	4.10957E+01	-1.10708E-04	3.69223E-04	1.99963E-02	-6.92987E-02	-1.84171E-02	-9.97426E-01	PRIM
1.92717E-02	1000010010	5.71022E+00	-1.28306E-03	6.27195E-04	-7.48040E-04	-2.16939E-01	-6.27195E-01	7.48040E-01	1000010010	5.71022E+00	2.89773E-03	1.27143E-02	-1.51641E-02	-2.16939E-01	-6.27195E-01	7.48040E-01	PRIM
1.83061E-02	1000010010	5.40996E+00	-1.93210E-03	-6.39929E-04	-6.35440E-04	4.32095E-01	6.39929E-01	6.35440E-01	1000010010	5.40996E+00	-9.84205E-03	-1.23545E-02	-1.22678E-02	4.32095E-01	6.39929E-01	6.35440E-01	PRIM
2.02370E-02	1000010010	5.58936E+00	-6.64205E-04	-5.33074E-04	1.30684E-04	-8.35879E-01	5.33128E-01	-1.30697E-01	1000010010	5.58936E+00	1.62514E-02	-1.13220E-02	2.77559E-03	-8.35879E-01	5.33128E-01	-1.30697E-01	PRIM
1.97288E-02	1000010010	9.45173E+00	-9.86466E-04	-7.69434E-04	-3.79808E-04	-5.13534E-01	7.69434E-01	3.79808E-01	1000010010	9.45173E+00	9.14497E-03	-1.59495E-02	-7.87297E-03	-5.13534E-01	7.69434E-01	3.79808E-01	PRIM
1.85715E-02	1000010010	9.51436E+00	-1.75045E-03	2.77243E-04	9.27583E-04	2.50451E-01	-2.77243E-01	-9.27583E-01	1000010010	9.51436E+00	-6.40171E-03	5.42607E-03	1.81542E-02	2.50451E-01	-2.77243E-01	-9.27583E-01	PRIM
1.97346E-02	1000010010	6.65083E+00	-9.82778E-04	4.89534E-04	7.02024E-04	-5.17222E-01	-4.89534E-01	-7.02024E-01	1000010010	6.65083E+00	9.22438E-03	1.01503E-02	1.45562E-02	-5.17222E-01	-4.89534E-01	-7.02024E-01	PRIM
1.76080E-02	1000010010	7.71414E+00	-2.42237E-03	-2.85409E-04	2.59957E-04	9.22461E-01	2.85437E-01	-2.59983E-01	1000010010	7.71414E+00	-1.86651E-02	-5.31140E-03	4.83774E-03	9.22461E-01	2.85437E-01	-2.59983E-01	PRIM
1.84329E-02	1000010010	5.94351E+00	-1.84497E-03	-9.28049E-04	-1.40436E-04	3.44967E-01	9.28049E-01	1.40436E-01	1000010010	5.94351E+00	-8.20372E-03	-1.80347E-02	-2.72908E-03	3.44967E-01	9.28049E-01	1.40436E-01	PRIM
1.89022E-02	1000010010	9.48613E+00	-1.52767E-03	2.12141E-05	-9.99392E-04	2.76707E-02	-2.12141E-02	9.99392E-01	1000010010	9.48613E+00	-2.05071E-03	4.22208E-04	-1.98901E-02	2.76707E-02	-2.12141E-02	9.99392E-01	PRIM
1.85145E-02	1000010010	5.04193E+00	-1.78926E-03	-3.45963E-04	-8.92546E-04	2.89260E-01	3.45963E-01	8.92546E-01	1000010010	5.04193E+00	-7.14476E-03	-6.75130E-03	-1.74176E-02	2.89260E-01	3.45963E-01	8.92546E-01	PRIM
1.93542E-02	1000010010	7.03585E+00	-1.22910E-03	-5.52473E-04	-7.88282E-04	-2.70898E-01	5.52473E-01	7.88282E-01	1000010010	7.03585E+00	4.01390E-03	-1.12451E-02	-1.60448E-02	-2.70898E-01	5.52473E-01	7.88282E-01	PRIM
1.91704E-02	1000010010	7.89245E+00	-1.34976E-03	-9.34513E-04	-3.22355E-04	-1.50255E-01	9.34607E-01	3.22388E-01	1000010010	7.89245E+00	1.53069E-03	-1.88513E-02	-6.50266E-03	-1.50255E-01	9.34607E-01	3.22388E-01	PRIM
1.79571E-02	1000010010	7.45987E+00	-2.17480E-03	5.17118E-04	-5.26536E-04	6.74796E-01	-5.17118E-01	5.26536E-01	1000010010	7.45987E+00	-1.42922E-02	9.80309E-03	-9.98161E-03	6.74796E-01	-5.17118E-01	5.26536E-01	PRIM
2.01273E-02	1000010010	7.75026E+00	-7.33014E-04	6.32194E-04	1.09836E-04	-7.66986E-01	-6.32194E-01	-1.09836E-01	1000010010	7.75026E+00	1.47043E-02	1.33566E-02	2.32053E-03	-7.66986E-01	-6.32194E-01	-1.09836E-01	PRIM
1.90789E-02	1000010010	9.47878E+00	-1.41013E-03	5.80901E-04	-8.08998E-04	-8.98675E-02	-5.80901E-01	8.08998E-01	1000010010	9.47878E+00	3.04442E-04	1.16639E-02	-1.62438E-02	-8.98675E-02	-5.80901E-01	8.08998E-01	PRIM
1.85859E-02	1000010010	1.42988E+01	-1.74069E-03	-7.25198E-04	-6.45102E-04	2.40689E-01	7.25198E-01	6.45102E-01	1000010010	1.42988E+01	-6.21411E-03	-1.42037E-02	-1.26349E-02	2.40689E-01	7.25198E-01	6.45102E-01	PRIM
1.89309E-02	1000010010	1.42851E+01	-1.50851E-03	-1.94427E-04	9.80880E-04	8.51341E-03	1.94427E-01	-9.80880E-01	1000010010	1.42851E+01	-1.66968E-03	-3.87510E-03	1.95498E-02	8.51341E-03	1.94427E-01	-9.80880E-01	PRIM
1.76268E-02	1000010010	7.40603E+00	-2.40890E-03	4.04785E-04	9.92126E-05	9.08995E-01	-4.04825E-01	-9.92225E-02	1000010010	7.40603E+00	-1.84316E-02	7.54057E-03	1.84819E-03	9.08995E-01	-4.04825E-01	-9.92225E-02	PRIM
1.97288E-02	1000010010	4.33288E+01	-9.86466E-04	-7.69434E-04	-3.79808E-04	-5.13534E-01	7.69434E-01	3.79808E-01	1000010010	4.33288E+01	9.14497E-03	-1.59495E-02	-7.87297E-03	-5.13534E-01	7.69434E-01	3.79808E-01	PRIM
1.93633E-02	1000010010	5.71485E+01	-1.22314E-03	-8.45709E-04	-4.56208E-04	-2.76858E-01	8.45709E-01	4.56208E-01	1000010010	5.71485E+01	4.13773E-03	-1.72214E-02	-9.28990E-03	-2.76858E-01	8.45709E-01	4.56208E-01	PRIM
1.85584E-02	1000010010	6.32740E+00	-1.75936E-03	4.90694E-04	-8.31837E-04	2.59360E-01	-4.90694E-01	8.31837E-01	1000010010	6.32740E+00	-6.57267E-03	9.59720E-03	-1.62694E-02	2.59360E-01	-4.90694E-01	8.31837E-01	PRIM
1.92223E-02	1000010010	5.57455E+00	-1.31555E-03	9.21740E-04	3.41136E-04	-1.84449E-01	-9.21740E-01	-3.41136E-01	1000010010	5.57455E+00	2.22998E-03	1.86397E-02	6.89854E-03	-1.84449E-01	-9.21740E-01	-3.41136E-01	PRIM
1.90330E-02	1000010010	6.20187E+00	-1.44061E-03	-7.75257E-05	9.95220E-04	-5.93940E-02	7.75257E-02	-9.95220E-01	1000010010	6.20187E+00	-3.10163E-04	-1.55307E-03	1.99372E-02	-5.93940E-02	7.75257E-02	-9.95220E-01	PRIM
1.84549E-02	1000010010	1.28129E+01	-1.82997E-03	8.50796E-04	4.08985E-04	3.29966E-01	-8.50796E-01	-4.08985E-01	1000010010	1.28129E+01	-7.91944E-03	1.65521E-02	7.95675E-03	3.29966E-01	-8.50796E-01	-4.08985E-01	PRIM
2.01414E-02	1000010010	9.51788E+00	-7.24117E-04	-5.82258E-05	-6.28184E-04	-7.75883E-01	5.82258E-02	6.28184E-01	1000010010	9.51788E+00	1.49033E-02	-1.23098E-03	-1.32807E-02	-7.75883E-01	5.82258E-02	6.28184E-01	PRIM
1.76268E-02	1000010010	1.60052E+01	-2.40890E-03	4.04785E-04	9.92126E-05	9.08995E-01	-4.04825E-01	-9.92225E-02	1000010010	1.60052E+01	-1.84316E-02	7.54057E-03	1.84819E-03	9.08995E-01	-4.04825E-01	-9.92225E-02	PRIM
1.86004E-02	1000010010	6.32955E+00	-1.73084E-03	4.92852E-04	-8.38933E-04	2.30844E-01	-4.92852E-01	8.38933E-01	1000010010	6.32955E+00	-6.02465E-03	9.66010E-03	-1.64434E-02	2.30844E-01	-4.92852E-01	8.38933E-01	PRIM
1.86766E-02	1000010010	5.73370E+00	-1.67925E-03	6.80885E-05	9.81444E-04	1.79253E-01	-6.80885E-02	-9.81444E-01	1000010010	5.73370E+00	-5.02709E-03	1.33975E-03	1.93115E-02	1.79253E-01	-6.80885E-02	-9.81444E-01	PRIM
2.02691E-02	1000010010	8.69702E+00	-6.43915E-04	-3.36937E-04	-3.91907E-04	-8.56085E-01	3.36937E-01	3.91907E-01	1000010010	8.69702E+00	1.67082E-02	-7.16635E-03	-8.33550E-03	-8.56085E-01	3.36937E-01	3.91907E-01	PRIM
1.94527E-02	1000010010	5.58819E+00	-1.16487E-03	4.59405E-04	8.22578E-04	-3.35129E-01	-4.59405E-01	-8.22578E-01	1000010010	5.58819E+00	5.35430E-03	9.39608E-03	1.68239E-02	-3.35129E-01	-4.59405E-01	-8.22578E-01	PRIM
1.98771E-02	1000010010	1.42338E+01	-8.91727E-04	7.93550E-04	9.07219E-06	-6.08334E-01	-7.93629E-01	-9.07310E-03	1000010010	1.42338E+01	1.12002E-02	1.65686E-02	1.89419E-04	-6.08334E-01	-7.93629E-01	-9.07310E-03	PRIM
1.95698E-02	1000010010	1.47155E+02	-1.08892E-03	-4.90302E-04	7.68519E-04	-4.11076E-01	4.90302E-01	-7.68519E-01	1000010010	1.47155E+02	6.95576E-03	-1.00854E-02	1.58083E-02	-4.11076E-01	4.90302E-01	-7.68519E-01	PRIM
1.96822E-02	1000010010	7.91065E+00	-1.01643E-03	2.81324E-04	-8.28867E-04	-4.83567E-01	-2.81324E-01	8.28867E-01	1000010010	7.91065E+00	8.50123E-03	5.81840E-03	-1.71428E-02	-4.83567E-01	-2.81324E-01	8.28867E-01	PRIM
1.90330E-02	1000010010	5.52406E+00	-1.44061E-03	-7.75257E-05	9.95220E-04	-5.93940E-02	7.75257E-02	-9.95220E-01	1000010010	5.52406E+00	-3.10163E-04	-1.55307E-03	1.99372E-02	-5.93940E-02	7.75257E-02	-9.95220E-01	PRIM
1.91260E-02	1000010010	2.64126E+01	-1.37906E-03	1.39205E-05	9.92462E-04	-1.20948E-01	-1.39218E-02	-9.92561E-01	1000010010	2.64126E+01	9.34191E-04	2.80190E-04	1.99762E-02	-1.20948E-01	-1.39218E-02	-9.92561E-01	PRIM
1.85715E-02	1000010010	5.28588E+00	-1.75045E-03	2.77243E-04	9.27583E-04	2.50451E-01	-2.77243E-01	-9.27583E-01	1000010010	5.28588E+00	-6.40171E-03	5.42607E-03	1.81542E-02	2.50451E-01	-2.77243E-01	-9.27583E-01	PRIM
1.94176E-02	1000010010	9.08944E+00	-1.18784E-03	5.27124E-04	-7.90252E-04	-3.12188E-01	-5.27177E-01	7.90331E-01	1000010010	9.08944E+00	4.87409E-03	1.07636E-02	-1.61365E-02	-3.12188E-01	-5.27177E-01	7.90331E-01	PRIM
1.89854E-02	1000010010	7.27346E+00	-1.47222E-03	4.61946E-04	-8.86473E-04	-2.77758E-02	-4.61946E-01	8.86473E-01	1000010010	7.27346E+00	-9.44891E-04	9.23216E-03	-1.77165E-02	-2.77758E-02	-4.61946E-01	8.86473E-01	PRIM
1.92535E-02	1000010010	5.23799E+00	-1.29505E-03	3.18708E-04	9.25429E-04	-2.04953E-01	-3.18708E-01	-9.25429E-01	1000010010	5.23799E+00	2.65100E-03	6.45494E-03	1.87432E-02	-2.04953E-01	-3.18708E-01	-9.25429E-01	PRIM
1.96807E-02	1000010010	1.35346E+01	-1.01738E-03	-3.92682E-04	-7.82866E-04	-4.82619E-01	3.92682E-01	7.82866E-01	1000010010	1.35346E+01	8.48091E-03	-8.12096E-03	-1.61903E-02	-4.82619E-01	3.92682E-01	7.82866E-01	PRIM
1.95122E-02	1000010010	1.08853E+01	-1.12624E-03	-8.06884E-05	9.24009E-04	-3.73761E-01	8.06884E-02	-9.24009E-01	1000010010	1.08853E+01	6.16665E-03	-1.65510E-03	1.89534E-02	-3.73761E-01	8.06884E-02	-9.24009E-01	PRIM
1.99653E-02	1000010010	6.90645E+00	-8.35524E-04	4.73974E-04	-5.77771E-04	-6.64476E-01	-4.73974E-01	5.77771E-01	1000010010	6.90645E+00	1.24309E-02	9.93700E-03	-1.21131E-02	-6.64476E-01	-4.73974E-01	5.77771E-01	PRIM
1.75809E-02	1000010010	1.07419E+01	-2.44182E-03	2.10868E-04	-2.61761E-04	9.41815E-01	-2.10868E-01	2.61761E-01	1000010010	1.07419E+01	-1.89998E-02	3.91812E-03	-4.86375E-03	9.41815E-01	-2.10868E-01	2.61761E-01	PRIM
1.92927E-02	1000010010	9.24476E+00	-1.26934E-03	3.02356E-04	9.24867E-04	-2.30656E-01	-3.02356E-01	-9.24867E-01	1000010010	9.24476E+00	3.18063E-03	6.13561E-03	1.87680E-02	-2.30656E-01	-3.02356E-01	-9.24867E-01	PRIM
1.92927E-02	1000010010	6.28020E+00	-1.26934E-03	3.02356E-04	9.24867E-04	-2.30656E-01	-3.02356E-01	-9.24867E-01	1000010010	6.28020E+00	3.18063E-03	6.13561E-03	1.87680E-02	-2.30656E-01	-3.02356E-01	-9.24867E-01	PRIM
1.99738E-02	1000010010	6.08254E+00	-8.30132E-04	-6.98653E-04	-2.51319E-04	-6.69868E-01	6.98653E-01	2.51319E-01	1000010010	6.08254E+00	1.25496E-02	-1.46534E-02	-5.27111E-03	-6.69868E-01	6.98653E-01	2.51319E-01	PRIM
1.86558E-02	1000010010	8.14591E+00	-1.69335E-03	7.01171E-04	6.86275E-04	1.93352E-01	-7.01171E-01	-6.86275E-01	1000010010	8.14591E+00	-5.30048E-03	1.37820E-02	1.34893E-02	1.93352E-01	-7.01171E-01	-6.86275E-01	PRIM
2.00983E-02	1000010010	5.83593E+00	-7.51299E-04	6.23385E-04	-2.25473E-04	-7.48701E-01	-6.23385E-01	2.25473E-01	1000010010	5.83593E+00	1.42963E-02	1.31524E-02	-4.75709E-03	-7.48701E-01	-6.23385E-01	2.25473E-01	PRIM
2.03533E-02	1000010010	5.44547E+00	-5.91240E-04	4.07946E-04	8.79567E-05	-9.08760E-01	-4.07946E-01	-8.79567E-02	1000010010	5.44547E+00	1.79051E-02	8.71101E-03	1.87817E-03	-9.08760E-01	-4.07946E-01	-8.79567E-02	PRIM
1.94176E-02	1000010010	6.85611E+00	-1.18784E-03	5.27124E-04	-7.90252E-04	-3.12188E-01	-5.27177E-01	7.90331E-01	1000010010	6.85611E+00	4.87409E-03	1.07636E-02	-1.61365E-02	-3.12188E-01	-5.27177E-01	7.90331E-01	PRIM
1.82885E-02	1000010010	5.12649E+01	-1.94420E-03	7.86170E-04	4.29444E-04	4.44246E-01	-7.86248E-01	-4.29487E-01	1000010010	5.12649E+01	-1.00688E-02	1.51655E-02	8.28413E-03	4.44246E-01	-7.86248E-01	-4.29487E-01	PRIM
1.83770E-02	1000010010	6.09504E+01	-1.88327E-03	-4.57217E-04	-8.02530E-04	3.83273E-01	4.57217E-01	8.02530E-01	1000010010	6.09504E+01	-8.92670E-03	-8.85951E-03	-1.55507E-02	3.83273E-01	4.57217E-01	8.02530E-01	PRIM
1.95698E-02	1000010010	5.65233E+00	-1.08892E-03	-4.90302E-04	7.68519E-04	-4.11076E-01	4.90302E-01	-7.68519E-01	1000010010	5.65233E+00	6.95576E-03	-1.00854E-02	1.58083E-02	-4.11076E-01	4.90302E-01	-7.68519E-01	PRIM
1.78481E-02	1000010010	5.92407E+00	-2.25161E-03	-3.59658E-04	5.52930E-04	7.51608E-01	3.59658E-01	-5.52930E-01	1000010010	5.92407E+00	-1.56664E-02	-6.77887E-03	1.04217E-02	7.51608E-01	3.59658E-01	-5.52930E-01	PRIM
1.91458E-02	1000010010	5.25514E+00	-1.36590E-03	1.86221E-05	9.90792E-04	-1.34104E-01	-1.86221E-02	-9.90792E-01	1000010010	5.25514E+00	1.20164E-03	3.75158E-04	1.99603E-02	-1.34104E-01	-1.86221E-02	-9.90792E-01	PRIM
1.99536E-02	1000010010	1.35949E+01	-8.42954E-04	-3.66971E-04	-6.58501E-04	-6.57046E-01	3.66971E-01	6.58501E-01	1000010010	1.35949E+01	1.22675E-02	-7.68935E-03	-1.37980E-02	-6.57046E-01	3.66971E-01	6.58501E-01	PRIM
1.89854E-02	1000010010	8.32633E+00	-1.47222E-03	4.61946E-04	-8.86473E-04	-2.77758E-02	-4.61946E-01	8.86473E-01	1000010010	8.32633E+00	-9.44891E-04	9.23216E-03	-1.77165E-02	-2.77758E-02	-4.61946E-01	8.86473E-01	PRIM
1.97346E-02	1000010010	7.42508E+00	-9.82778E-04	4.89534E-04	7.02024E-04	-5.17222E-01	-4.89534E-01	-7.02024E-01	1000010010	7.42508E+00	9.22438E-03	1.01503E-02	1.45562E-02	-5.17222E-01	-4.89534E-01	-7.02024E-01	PRIM
1.93633E-02	1000010010	1.52709E+01	-1.22314E-03	-8.45709E-04	-4.56208E-04	-2.76858E-01	8.45709E-01	4.56208E-01	1000010010	1.52709E+01	4.13773E-03	-1.72214E-02	-9.28990E-03	-2.76858E-01	8.45709E-01	4.56208E-01	PRIM
1.93593E-02	1000010010	1.37530E+01	-1.22576E-03	3.37925E-04	9.00331E-04	-2.74245E-01	-3.37925E-01	-9.00331E-01	1000010010	1.37530E+01	4.08343E-03	6.87992E-03	1.83301E-02	-2.74245E-01	-3.37925E-01	-9.00331E-01	PRIM
1.91978E-02	1000010010	5.54889E+00	-1.33168E-03	2.57344E-05	-9.85396E-04	-1.68321E-01	-2.57344E-02	9.85396E-01	1000010010	5.54889E+00	1.89971E-03	5.19776E-04	-1.99028E-02	-1.68321E-01	-2.57344E-02	9.85396E-01	PRIM
1.82748E-02	1000010010	5.57844E+00	-1.95365E-03	7.81744E-05	-8.87631E-04	4.53696E-01	-7.81822E-02	8.87720E-01	1000010010	5.57844E+00	-1.02449E-02	1.50694E-03	-1.71106E-02	4.53696E-01	-7.81822E-02	8.87720E-01	PRIM
1.93974E-02	1000010010	7.25580E+00	-1.20088E-03	4.50684E-04	8.41076E-04	-2.99124E-01	-4.50684E-01	-8.41076E-01	1000010010	7.25580E+00	4.60136E-03	9.19278E-03	1.71558E-02	-2.99124E-01	-4.50684E-01	-8.41076E-01	PRIM
1.76068E-02	1000010010	5.86198E+00	-2.42330E-03	-8.00588E-05	3.75652E-04	9.23296E-01	8.00588E-02	-3.75652E-01	1000010010	5.86198E+00	-1.86796E-02	-1.48963E-03	6.98966E-03	9.23296E-01	8.00588E-02	-3.75652E-01	PRIM
1.85250E-02	1000010010	7.10464E+00	-1.78211E-03	3.62966E-04	8.88072E-04	2.82106E-01	-3.62966E-01	-8.88072E-01	1000010010	7.10464E+00	-7.00812E-03	7.08690E-03	1.73396E-02	2.82106E-01	-3.62966E-01	-8.88072E-01	PRIM
1.97346E-02	1000010010	3.15175E+01	-9.82778E-04	4.89534E-04	7.02024E-04	-5.17222E-01	-4.89534E-01	-7.02024E-01	1000010010	3.15175E+01	9.22438E-03	1.01503E-02	1.45562E-02	-5.17222E-01	-4.89534E-01	-7.02024E-01	PRIM
1.99653E-02	1000010010	1.36583E+01	-8.35524E-04	4.73974E-04	-5.77771E-04	-6.64476E-01	-4.73974E-01	5.77771E-01	1000010010	1.36583E+01	1.24309E-02	9.93700E-03	-1.21131E-02	-6.64476E-01	-4.73974E-01	5.77771E-01	PRIM
1.99617E-02	1000010010	5.11809E+00	-8.37780E-04	-3.97316E-04	-6.35299E-04	-6.62220E-01	3.97316E-01	6.35299E-01	1000010010	5.11809E+00	1.23813E-02	-8.32843E-03	-1.33170E-02	-6.62220E-01	3.97316E-01	6.35299E-01	PRIM
1.86766E-02	1000010010	6.10277E+00	-1.67925E-03	6.80885E-05	9.81444E-04	1.79253E-01	-6.80885E-02	-9.81444E-01	1000010010	6.10277E+00	-5.02709E-03	1.33975E-03	1.93115E-02	1.79253E-01	-6.80885E-02	-9.81444E-01	PRIM
1.94515E-02	1000010010	5.57024E+00	-1.16564E-03	9.41017E-04	5.18819E-05	-3.34359E-01	-9.41017E-01	-5.18819E-02	1000010010	5.57024E+00	5.33815E-03	1.92452E-02	1.06106E-03	-3.34359E-01	-9.41017E-01	-5.18819E-02	PRIM
1.89063E-02	1000010010	1.03841E+01	-1.52502E-03	-3.30538E-05	9.99040E-04	2.50248E-02	3.30571E-02	-9.99140E-01	1000010010	1.03841E+01	-1.99815E-03	-6.58041E-04	1.98891E-02	2.50248E-02	3.30571E-02	-9.99140E-01	PRIM
2.01986E-02	1000010010	5.96100E+00	-6.88158E-04	5.21973E-04	2.61642E-04	-8.11842E-01	-5.21973E-01	-2.61642E-01	1000010010	5.96100E+00	1.57099E-02	1.10651E-02	5.54644E-03	-8.11842E-01	-5.21973E-01	-2.61642E-01	PRIM
1.92717E-02	1000010010	5.70263E+00	-1.28306E-03	6.27195E-04	-7.48040E-04	-2.16939E-01	-6.27195E-01	7.48040E-01	1000010010	5.70263E+00	2.89773E-03	1.27143E-02	-1.51641E-02	-2.16939E-01	-6.27195E-01	7.48040E-01	PRIM
1.99653E-02	1000010010	8.20565E+00	-8.35524E-04	4.73974E-04	-5.77771E-04	-6.64476E-01	-4.73974E-01	5.77771E-01	1000010010	8.20565E+00	1.24309E-02	9.93700E-03	-1.21131E-02	-6.64476E-01	-4.73974E-01	5.77771E-01	PRIM
1.77977E-02	1000010010	1.73146E+01	-2.28726E-03	-2.77928E-04	5.50258E-04	7.87335E-01	2.77956E-01	-5.50313E-01	1000010010	1.73146E+01	-1.63000E-02	-5.22490E-03	1.03446E-02	7.87335E-01	2.77956E-01	-5.50313E-01	PRIM
1.82541E-02	1000010010	7.73087E+00	-1.96798E-03	-7.70680E-04	-4.32494E-04	4.67975E-01	7.70680E-01	4.32494E-01	1000010010	7.73087E+00	-1.05104E-02	-1.48387E-02	-8.32727E-03	4.67975E-01	7.70680E-01	4.32494E-01	PRIM
1.94772E-02	1000010010	1.78468E+01	-1.14896E-03	-2.00351E-04	-9.14676E-04	-3.51038E-01	2.00351E-01	9.14676E-01	1000010010	1.78468E+01	5.68826E-03	-4.10263E-03	-1.87300E-02	-3.51038E-01	2.00351E-01	9.14676E-01	PRIM
1.99653E-02	1000010010	7.43250E+00	-8.35524E-04	4.73974E-04	-5.77771E-04	-6.64476E-01	-4.73974E-01	5.77771E-01	1000010010	7.43250E+00	1.24309E-02	9.93700E-03	-1.21131E-02	-6.64476E-01	-4.73974E-01	5.77771E-01	PRIM
1.85584E-02	1000010010	3.03376E+01	-1.75936E-03	4.90694E-04	-8.31837E-04	2.59360E-01	-4.90694E-01	8.31837E-01	1000010010	3.03376E+01	-6.57267E-03	9.59720E-03	-1.62694E-02	2.59360E-01	-4.90694E-01	8.31837E-01	PRIM
1.90668E-02	1000010010	9.78203E+00	-1.41814E-03	-1.74378E-04	9.81270E-04	-8.18618E-02	1.74378E-01	-9.81270E-01	1000010010	9.78203E+00	1.42708E-04	-3.49922E-03	1.96910E-02	-8.18618E-02	1.74378E-01	-9.81270E-01	PRIM
1.91704E-02	1000010010	7.74101E+00	-1.34976E-03	-9.34513E-04	-3.22355E-04	-1.50255E-01	9.34607E-01	3.22388E-01	1000010010	7.74101E+00	1.53069E-03	-1.88513E-02	-6.50266E-03	-1.50255E-01	9.34607E-01	3.22388E-01	PRIM
1.97095E-02	1000010010	7.81641E+00	-9.99029E-04	6.74947E-04	-5.41548E-04	-5.01021E-01	-6.75015E-01	5.41602E-01	1000010010	7.81641E+00	8.87583E-03	1.39791E-02	-1.12162E-02	-5.01021E-01	-6.75015E-01	5.41602E-01	PRIM
1.81614E-02	1000010010	3.20957E+01	-2.03215E-03	-3.13732E-04	7.86377E-04	5.32150E-01	3.13732E-01	-7.86377E-01	1000010010	3.20957E+01	-1.16967E-02	-6.01154E-03	1.50681E-02	5.32150E-01	3.13732E-01	-7.86377E-01	PRIM
1.80950E-02	1000010010	6.01406E+00	-2.07835E-03	-3.39863E-05	8.15083E-04	5.78346E-01	3.39863E-02	-8.15083E-01	1000010010	6.01406E+00	-1.25435E-02	-6.48970E-04	1.55640E-02	5.78346E-01	3.39863E-02	-8.15083E-01	PRIM
1.85749E-02	1000010010	1.09725E+01	-1.74816E-03	-1.49088E-04	-9.57178E-04	2.48160E-01	1.49088E-01	9.57178E-01	1000010010	1.09725E+01	-6.35770E-03	-2.91838E-03	-1.87367E-02	2.48160E-01	1.49088E-01	9.57178E-01	PRIM
1.76676E-02	1000010010	5.13061E+00	-2.37976E-03	4.58350E-04	1.26261E-04	8.79758E-01	-4.58350E-01	-1.26261E-01	1000010010	5.13061E+00	-1.79230E-02	8.55631E-03	2.35700E-03	8.79758E-01	-4.58350E-01	-1.26261E-01	PRIM
1.80950E-02	1000010010	2.33556E+01	-2.07835E-03	-3.39863E-05	8.15083E-04	5.78346E-01	3.39863E-02	-8.15083E-01	1000010010	2.33556E+01	-1.25435E-02	-6.48970E-04	1.55640E-02	5.78346E-01	3.39863E-02	-8.15083E-01	PRIM
1.75809E-02	1000010010	1.00694E+01	-2.44182E-03	2.10868E-04	-2.61761E-04	9.41815E-01	-2.10868E-01	2.61761E-01	1000010010	1.00694E+01	-1.89998E-02	3.91812E-03	-4.86375E-03	9.41815E-01	-2.10868E-01	2.61761E-01	PRIM
1.80655E-02	1000010010	6.76299E+00	-2.09892E-03	6.17393E-04	-5.10016E-04	5.98924E-01	-6.17393E-01	5.10016E-01	1000010010	6.76299E+00	-1.29188E-02	1.17709E-02	-9.72372E-03	5.98924E-01	-6.17393E-01	5.10016E-01	PRIM
1.83818E-02	1000010010	2.34909E+01	-1.87998E-03	-7.67881E-04	5.15728E-04	3.79979E-01	7.67881E-01	-5.15728E-01	1000010010	2.34909E+01	-8.86470E-03	-1.48829E-02	9.99575E-03	3.79979E-01	7.67881E-01	-5.15728E-01	PRIM
1.76080E-02	1000010010	5.21978E+00	-2.42237E-03	-2.85409E-04	2.59957E-04	9.22461E-01	2.85437E-01	-2.59983E-01	1000010010	5.21978E+00	-1.86651E-02	-5.31140E-03	4.83774E-03	9.22461E-01	2.85437E-01	-2.59983E-01	PRIM
1.85250E-02	1000010010	5.11943E+00	-1.78211E-03	3.62966E-04	8.88072E-04	2.82106E-01	-3.62966E-01	-8.88072E-01	1000010010	5.11943E+00	-7.00812E-03	7.08690E-03	1.73396E-02	2.82106E-01	-3.62966E-01	-8.88072E-01	PRIM
1.76080E-02	1000010010	5.05606E+00	-2.42237E-03	-2.85409E-04	2.59957E-04	9.22461E-01	2.85437E-01	-2.59983E-01	1000010010	5.05606E+00	-1.86651E-02	-5.31140E-03	4.83774E-03	9.22461E-01	2.85437E-01	-2.59983E-01	PRIM
1.85584E-02	1000010010	1.15151E+01	-1.75936E-03	4.90694E-04	-8.31837E-04	2.59360E-01	-4.90694E-01	8.31837E-01	1000010010	1.15151E+01	-6.57267E-03	9.59720E-03	-1.62694E-02	2.59360E-01	-4.90694E-01	8.31837E-01	PRIM
1.99617E-02	1000010010	5.88028E+00	-8.37780E-04	-3.97316E-04	-6.35299E-04	-6.62220E-01	3.97316E-01	6.35299E-01	1000010010	5.88028E+00	1.23813E-02	-8.32843E-03	-1.33170E-02	-6.62220E-01	3.97316E-01	6.35299E-01	PRIM
1.98197E-02	1000010010	5.63999E+00	-9.28251E-04	-8.18934E-04	-4.95048E-05	-5.71749E-01	8.18934E-01	4.95048E-02	1000010010	5.63999E+00	1.04037E-02	-1.70500E-02	-1.03068E-03	-5.71749E-01	8.18934E-01	4.95048E-02	PRIM
1.87616E-02	1000010010	8.91721E+00	-1.62193E-03	-7.50858E-04	-6.49111E-04	1.21934E-01	7.50858E-01	6.49111E-01	1000010010	8.91721E+00	-3.90961E-03	-1.48382E-02	-1.28275E-02	1.21934E-01	7.50858E-01	6.49111E-01	PRIM
1.81287E-02	1000010010	8.99783E+00	-2.05485E-03	-8.16864E-04	1.57706E-04	5.54854E-01	8.16864E-01	-1.57706E-01	1000010010	8.99783E+00	-1.21137E-02	-1.56256E-02	3.01672E-03	5.54854E-01	8.16864E-01	-1.57706E-01	PRIM
1.88615E-02	1000010010	1.50141E+01	-1.55489E-03	-9.30363E-04	-3.62509E-04	5.48890E-02	9.30363E-01	3.62509E-01	1000010010	1.50141E+01	-2.59018E-03	-1.84784E-02	-7.19997E-03	5.48890E-02	9.30363E-01	3.62509E-01	PRIM
1.83645E-02	1000010010	6.39395E+00	-1.89191E-03	-8.70513E-04	-2.97680E-04	3.91910E-01	8.70513E-01	2.97680E-01	1000010010	6.39395E+00	-9.08912E-03	-1.68570E-02	-5.76441E-03	3.91910E-01	8.70513E-01	2.97680E-01	PRIM
1.88381E-02	1000010010	3.67248E+01	-1.57062E-03	-1.60794E-04	9.84357E-04	7.06234E-02	1.60810E-01	-9.84455E-01	1000010010	3.67248E+01	-2.90103E-03	-3.19015E-03	1.95296E-02	7.06234E-02	1.60810E-01	-9.84455E-01	PRIM
1.85680E-02	1000010010	9.22879E+01	-1.75283E-03	-1.20957E-04	-9.59920E-04	2.52831E-01	1.20957E-01	9.59920E-01	1000010010	9.22879E+01	-6.44741E-03	-2.36689E-03	-1.87837E-02	2.52831E-01	1.20957E-01	9.59920E-01	PRIM
1.97288E-02	1000010010	5.43840E+01	-9.86466E-04	-7.69434E-04	-3.79808E-04	-5.13534E-01	7.69434E-01	3.79808E-01	1000010010	5.43840E+01	9.14497E-03	-1.59495E-02	-7.87297E-03	-5.13534E-01	7.69434E-01	3.79808E-01	PRIM
1.90858E-02	1000010010	7.41090E+00	-1.40559E-03	-6.26540E-04	-7.73650E-04	-9.44091E-02	6.26540E-01	7.73650E-01	1000010010	7.41090E+00	3.96282E-04	-1.25846E-02	-1.55394E-02	-9.44091E-02	6.26540E-01	7.73650E-01	PRIM
2.00124E-02	1000010010	9.07435E+00	-8.05606E-04	-6.96144E-04	1.82210E-04	-6.94394E-01	6.96144E-01	-1.82210E-01	1000010010	9.07435E+00	1.30909E-02	-1.46277E-02	3.82868E-03	-6.94394E-01	6.96144E-01	-1.82210E-01	PRIM
1.84549E-02	1000010010	2.65393E+01	-1.82997E-03	8.50796E-04	4.08985E-04	3.29966E-01	-8.50796E-01	-4.08985E-01	1000010010	2.65393E+01	-7.91944E-03	1.65521E-02	7.95675E-03	3.29966E-01	-8.50796E-01	-4.08985E-01	PRIM
1.86049E-02	1000010010	1.01898E+01	-1.72783E-03	6.67108E-04	-7.09269E-04	2.27828E-01	-6.67108E-01	7.09269E-01	1000010010	1.01898E+01	-5.96653E-03	1.30785E-02	-1.39051E-02	2.27828E-01	-6.67108E-01	7.09269E-01	PRIM
1.91978E-02	1000010010	5.74459E+00	-1.33168E-03	2.57344E-05	-9.85396E-04	-1.68321E-01	-2.57344E-02	9.85396E-01	1000010010	5.74459E+00	1.89971E-03	5.19776E-04	-1.99028E-02	-1.68321E-01	-2.57344E-02	9.85396E-01	PRIM
1.86506E-02	1000010010	6.73669E+00	-1.69686E-03	-2.48365E-04	-9.48347E-04	1.96876E-01	2.48390E-01	9.48442E-01	1000010010	6.73669E+00	-5.36871E-03	-4.88099E-03	-1.86374E-02	1.96876E-01	2.48390E-01	9.48442E-01	PRIM
1.89722E-02	1000010010	1.69484E+01	-1.48097E-03	2.34662E-04	-9.71891E-04	-1.90308E-02	-2.34662E-01	9.71891E-01	1000010010	1.69484E+01	-1.11991E-03	4.68673E-03	-1.94108E-02	-1.90308E-02	-2.34662E-01	9.71891E-01	PRIM
2.01273E-02	1000010010	6.49892E+00	-7.33014E-04	6.32194E-04	1.09836E-04	-7.66986E-01	-6.32194E-01	-1.09836E-01	1000010010	6.49892E+00	1.47043E-02	1.33566E-02	2.32053E-03	-7.66986E-01	-6.32194E-01	-1.09836E-01	PRIM
1.94176E-02	1000010010	7.24465E+01	-1.18784E-03	5.27124E-04	-7.90252E-04	-3.12188E-01	-5.27177E-01	7.90331E-01	1000010010	7.24465E+01	4.87409E-03	1.07636E-02	-1.61365E-02	-3.12188E-01	-5.27177E-01	7.90331E-01	PRIM
1.80705E-02	1000010010	3.95296E+01	-2.09544E-03	-3.21449E-04	7.36291E-04	5.95438E-01	3.21449E-01	-7.36291E-01	1000010010	3.95296E+01	-1.28553E-02	-6.13020E-03	1.40414E-02	5.95438E-01	3.21449E-01	-7.36291E-01	PRIM
1.85145E-02	1000010010	5.31434E+00	-1.78926E-03	-3.45963E-04	-8.92546E-04	2.89260E-01	3.45963E-01	8.92546E-01	1000010010	5.31434E+00	-7.14476E-03	-6.75130E-03	-1.74176E-02	2.89260E-01	3.45963E-01	8.92546E-01	PRIM
1.88177E-02	1000010010	1.55048E+01	-1.58432E-03	2.86123E-04	-9.54371E-04	8.43235E-02	-2.86152E-01	9.54467E-01	1000010010	1.55048E+01	-3.17109E-03	5.67084E-03	-1.89152E-02	8.43235E-02	-2.86152E-01	9.54467E-01	PRIM
1.84520E-02	1000010010	6.17182E+00	-1.83194E-03	9.18402E-04	-2.15308E-04	3.31935E-01	-9.18402E-01	2.15308E-01	1000010010	6.17182E+00	-7.95680E-03	1.78647E-02	-4.18816E-03	3.31935E-01	-9.18402E-01	2.15308E-01	PRIM
1.89309E-02	1000010010	8.28454E+00	-1.50851E-03	-1.94427E-04	9.80880E-04	8.51341E-03	1.94427E-01	-9.80880E-01	1000010010	8.28454E+00	-1.66968E-03	-3.87510E-03	1.95498E-02	8.51341E-03	1.94427E-01	-9.80880E-01	PRIM
1.81606E-02	1000010010	9.04074E+00	-2.03271E-03	-5.96096E-04	6.00740E-04	5.32711E-01	5.96096E-01	-6.00740E-01	1000010010	9.04074E+00	-1.17071E-02	-1.14216E-02	1.15105E-02	5.32711E-01	5.96096E-01	-6.00740E-01	PRIM
1.89722E-02	1000010010	7.44750E+01	-1.48097E-03	2.34662E-04	-9.71891E-04	-1.90308E-02	-2.34662E-01	9.71891E-01	1000010010	7.44750E+01	-1.11991E-03	4.68673E-03	-1.94108E-02	-1.90308E-02	-2.34662E-01	9.71891E-01	PRIM
1.88381E-02	1000010010	3.91470E+01	-1.57062E-03	-1.60794E-04	9.84357E-04	7.06234E-02	1.60810E-01	-9.84455E-01	1000010010	3.91470E+01	-2.90103E-03	-3.19015E-03	1.95296E-02	7.06234E-02	1.60810E-01	-9.84455E-01	PRIM
1.84329E-02	1000010010	6.85435E+01	-1.84497E-03	-9.28049E-04	-1.40436E-04	3.44967E-01	9.28049E-01	1.40436E-01	1000010010	6.85435E+01	-8.20372E-03	-1.80347E-02	-2.72908E-03	3.44967E-01	9.28049E-01	1.40436E-01	PRIM
2.01986E-02	1000010010	1.06327E+01	-6.88158E-04	5.21973E-04	2.61642E-04	-8.11842E-01	-5.21973E-01	-2.61642E-01	1000010010	1.06327E+01	1.57099E-02	1.10651E-02	5.54644E-03	-8.11842E-01	-5.21973E-01	-2.61642E-01	PRIM
1.97978E-02	1000010010	7.53746E+01	-9.42286E-04	1.32889E-04	8.19326E-04	-5.57714E-01	-1.32889E-01	-8.19326E-01	1000010010	7.53746E+01	1.00992E-02	2.76380E-03	1.70402E-02	-5.57714E-01	-1.32889E-01	-8.19326E-01	PRIM
1.81614E-02	1000010010	2.49199E+01	-2.03215E-03	-3.13732E-04	7.86377E-04	5.32150E-01	3.13732E-01	-7.86377E-01	1000010010	2.49199E+01	-1.16967E-02	-6.01154E-03	1.50681E-02	5.32150E-01	3.13732E-01	-7.86377E-01	PRIM
2.02370E-02	1000010010	1.69190E+01	-6.64205E-04	-5.33074E-04	1.30684E-04	-8.35879E-01	5.33128E-01	-1.30697E-01	1000010010	1.69190E+01	1.62514E-02	-1.13220E-02	2.77559E-03	-8.35879E-01	5.33128E-01	-1.30697E-01	PRIM
1.96682E-02	1000010010	1.85050E+01	-1.02557E-03	4.66931E-04	-7.46121E-04	-4.74473E-01	-4.66978E-01	7.46195E-01	1000010010	1.85050E+01	8.30643E-03	9.65153E-03	-1.54224E-02	-4.74473E-01	-4.66978E-01	7.46195E-01	PRIM
1.92299E-02	1000010010	8.10845E+00	-1.31060E-03	-2.02278E-04	9.60735E-04	-1.89418E-01	2.02298E-01	-9.60831E-01	1000010010	8.10845E+00	2.33189E-03	-4.09246E-03	1.94374E-02	-1.89418E-01	2.02298E-01	-9.60831E-01	PRIM
2.04431E-02	1000010010	9.37563E+00	-5.35345E-04	1.27336E-04	-2.30708E-04	-9.64655E-01	-1.27336E-01	2.30708E-01	1000010010	9.37563E+00	1.91852E-02	2.73048E-03	-4.94708E-03	-9.64655E-01	-1.27336E-01	2.30708E-01	PRIM
1.92299E-02	1000010010	7.80378E+00	-1.31060E-03	-2.02278E-04	9.60735E-04	-1.89418E-01	2.02298E-01	-9.60831E-01	1000010010	7.80378E+00	2.33189E-03	-4.09246E-03	1.94374E-02	-1.89418E-01	2.02298E-01	-9.60831E-01	PRIM
1.90536E-02	1000010010	5.13555E+00	-1.42693E-03	-2.72827E-05	9.96954E-04	-7.30671E-02	2.72827E-02	-9.96954E-01	1000010010	5.13555E+00	-3.47428E-05	-5.47116E-04	1.99925E-02	-7.30671E-02	2.72827E-02	-9.96954E-01	PRIM
1.89722E-02	1000010010	6.10888E+00	-1.48097E-03	2.34662E-04	-9.71891E-04	-1.90308E-02	-2.34662E-01	9.71891E-01	1000010010	6.10888E+00	-1.11991E-03	4.68673E-03	-1.94108E-02	-1.90308E-02	-2.34662E-01	9.71891E-01	PRIM
1.86049E-02	1000010010	1.14866E+01	-1.72783E-03	6.67108E-04	-7.09269E-04	2.27828E-01	-6.67108E-01	7.09269E-01	1000010010	1.14866E+01	-5.96653E-03	1.30785E-02	-1.39051E-02	2.27828E-01	-6.67108E-01	7.09269E-01	PRIM
1.90479E-02	1000010010	1.02353E+01	-1.43070E-03	1.84171E-05	9.97426E-04	-6.92987E-02	-1.84171E-02	-9.97426E-01	1000010010	1.02353E+01	-1.10708E-04	3.69223E-04	1.99963E-02	-6.92987E-02	-1.84171E-02	-9.97426E-01	PRIM
1.95122E-02	1000010010	1.25978E+01	-1.12624E-03	-8.06884E-05	9.24009E-04	-3.73761E-01	8.06884E-02	-9.24009E-01	1000010010	1.25978E+01	6.16665E-03	-1.65510E-03	1.89534E-02	-3.73761E-01	8.06884E-02	-9.24009E-01	PRIM
1.91332E-02	1000010010	7.18426E+01	-1.37425E-03	2.20389E-05	-9.91817E-04	-1.25753E-01	-2.20389E-02	9.91817E-01	1000010010	7.18426E+01	1.03180E-03	4.43713E-04	-1.99684E-02	-1.25753E-01	-2.20389E-02	9.91817E-01	PRIM
1.90330E-02	1000010010	7.38493E+00	-1.44061E-03	-7.75257E-05	9.95220E-04	-5.93940E-02	7.75257E-02	-9.95220E-01	1000010010	7.38493E+00	-3.10163E-04	-1.55307E-03	1.99372E-02	-5.93940E-02	7.75257E-02	-9.95220E-01	PRIM
1.89336E-02	1000010010	6.49071E+00	-1.50671E-03	-1.46779E-04	9.89147E-04	6.70819E-03	1.46779E-01	-9.89147E-01	1000010010	6.49071E+00	-1.63372E-03	-2.92584E-03	1.97173E-02	6.70819E-03	1.46779E-01	-9.89147E-01	PRIM
1.79856E-02	1000010010	6.25608E+00	-2.15480E-03	7.27821E-04	-2.03735E-04	6.54804E-01	-7.27821E-01	2.03735E-01	1000010010	6.25608E+00	-1.39319E-02	1.38181E-02	-3.86804E-03	6.54804E-01	-7.27821E-01	2.03735E-01	PRIM
1.94092E-02	1000010010	1.19839E+01	-1.19319E-03	-1.60950E-04	9.38064E-04	-3.06809E-01	1.60950E-01	-9.38064E-01	1000010010	1.19839E+01	4.76172E-03	-3.28486E-03	1.91451E-02	-3.06809E-01	1.60950E-01	-9.38064E-01	PRIM
1.95520E-02	1000010010	8.91131E+00	-1.10048E-03	6.17865E-04	6.77221E-04	-3.99518E-01	-6.17865E-01	-6.77221E-01	1000010010	8.91131E+00	6.71088E-03	1.26983E-02	1.39182E-02	-3.99518E-01	-6.17865E-01	-6.77221E-01	PRIM
1.85715E-02	1000010010	1.62581E+01	-1.75045E-03	2.77243E-04	9.27583E-04	2.50451E-01	-2.77243E-01	-9.27583E-01	1000010010	1.62581E+01	-6.40171E-03	5.42607E-03	1.81542E-02	2.50451E-01	-2.77243E-01	-9.27583E-01	PRIM
1.79856E-02	1000010010	8.18771E+00	-2.15480E-03	7.27821E-04	-2.03735E-04	6.54804E-01	-7.27821E-01	2.03735E-01	1000010010	8.18771E+00	-1.39319E-02	1.38181E-02	-3.86804E-03	6.54804E-01	-7.27821E-01	2.03735E-01	PRIM
1.92172E-02	1000010010	7.65778E+00	-1.31888E-03	3.27741E-04	-9.27243E-04	-1.81124E-01	-3.27741E-01	9.27243E-01	1000010010	7.65778E+00	2.16182E-03	6.62601E-03	-1.87463E-02	-1.81124E-01	-3.27741E-01	9.27243E-01	PRIM
1.83645E-02	1000010010	6.06636E+00	-1.89191E-03	-8.70513E-04	-2.97680E-04	3.91910E-01	8.70513E-01	2.97680E-01	1000010010	6.06636E+00	-9.08912E-03	-1.68570E-02	-5.76441E-03	3.91910E-01	8.70513E-01	2.97680E-01	PRIM
1.85680E-02	1000010010	7.32814E+00	-1.75283E-03	-1.20957E-04	-9.59920E-04	2.52831E-01	1.20957E-01	9.59920E-01	1000010010	7.32814E+00	-6.44741E-03	-2.36689E-03	-1.87837E-02	2.52831E-01	1.20957E-01	9.59920E-01	PRIM
1.83798E-02	1000010010	5.14341E+00	-1.88142E-03	-2.21033E-04	8.97477E-04	3.81456E-01	2.21055E-01	-8.97566E-01	1000010010	5.14341E+00	-8.89251E-03	-4.28399E-03	1.73946E-02	3.81456E-01	2.21055E-01	-8.97566E-01	PRIM
1.82885E-02	1000010010	6.63921E+00	-1.94420E-03	7.86170E-04	4.29444E-04	4.44246E-01	-7.86248E-01	-4.29487E-01	1000010010	6.63921E+00	-1.00688E-02	1.51655E-02	8.28413E-03	4.44246E-01	-7.86248E-01	-4.29487E-01	PRIM
1.91332E-02	1000010010	9.45015E+00	-1.37425E-03	2.20389E-05	-9.91817E-04	-1.25753E-01	-2.20389E-02	9.91817E-01	1000010010	9.45015E+00	1.03180E-03	4.43713E-04	-1.99684E-02	-1.25753E-01	-2.20389E-02	9.91817E-01	PRIM
1.77977E-02	1000010010	1.13615E+01	-2.28726E-03	-2.77928E-04	5.50258E-04	7.87335E-01	2.77956E-01	-5.50313E-01	1000010010	1.13615E+01	-1.63000E-02	-5.22490E-03	1.03446E-02	7.87335E-01	2.77956E-01	-5.50313E-01	PRIM
1.90874E-02	1000010010	5.11146E+00	-1.40452E-03	1.93138E-04	-9.76515E-04	-9.54828E-02	-1.93138E-01	9.76515E-01	1000010010	5.11146E+00	4.18002E-04	3.87964E-03	-1.96156E-02	-9.54828E-02	-1.93138E-01	9.76515E-01	PRIM
1.98780E-02	1000010010	7.91405E+01	-8.91067E-04	-4.42843E-04	-6.58096E-04	-6.08933E-01	4.42843E-01	6.58096E-01	1000010010	7.91405E+01	1.12133E-02	-9.24567E-03	-1.37397E-02	-6.08933E-01	4.42843E-01	6.58096E-01	PRIM
1.90922E-02	1000010010	6.90275E+00	-1.40132E-03	-8.05803E-04	-5.83905E-04	-9.86753E-02	8.05803E-01	5.83905E-01	1000010010	6.90275E+00	4.82606E-04	-1.61904E-02	-1.17319E-02	-9.86753E-02	8.05803E-01	5.83905E-01	PRIM
1.86173E-02	1000010010	7.97102E+00	-1.71941E-03	6.28159E-04	7.46508E-04	2.19415E-01	-6.28159E-01	-7.46508E-01	1000010010	7.97102E+00	-5.80431E-03	1.23228E-02	1.46444E-02	2.19415E-01	-6.28159E-01	-7.46508E-01	PRIM
1.99617E-02	1000010010	5.17684E+00	-8.37780E-04	-3.97316E-04	-6.35299E-04	-6.62220E-01	3.97316E-01	6.35299E-01	1000010010	5.17684E+00	1.23813E-02	-8.32843E-03	-1.33170E-02	-6.62220E-01	3.97316E-01	6.35299E-01	PRIM
1.84329E-02	1000010010	6.43636E+00	-1.84497E-03	-9.28049E-04	-1.40436E-04	3.44967E-01	9.28049E-01	1.40436E-01	1000010010	6.43636E+00	-8.20372E-03	-1.80347E-02	-2.72908E-03	3.44967E-01	9.28049E-01	1.40436E-01	PRIM
1.89022E-02	1000010010	8.97463E+00	-1.52767E-03	2.12141E-05	-9.99392E-04	2.76707E-02	-2.12141E-02	9.99392E-01	1000010010	8.97463E+00	-2.05071E-03	4.22208E-04	-1.98901E-02	2.76707E-02	-2.12141E-02	9.99392E-01	PRIM
1.96914E-02	1000010010	5.59043E+00	-1.01052E-03	7.87632E-04	-3.74226E-04	-4.89479E-01	-7.87632E-01	3.74226E-01	1000010010	5.59043E+00	8.62801E-03	1.62972E-02	-7.74327E-03	-4.89479E-01	-7.87632E-01	3.74226E-01	PRIM
1.80705E-02	1000010010	6.90690E+00	-2.09544E-03	-3.21449E-04	7.36291E-04	5.95438E-01	3.21449E-01	-7.36291E-01	1000010010	6.90690E+00	-1.28553E-02	-6.13020E-03	1.40414E-02	5.95438E-01	3.21449E-01	-7.36291E-01	PRIM
1.89585E-02	1000010010	6.66679E+00	-1.49012E-03	8.77301E-04	4.79839E-04	-9.88477E-03	-8.77301E-01	-4.79839E-01	1000010010	6.66679E+00	-1.30271E-03	1.75096E-02	9.57687E-03	-9.88477E-03	-8.77301E-01	-4.79839E-01	PRIM
1.93633E-02	1000010010	6.50893E+00	-1.22314E-03	-8.45709E-04	-4.56208E-04	-2.76858E-01	8.45709E-01	4.56208E-01	1000010010	6.50893E+00	4.13773E-03	-1.72214E-02	-9.28990E-03	-2.76858E-01	8.45709E-01	4.56208E-01	PRIM
1.83061E-02	1000010010	7.34394E+00	-1.93210E-03	-6.39929E-04	-6.35440E-04	4.32095E-01	6.39929E-01	6.35440E-01	1000010010	7.34394E+00	-9.84205E-03	-1.23545E-02	-1.22678E-02	4.32095E-01	6.39929E-01	6.35440E-01	PRIM
1.75790E-02	1000010010	5.29718E+00	-2.44320E-03	-3.26655E-04	6.05933E-05	9.43199E-01	3.26655E-01	-6.05933E-02	1000010010	5.29718E+00	-1.90237E-02	-6.06893E-03	1.12576E-03	9.43199E-01	3.26655E-01	-6.05933E-02	PRIM
1.96822E-02	1000010010	1.02771E+01	-1.01643E-03	2.81324E-04	-8.28867E-04	-4.83567E-01	-2.81324E-01	8.28867E-01	1000010010	1.02771E+01	8.50123E-03	5.81840E-03	-1.71428E-02	-4.83567E-01	-2.81324E-01	8.28867E-01	PRIM
1.83818E-02	1000010010	5.39459E+00	-1.87998E-03	-7.67881E-04	5.15728E-04	3.79979E-01	7.67881E-01	-5.15728E-01	1000010010	5.39459E+00	-8.86470E-03	-1.48829E-02	9.99575E-03	3.79979E-01	7.67881E-01	-5.15728E-01	PRIM
1.86558E-02	1000010010	5.06058E+00	-1.69335E-03	7.01171E-04	6.86275E-04	1.93352E-01	-7.01171E-01	-6.86275E-01	1000010010	5.06058E+00	-5.30048E-03	1.37820E-02	1.34893E-02	1.93352E-01	-7.01171E-01	-6.86275E-01	PRIM
1.94746E-02	1000010010	5.94188E+00	-1.15065E-03	-7.24824E-04	5.93790E-04	-3.49347E-01	7.24824E-01	-5.93790E-01	1000010010	5.94188E+00	5.65274E-03	-1.48405E-02	1.21576E-02	-3.49347E-01	7.24824E-01	-5.93790E-01	PRIM
1.90922E-02	1000010010	1.05132E+01	-1.40132E-03	-8.05803E-04	-5.83905E-04	-9.86753E-02	8.05803E-01	5.83905E-01	1000010010	1.05132E+01	4.82606E-04	-1.61904E-02	-1.17319E-02	-9.86753E-02	8.05803E-01	5.83905E-01	PRIM
1.93974E-02	1000010010	5.18518E+00	-1.20088E-03	4.50684E-04	8.41076E-04	-2.99124E-01	-4.50684E-01	-8.41076E-01	1000010010	5.18518E+00	4.60136E-03	9.19278E-03	1.71558E-02	-2.99124E-01	-4.50684E-01	-8.41076E-01	PRIM
1.92299E-02	1000010010	5.23970E+00	-1.31060E-03	-2.02278E-04	9.60735E-04	-1.89418E-01	2.02298E-01	-9.60831E-01	1000010010	5.23970E+00	2.33189E-03	-4.09246E-03	1.94374E-02	-1.89418E-01	2.02298E-01	-9.60831E-01	PRIM
1.85715E-02	1000010010	6.08283E+00	-1.75045E-03	2.77243E-04	9.27583E-04	2.50451E-01	-2.77243E-01	-9.27583E-01	1000010010	6.08283E+00	-6.40171E-03	5.42607E-03	1.81542E-02	2.50451E-01	-2.77243E-01	-9.27583E-01	PRIM
1.93352E-02	1000010010	8.19605E+00	-1.24152E-03	-9.58013E-04	1.24098E-04	-2.58479E-01	9.58013E-01	-1.24098E-01	1000010010	8.19605E+00	3.75622E-03	-1.94813E-02	2.52354E-03	-2.58479E-01	9.58013E-01	-1.24098E-01	PRIM
1.97346E-02	1000010010	1.13441E+01	-9.82778E-04	4.89534E-04	7.02024E-04	-5.17222E-01	-4.89534E-01	-7.02024E-01	1000010010	1.13441E+01	9.22438E-03	1.01503E-02	1.45562E-02	-5.17222E-01	-4.89534E-01	-7.02024E-01	PRIM
1.91163E-02	1000010010	5.74007E+00	-1.38543E-03	9.85990E-04	-1.21227E-04	-1.14574E-01	-9.85990E-01	1.21227E-01	1000010010	5.74007E+00	8.04805E-04	1.98344E-02	-2.43864E-03	-1.14574E-01	-9.85990E-01	1.21227E-01	PRIM
1.82748E-02	1000010010	1.93604E+01	-1.95365E-03	7.81744E-05	-8.87631E-04	4.53696E-01	-7.81822E-02	8.87720E-01	1000010010	1.93604E+01	-1.02449E-02	1.50694E-03	-1.71106E-02	4.53696E-01	-7.81822E-02	8.87720E-01	PRIM
1.80950E-02	1000010010	7.66868E+00	-2.07835E-03	-3.39863E-05	8.15083E-04	5.78346E-01	3.39863E-02	-8.15083E-01	1000010010	7.66868E+00	-1.25435E-02	-6.48970E-04	1.55640E-02	5.78346E-01	3.39863E-02	-8.15083E-01	PRIM
1.89274E-02	1000010010	1.16176E+01	-1.51088E-03	8.80817E-04	4.73333E-04	1.08751E-02	-8.80817E-01	-4.73333E-01	1000010010	1.16176E+01	-1.71671E-03	1.75524E-02	9.43227E-03	1.08751E-02	-8.80817E-01	-4.73333E-01	PRIM
1.95904E-02	1000010010	1.54869E+01	-1.07563E-03	-8.07933E-04	4.08844E-04	-4.24372E-01	8.07933E-01	-4.08844E-01	1000010010	1.54869E+01	7.23798E-03	-1.66356E-02	8.41826E-03	-4.24372E-01	8.07933E-01	-4.08844E-01	PRIM
1.86004E-02	1000010010	5.90171E+01	-1.73084E-03	4.92852E-04	-8.38933E-04	2.30844E-01	-4.92852E-01	8.38933E-01	1000010010	5.90171E+01	-6.02465E-03	9.66010E-03	-1.64434E-02	2.30844E-01	-4.92852E-01	8.38933E-01	PRIM
1.89585E-02	1000010010	5.59412E+00	-1.49012E-03	8.77301E-04	4.79839E-04	-9.88477E-03	-8.77301E-01	-4.79839E-01	1000010010	5.59412E+00	-1.30271E-03	1.75096E-02	9.57687E-03	-9.88477E-03	-8.77301E-01	-4.79839E-01	PRIM
2.02370E-02	1000010010	6.18025E+00	-6.64205E-04	-5.33074E-04	1.30684E-04	-8.35879E-01	5.33128E-01	-1.30697E-01	1000010010	6.18025E+00	1.62514E-02	-1.13220E-02	2.77559E-03	-8.35879E-01	5.33128E-01	-1.30697E-01	PRIM
1.95698E-02	1000010010	1.20865E+01	-1.08892E-03	-4.90302E-04	7.68519E-04	-4.11076E-01	4.90302E-01	-7.68519E-01	1000010010	1.20865E+01	6.95576E-03	-1.00854E-02	1.58083E-02	-4.11076E-01	4.90302E-01	-7.68519E-01	PRIM
1.96006E-02	1000010010	5.83350E+00	-1.06903E-03	9.64966E-05	8.97190E-04	-4.30974E-01	-9.64966E-02	-8.97190E-01	1000010010	5.83350E+00	7.37833E-03	1.98789E-03	1.84827E-02	-4.30974E-01	-9.64966E-02	-8.97190E-01	PRIM
1.76165E-02	1000010010	6.29394E+00	-2.41629E-03	1.33210E-04	-3.77707E-04	9.16293E-01	-1.33210E-01	3.77707E-01	1000010010	6.29394E+00	-1.85582E-02	2.47991E-03	-7.03160E-03	9.16293E-01	-1.33210E-01	3.77707E-01	PRIM
1.91918E-02	1000010010	7.18326E+00	-1.33561E-03	-2.03707E-04	9.65132E-04	-1.64389E-01	2.03707E-01	-9.65132E-01	1000010010	7.18326E+00	1.81930E-03	-4.11321E-03	1.94877E-02	-1.64389E-01	2.03707E-01	-9.65132E-01	PRIM
1.80950E-02	1000010010	4.08774E+01	-2.07835E-03	-3.39863E-05	8.15083E-04	5.78346E-01	3.39863E-02	-8.15083E-01	1000010010	4.08774E+01	-1.25435E-02	-6.48970E-04	1.55640E-02	5.78346E-01	3.39863E-02	-8.15083E-01	PRIM
1.93087E-02	1000010010	8.80186E+00	-1.25885E-03	3.20367E-04	9.16085E-04	-2.41148E-01	-3.20367E-01	-9.16085E-01	1000010010	8.80186E+00	3.39740E-03	6.50623E-03	1.86045E-02	-2.41148E-01	-3.20367E-01	-9.16085E-01	PRIM
1.93087E-02	1000010010	9.44560E+00	-1.25885E-03	3.20367E-04	9.16085E-04	-2.41148E-01	-3.20367E-01	-9.16085E-01	1000010010	9.44560E+00	3.39740E-03	6.50623E-03	1.86045E-02	-2.41148E-01	-3.20367E-01	-9.16085E-01	PRIM
1.99536E-02	1000010010	1.26868E+01	-8.42954E-04	-3.66971E-04	-6.58501E-04	-6.57046E-01	3.66971E-01	6.58501E-01	1000010010	1.26868E+01	1.22675E-02	-7.68935E-03	-1.37980E-02	-6.57046E-01	3.66971E-01	6.58501E-01	PRIM
1.76080E-02	1000010010	1.82834E+02	-2.42237E-03	-2.85409E-04	2.59957E-04	9.22461E-01	2.85437E-01	-2.59983E-01	1000010010	1.82834E+02	-1.86651E-02	-5.31140E-03	4.83774E-03	9.22461E-01	2.85437E-01	-2.59983E-01	PRIM
1.84670E-02	1000010010	7.79486E+00	-1.82165E-03	6.91315E-05	9.44331E-04	3.21651E-01	-6.91315E-02	-9.44331E-01	1000010010	7.79486E+00	-7.76158E-03	1.34578E-03	1.83833E-02	3.21651E-01	-6.91315E-02	-9.44331E-01	PRIM
2.00865E-02	1000010010	9.20558E+00	-7.58875E-04	5.98477E-04	3.03906E-04	-7.41200E-01	-5.98536E-01	-3.03936E-01	1000010010	9.20558E+00	1.41293E-02	1.26210E-02	6.40894E-03	-7.41200E-01	-5.98536E-01	-3.03936E-01	PRIM
1.90866E-02	1000010010	5.82585E+00	-1.40503E-03	5.58765E-04	-8.23871E-04	-9.49667E-02	-5.58765E-01	8.23871E-01	1000010010	5.82585E+00	4.07560E-04	1.12237E-02	-1.65488E-02	-9.49667E-02	-5.58765E-01	8.23871E-01	PRIM
1.99900E-02	1000010010	5.09642E+00	-8.19816E-04	3.58761E-04	6.39250E-04	-6.80184E-01	-3.58761E-01	-6.39250E-01	1000010010	5.09642E+00	1.27771E-02	7.53040E-03	1.34179E-02	-6.80184E-01	-3.58761E-01	-6.39250E-01	PRIM
1.90168E-02	1000010010	5.67512E+00	-1.45136E-03	-6.13009E-05	9.96933E-04	-4.86409E-02	6.13009E-02	-9.96933E-01	1000010010	5.67512E+00	-5.26367E-04	-1.22705E-03	1.99554E-02	-4.86409E-02	6.13009E-02	-9.96933E-01	PRIM
1.96807E-02	1000010010	5.60338E+00	-1.01738E-03	-3.92682E-04	-7.82866E-04	-4.82619E-01	3.92682E-01	7.82866E-01	1000010010	5.60338E+00	8.48091E-03	-8.12096E-03	-1.61903E-02	-4.82619E-01	3.92682E-01	7.82866E-01	PRIM
1.88381E-02	1000010010	5.08825E+00	-1.57062E-03	-1.60794E-04	9.84357E-04	7.06234E-02	1.60810E-01	-9.84455E-01	1000010010	5.08825E+00	-2.90103E-03	-3.19015E-03	1.95296E-02	7.06234E-02	1.60810E-01	-9.84455E-01	PRIM
1.83645E-02	1000010010	2.18103E+01	-1.89191E-03	-8.70513E-04	-2.97680E-04	3.91910E-01	8.70513E-01	2.97680E-01	1000010010	2.18103E+01	-9.08912E-03	-1.68570E-02	-5.76441E-03	3.91910E-01	8.70513E-01	2.97680E-01	PRIM
1.80384E-02	1000010010	9.14039E+00	-2.11783E-03	6.66151E-04	4.17759E-04	6.17835E-01	-6.66151E-01	-4.17759E-01	1000010010	9.14039E+00	-1.32626E-02	1.26825E-02	7.95348E-03	6.17835E-01	-6.66151E-01	-4.17759E-01	PRIM
1.90615E-02	1000010010	5.18603E+00	-1.42166E-03	-1.67769E-05	9.96785E-04	-7.83446E-02	1.67769E-02	-9.96785E-01	1000010010	5.18603E+00	7.17128E-05	-3.36570E-04	1.99970E-02	-7.83446E-02	1.67769E-02	-9.96785E-01	PRIM
2.03533E-02	1000010010	6.16714E+00	-5.91240E-04	4.07946E-04	8.79567E-05	-9.08760E-01	-4.07946E-01	-8.79567E-02	1000010010	6.16714E+00	1.79051E-02	8.71101E-03	1.87817E-03	-9.08760E-01	-4.07946E-01	-8.79567E-02	PRIM
1.86531E-02	1000010010	5.07132E+00	-1.69512E-03	-4.00437E-04	8.95309E-04	1.95124E-01	4.00437E-01	-8.95309E-01	1000010010	5.07132E+00	-5.33479E-03	-7.86983E-03	1.75956E-02	1.95124E-01	4.00437E-01	-8.95309E-01	PRIM
1.88177E-02	1000010010	5.67846E+00	-1.58432E-03	2.86123E-04	-9.54371E-04	8.43235E-02	-2.86152E-01	9.54467E-01	1000010010	5.67846E+00	-3.17109E-03	5.67084E-03	-1.89152E-02	8.43235E-02	-2.86152E-01	9.54467E-01	PRIM
1.91918E-02	1000010010	1.15724E+01	-1.33561E-03	-2.03707E-04	9.65132E-04	-1.64389E-01	2.03707E-01	-9.65132E-01	1000010010	1.15724E+01	1.81930E-03	-4.11321E-03	1.94877E-02	-1.64389E-01	2.03707E-01	-9.65132E-01	PRIM
1.89309E-02	1000010010	2.08284E+01	-1.50851E-03	-1.94427E-04	9.80880E-04	8.51341E-03	1.94427E-01	-9.80880E-01	1000010010	2.08284E+01	-1.66968E-03	-3.87510E-03	1.95498E-02	8.51341E-03	1.94427E-01	-9.80880E-01	PRIM
1.91704E-02	1000010010	3.69382E+01	-1.34976E-03	-9.34513E-04	-3.22355E-04	-1.50255E-01	9.34607E-01	3.22388E-01	1000010010	3.69382E+01	1.53069E-03	-1.88513E-02	-6.50266E-03	-1.50255E-01	9.34607E-01	3.22388E-01	PRIM
1.91615E-02	1000010010	8.40824E+00	-1.35553E-03	-6.43879E-04	-7.51365E-04	-1.44466E-01	6.43879E-01	7.51365E-01	1000010010	8.40824E+00	1.41267E-03	-1.29816E-02	-1.51487E-02	-1.44466E-01	6.43879E-01	7.51365E-01	PRIM
1.81606E-02	1000010010	7.56607E+00	-2.03271E-03	-5.96096E-04	6.00740E-04	5.32711E-01	5.96096E-01	-6.00740E-01	1000010010	7.56607E+00	-1.17071E-02	-1.14216E-02	1.15105E-02	5.32711E-01	5.96096E-01	-6.00740E-01	PRIM
1.76676E-02	1000010010	5.76517E+00	-2.37976E-03	4.58350E-04	1.26261E-04	8.79758E-01	-4.58350E-01	-1.26261E-01	1000010010	5.76517E+00	-1.79230E-02	8.55631E-03	2.35700E-03	8.79758E-01	-4.58350E-01	-1.26261E-01	PRIM
1.89336E-02	1000010010	5.47911E+00	-1.50671E-03	-1.46779E-04	9.89147E-04	6.70819E-03	1.46779E-01	-9.89147E-01	1000010010	5.47911E+00	-1.63372E-03	-2.92584E-03	1.97173E-02	6.70819E-03	1.46779E-01	-9.89147E-01	PRIM
1.86048E-02	1000010010	1.33432E+01	-1.72789E-03	-7.24866E-04	6.50105E-04	2.27885E-01	7.24866E-01	-6.50105E-01	1000010010	1.33432E+01	-5.96764E-03	-1.42108E-02	1.27452E-02	2.27885E-01	7.24866E-01	-6.50105E-01	PRIM
1.98909E-02	1000010010	1.75316E+01	-8.82848E-04	-5.03710E-04	-6.04483E-04	-6.17152E-01	5.03710E-01	6.04483E-01	1000010010	1.75316E+01	1.13929E-02	-1.05229E-02	-1.26282E-02	-6.17152E-01	5.03710E-01	6.04483E-01	PRIM
1.96807E-02	1000010010	1.35768E+01	-1.01738E-03	-3.92682E-04	-7.82866E-04	-4.82619E-01	3.92682E-01	7.82866E-01	1000010010	1.35768E+01	8.48091E-03	-8.12096E-03	-1.61903E-02	-4.82619E-01	3.92682E-01	7.82866E-01	PRIM
1.86173E-02	1000010010	7.58189E+00	-1.71941E-03	6.28159E-04	7.46508E-04	2.19415E-01	-6.28159E-01	-7.46508E-01	1000010010	7.58189E+00	-5.80431E-03	1.23228E-02	1.46444E-02	2.19415E-01	-6.28159E-01	-7.46508E-01	PRIM
1.78739E-02	1000010010	9.20737E+00	-2.23341E-03	-6.65159E-04	-1.40242E-04	7.33414E-01	6.65159E-01	1.40242E-01	1000010010	9.20737E+00	-1.53424E-02	-1.25541E-02	-2.64691E-03	7.33414E-01	6.65159E-01	1.40242E-01	PRIM
1.79571E-02	1000010010	7.97254E+00	-2.17480E-03	5.17118E-04	-5.26536E-04	6.74796E-01	-5.17118E-01	5.26536E-01	1000010010	7.97254E+00	-1.42922E-02	9.80309E-03	-9.98161E-03	6.74796E-01	-5.17118E-01	5.26536E-01	PRIM
1.98780E-02	1000010010	7.56761E+00	-8.91067E-04	-4.42843E-04	-6.58096E-04	-6.08933E-01	4.42843E-01	6.58096E-01	1000010010	7.56761E+00	1.12133E-02	-9.24567E-03	-1.37397E-02	-6.08933E-01	4.42843E-01	6.58096E-01	PRIM
2.02691E-02	1000010010	6.73881E+00	-6.43915E-04	-3.36937E-04	-3.91907E-04	-8.56085E-01	3.36937E-01	3.91907E-01	1000010010	6.73881E+00	1.67082E-02	-7.16635E-03	-8.33550E-03	-8.56085E-01	3.36937E-01	3.91907E-01	PRIM
1.80705E-02	1000010010	7.83665E+00	-2.09544E-03	-3.21449E-04	7.36291E-04	5.95438E-01	3.21449E-01	-7.36291E-01	1000010010	7.83665E+00	-1.28553E-02	-6.13020E-03	1.40414E-02	5.95438E-01	3.21449E-01	-7.36291E-01	PRIM
1.94366E-02	1000010010	5.54769E+00	-1.17544E-03	7.43927E-04	5.83978E-04	-3.24595E-01	-7.44002E-01	-5.84037E-01	1000010010	5.54769E+00	5.13359E-03	1.52048E-02	1.19357E-02	-3.24595E-01	-7.44002E-01	-5.84037E-01	PRIM
1.83645E-02	1000010010	5.40711E+01	-1.89191E-03	-8.70513E-04	-2.97680E-04	3.91910E-01	8.70513E-01	2.97680E-01	1000010010	5.40711E+01	-9.08912E-03	-1.68570E-02	-5.76441E-03	3.91910E-01	8.70513E-01	2.97680E-01	PRIM
1.93633E-02	1000010010	6.59569E+00	-1.22314E-03	-8.45709E-04	-4.56208E-04	-2.76858E-01	8.45709E-01	4.56208E-01	1000010010	6.59569E+00	4.13773E-03	-1.72214E-02	-9.28990E-03	-2.76858E-01	8.45709E-01	4.56208E-01	PRIM
1.99536E-02	1000010010	7.69679E+00	-8.42954E-04	-3.66971E-04	-6.58501E-04	-6.57046E-01	3.66971E-01	6.58501E-01	1000010010	7.69679E+00	1.22675E-02	-7.68935E-03	-1.37980E-02	-6.57046E-01	3.66971E-01	6.58501E-01	PRIM
1.99653E-02	1000010010	1.13566E+01	-8.35524E-04	4.73974E-04	-5.77771E-04	-6.64476E-01	-4.73974E-01	5.77771E-01	1000010010	1.13566E+01	1.24309E-02	9.93700E-03	-1.21131E-02	-6.64476E-01	-4.73974E-01	5.77771E-01	PRIM
1.86173E-02	1000010010	5.09113E+00	-1.71941E-03	6.28159E-04	7.46508E-04	2.19415E-01	-6.28159E-01	-7.46508E-01	1000010010	5.09113E+00	-5.80431E-03	1.23228E-02	1.46444E-02	2.19415E-01	-6.28159E-01	-7.46508E-01	PRIM
1.81606E-02	1000010010	2.60365E+01	-2.03271E-03	-5.96096E-04	6.00740E-04	5.32711E-01	5.96096E-01	-6.00740E-01	1000010010	2.60365E+01	-1.17071E-02	-1.14216E-02	1.15105E-02	5.32711E-01	5.96096E-01	-6.00740E-01	PRIM
1.90866E-02	1000010010	8.65741E+00	-1.40503E-03	5.58765E-04	-8.23871E-04	-9.49667E-02	-5.58765E-01	8.23871E-01	1000010010	8.65741E+00	4.07560E-04	1.12237E-02	-1.65488E-02	-9.49667E-02	-5.58765E-01	8.23871E-01	PRIM
1.88372E-02	1000010010	6.94612E+00	-1.57119E-03	-1.55205E-04	-9.85314E-04	7.11869E-02	1.55205E-01	9.85314E-01	1000010010	6.94612E+00	-2.91215E-03	-3.07882E-03	-1.95458E-02	7.11869E-02	1.55205E-01	9.85314E-01	PRIM
1.91931E-02	1000010010	8.71357E+00	-1.33473E-03	9.02172E-05	-9.82113E-04	-1.65272E-01	-9.02172E-02	9.82113E-01	1000010010	8.71357E+00	1.83736E-03	1.82177E-03	-1.98319E-02	-1.65272E-01	-9.02172E-02	9.82113E-01	PRIM
1.99900E-02	1000010010	6.60956E+00	-8.19816E-04	3.58761E-04	6.39250E-04	-6.80184E-01	-3.58761E-01	-6.39250E-01	1000010010	6.60956E+00	1.27771E-02	7.53040E-03	1.34179E-02	-6.80184E-01	-3.58761E-01	-6.39250E-01	PRIM
1.78739E-02	1000010010	9.10634E+00	-2.23341E-03	-6.65159E-04	-1.40242E-04	7.33414E-01	6.65159E-01	1.40242E-01	1000010010	9.10634E+00	-1.53424E-02	-1.25541E-02	-2.64691E-03	7.33414E-01	6.65159E-01	1.40242E-01	PRIM
1.95698E-02	1000010010	2.15267E+01	-1.08892E-03	-4.90302E-04	7.68519E-04	-4.11076E-01	4.90302E-01	-7.68519E-01	1000010010	2.15267E+01	6.95576E-03	-1.00854E-02	1.58083E-02	-4.11076E-01	4.90302E-01	-7.68519E-01	PRIM
1.95904E-02	1000010010	7.02799E+00	-1.07563E-03	-8.07933E-04	4.08844E-04	-4.24372E-01	8.07933E-01	-4.08844E-01	1000010010	7.02799E+00	7.23798E-03	-1.66356E-02	8.41826E-03	-4.24372E-01	8.07933E-01	-4.08844E-01	PRIM
1.95698E-02	1000010010	6.25484E+00	-1.08892E-03	-4.90302E-04	7.68519E-04	-4.11076E-01	4.90302E-01	-7.68519E-01	1000010010	6.25484E+00	6.95576E-03	-1.00854E-02	1.58083E-02	-4.11076E-01	4.90302E-01	-7.68519E-01	PRIM
2.03109E-02	1000010010	7.54400E+00	-6.17739E-04	-1.16662E-04	-4.56075E-04	-8.82261E-01	1.16662E-01	4.56075E-01	1000010010	7.54400E+00	1.73018E-02	-2.48618E-03	-9.71939E-03	-8.82261E-01	1.16662E-01	4.56075E-01	PRIM
1.76676E-02	1000010010	5.56125E+00	-2.37976E-03	4.58350E-04	1.26261E-04	8.79758E-01	-4.58350E-01	-1.26261E-01	1000010010	5.56125E+00	-1.79230E-02	8.55631E-03	2.35700E-03	8.79758E-01	-4.58350E-01	-1.26261E-01	PRIM
1.89309E-02	1000010010	5.24080E+00	-1.50851E-03	-1.94427E-04	9.80880E-04	8.51341E-03	1.94427E-01	-9.80880E-01	1000010010	5.24080E+00	-1.66968E-03	-3.87510E-03	1.95498E-02	8.51341E-03	1.94427E-01	-9.80880E-01	PRIM
1.92326E-02	1000010010	5.07109E+00	-1.30874E-03	-1.06971E-04	-9.75694E-04	-1.91256E-01	1.06971E-01	9.75694E-01	1000010010	5.07109E+00	2.36961E-03	-2.16430E-03	-1.97408E-02	-1.91256E-01	1.06971E-01	9.75694E-01	PRIM
1.87979E-02	1000010010	6.94743E+00	-1.59756E-03	1.24923E-04	9.87257E-04	9.75732E-02	-1.24935E-01	-9.87355E-01	1000010010	6.94743E+00	-3.43174E-03	2.47345E-03	1.95475E-02	9.75732E-02	-1.24935E-01	-9.87355E-01	PRIM
1.84529E-02	1000010010	2.58967E+01	-1.83129E-03	6.13974E-04	-7.16439E-04	3.31288E-01	-6.13974E-01	7.16439E-01	1000010010	2.58967E+01	-7.94452E-03	1.19436E-02	-1.39368E-02	3.31288E-01	-6.13974E-01	7.16439E-01	PRIM
1.97978E-02	1000010010	8.59289E+00	-9.42286E-04	1.32889E-04	8.19326E-04	-5.57714E-01	-1.32889E-01	-8.19326E-01	1000010010	8.59289E+00	1.00992E-02	2.76380E-03	1.70402E-02	-5.57714E-01	-1.32889E-01	-8.19326E-01	PRIM
1.90310E-02	1000010010	7.24125E+00	-1.44199E-03	4.72931E-04	8.79073E-04	-5.80207E-02	-4.72979E-01	-8.79161E-01	1000010010	7.24125E+00	-3.37793E-04	9.47418E-03	1.76104E-02	-5.80207E-02	-4.72979E-01	-8.79161E-01	PRIM
1.90231E-02	1000010010	9.95444E+00	-1.44718E-03	-8.37658E-05	9.95084E-04	-5.28246E-02	8.37658E-02	-9.95084E-01	1000010010	9.95444E+00	-4.42289E-04	-1.67725E-03	1.99246E-02	-5.28246E-02	8.37658E-02	-9.95084E-01	PRIM
1.94746E-02	1000010010	3.97240E+01	-1.15065E-03	-7.24824E-04	5.93790E-04	-3.49347E-01	7.24824E-01	-5.93790E-01	1000010010	3.97240E+01	5.65274E-03	-1.48405E-02	1.21576E-02	-3.49347E-01	7.24824E-01	-5.93790E-01	PRIM
1.85680E-02	1000010010	6.18456E+00	-1.75283E-03	-1.20957E-04	-9.59920E-04	2.52831E-01	1.20957E-01	9.59920E-01	1000010010	6.18456E+00	-6.44741E-03	-2.36689E-03	-1.87837E-02	2.52831E-01	1.20957E-01	9.59920E-01	PRIM
2.03632E-02	1000010010	1.08560E+01	-5.85236E-04	4.03189E-04	2.11049E-05	-9.14856E-01	-4.03229E-01	-2.11070E-02	1000010010	1.08560E+01	1.80442E-02	8.61423E-03	4.50912E-04	-9.14856E-01	-4.03229E-01	-2.11070E-02	PRIM
1.76305E-02	1000010010	4.36499E+01	-2.40627E-03	4.15419E-04	7.80623E-05	9.06274E-01	-4.15419E-01	-7.80623E-02	1000010010	4.36499E+01	-1.83844E-02	7.73948E-03	1.45434E-03	9.06274E-01	-4.15419E-01	-7.80623E-02	PRIM
1.91177E-02	1000010010	2.71355E+01	-1.38449E-03	1.68035E-04	-9.78990E-04	-1.15511E-01	-1.68035E-01	9.78990E-01	1000010010	2.71355E+01	8.23808E-04	3.38048E-03	-1.96950E-02	-1.15511E-01	-1.68035E-01	9.78990E-01	PRIM
1.92326E-02	1000010010	6.23523E+00	-1.30874E-03	-1.06971E-04	-9.75694E-04	-1.91256E-01	1.06971E-01	9.75694E-01	1000010010	6.23523E+00	2.36961E-03	-2.16430E-03	-1.97408E-02	-1.91256E-01	1.06971E-01	9.75694E-01	PRIM
1.85584E-02	1000010010	1.36918E+01	-1.75936E-03	4.90694E-04	-8.31837E-04	2.59360E-01	-4.90694E-01	8.31837E-01	1000010010	1.36918E+01	-6.57267E-03	9.59720E-03	-1.62694E-02	2.59360E-01	-4.90694E-01	8.31837E-01	PRIM
1.93352E-02	1000010010	5.32641E+00	-1.24152E-03	-9.58013E-04	1.24098E-04	-2.58479E-01	9.58013E-01	-1.24098E-01	1000010010	5.32641E+00	3.75622E-03	-1.94813E-02	2.52354E-03	-2.58479E-01	9.58013E-01	-1.24098E-01	PRIM
1.83909E-02	1000010010	3.49761E+01	-1.87379E-03	7.44011E-04	-5.53831E-04	3.73790E-01	-7.44011E-01	5.53831E-01	1000010010	3.49761E+01	-8.74812E-03	1.44270E-02	-1.07393E-02	3.73790E-01	-7.44011E-01	5.53831E-01	PRIM
1.89584E-02	1000010010	2.23848E+01	-1.49020E-03	-2.99288E-04	-9.54112E-04	-9.80174E-03	2.99288E-01	9.54112E-01	1000010010	2.23848E+01	-1.30437E-03	-5.97331E-03	-1.90425E-02	-9.80174E-03	2.99288E-01	9.54112E-01	PRIM
1.89336E-02	1000010010	3.16776E+01	-1.50671E-03	-1.46779E-04	9.89147E-04	6.70819E-03	1.46779E-01	-9.89147E-01	1000010010	3.16776E+01	-1.63372E-03	-2.92584E-03	1.97173E-02	6.70819E-03	1.46779E-01	-9.89147E-01	PRIM
1.95842E-02	1000010010	1.21099E+01	-1.07962E-03	8.28987E-04	3.68866E-04	-4.20379E-01	-8.28987E-01	-3.68866E-01	1000010010	1.21099E+01	7.15317E-03	1.70640E-02	7.59282E-03	-4.20379E-01	-8.28987E-01	-3.68866E-01	PRIM
1.75335E-02	1000010010	3.25954E+01	-2.47586E-03	-1.22134E-04	-1.81031E-04	9.75864E-01	1.22134E-01	1.81031E-01	1000010010	3.25954E+01	-1.95862E-02	-2.26358E-03	-3.35515E-03	9.75864E-01	1.22134E-01	1.81031E-01	PRIM
1.97095E-02	1000010010	5.10291E+00	-9.99029E-04	6.74947E-04	-5.41548E-04	-5.01021E-01	-6.75015E-01	5.41602E-01	1000010010	5.10291E+00	8.87583E-03	1.39791E-02	-1.12162E-02	-5.01021E-01	-6.75015E-01	5.41602E-01	PRIM
1.86049E-02	1000010010	5.73166E+00	-1.72783E-03	6.67108E-04	-7.09269E-04	2.27828E-01	-6.67108E-01	7.09269E-01	1000010010	5.73166E+00	-5.96653E-03	1.30785E-02	-1.39051E-02	2.27828E-01	-6.67108E-01	7.09269E-01	PRIM
2.03109E-02	1000010010	8.66231E+00	-6.17739E-04	-1.16662E-04	-4.56075E-04	-8.82261E-01	1.16662E-01	4.56075E-01	1000010010	8.66231E+00	1.73018E-02	-2.48618E-03	-9.71939E-03	-8.82261E-01	1.16662E-01	4.56075E-01	PRIM
1.84520E-02	1000010010	6.23068E+00	-1.83194E-03	9.18402E-04	-2.15308E-04	3.31935E-01	-9.18402E-01	2.15308E-01	1000010010	6.23068E+00	-7.95680E-03	1.78647E-02	-4.18816E-03	3.31935E-01	-9.18402E-01	2.15308E-01	PRIM
1.83770E-02	1000010010	8.35919E+00	-1.88327E-03	-4.57217E-04	-8.02530E-04	3.83273E-01	4.57217E-01	8.02530E-01	1000010010	8.35919E+00	-8.92670E-03	-8.85951E-03	-1.55507E-02	3.83273E-01	4.57217E-01	8.02530E-01	PRIM
1.94772E-02	1000010010	1.47633E+01	-1.14896E-03	-2.00351E-04	-9.14676E-04	-3.51038E-01	2.00351E-01	9.14676E-01	1000010010	1.47633E+01	5.68826E-03	-4.10263E-03	-1.87300E-02	-3.51038E-01	2.00351E-01	9.14676E-01	PRIM
1.91163E-02	1000010010	7.98066E+01	-1.38543E-03	9.85990E-04	-1.21227E-04	-1.14574E-01	-9.85990E-01	1.21227E-01	1000010010	7.98066E+01	8.04805E-04	1.98344E-02	-2.43864E-03	-1.14574E-01	-9.85990E-01	1.21227E-01	PRIM
1.89491E-02	1000010010	8.80063E+00	-1.49639E-03	5.13004E-06	9.99980E-04	-3.61260E-03	-5.13004E-03	-9.99980E-01	1000010010	8.80063E+00	-1.42793E-03	1.02340E-04	1.99487E-02	-3.61260E-03	-5.13004E-03	-9.99980E-01	PRIM
