#	D	ID	E	X	Y	Z	Px	Py	Pz	ID0	E0	X0	Y0	Z0	P0x	P0y	P0z	tag
#
# D             Trajectory length [1 Mpc]
# ID/ID0/ID1    Particle type (PDG MC numbering scheme)
# E/E0/E1       Energy [1 EeV]
# X/X0/X1...    Position [1 Mpc]
# Px/P0x/P1x... Heading (unit vector of momentum)
# tag           Candidate tag can be given by the source feature (user defined tag) or by the following interaction process 
#	ES  	ElasticScattering 
#	EPP 	ElectronPairProduction 
#	EMPP	EMPairProduction
#	EMDP	EMDoublePairProduction
#	EMTP	EMTripletPairProduction 
#	EMIC	EMInverseComptonScattering
#	ND  	NuclearDecay
#	PD  	PhotoDisintegration
#	PPP  	PhotoPionProduction
#	SYN 	SynchrotronRadiation
#	PRIM/SEC	 primary / secondary particle
# no index = current, 0 = at source, 1 = at point of creation
#
# CRPropa version: 3.2-85-g7a40f1f1
#
2.15835E-02	1000010010	1.47810E+01	-7.00918E-03	-6.76159E-04	-5.49463E-04	-4.90815E-01	6.76159E-01	5.49463E-01	1000010010	1.47810E+01	3.58433E-03	-1.52700E-02	-1.24088E-02	-4.90815E-01	6.76159E-01	5.49463E-01	PRIM
1.45522E-02	1000010010	8.63081E+00	-7.93670E-03	6.30276E-04	-6.41755E-04	4.36739E-01	-6.30339E-01	6.41819E-01	1000010010	8.63081E+00	-1.42922E-02	9.80309E-03	-9.98161E-03	4.36739E-01	-6.30339E-01	6.41819E-01	PRIM
2.00962E-02	1000010010	2.14500E+01	-7.17992E-03	7.23925E-04	-6.10969E-04	-3.20110E-01	-7.23997E-01	6.11030E-01	1000010010	2.14500E+01	-7.46927E-04	1.52735E-02	-1.28904E-02	-3.20110E-01	-7.23997E-01	6.11030E-01	PRIM
1.79615E-02	1000010010	1.45860E+01	-7.44449E-03	-1.24826E-04	-9.90624E-04	-5.55122E-02	1.24826E-01	9.90624E-01	1000010010	1.45860E+01	-6.44741E-03	-2.36689E-03	-1.87837E-02	-5.55122E-02	1.24826E-01	9.90624E-01	PRIM
1.99631E-02	1000010010	5.09528E+00	-7.19565E-03	2.23570E-04	-9.25953E-04	-3.04349E-01	-2.23570E-01	9.25953E-01	1000010010	5.09528E+00	-1.11991E-03	4.68673E-03	-1.94108E-02	-3.04349E-01	-2.23570E-01	9.25953E-01	PRIM
2.64586E-02	1000010010	8.43079E+00	-6.50401E-03	8.57027E-05	2.58020E-05	-9.95987E-01	-8.57027E-02	-2.58020E-02	1000010010	8.43079E+00	1.98484E-02	2.35328E-03	7.08487E-04	-9.95987E-01	-8.57027E-02	-2.58020E-02	PRIM
2.20788E-02	1000010010	1.29421E+01	-6.95446E-03	-9.94585E-05	-8.32041E-04	-5.45597E-01	9.94684E-02	8.32124E-01	1000010010	1.29421E+01	5.09165E-03	-2.29560E-03	-1.92043E-02	-5.45597E-01	9.94684E-02	8.32124E-01	PRIM
2.06855E-02	1000010010	5.31736E+00	-7.11107E-03	1.29206E-05	9.21176E-04	-3.88931E-01	-1.29206E-02	-9.21176E-01	1000010010	5.31736E+00	9.34191E-04	2.80190E-04	1.99762E-02	-3.88931E-01	-1.29206E-02	-9.21176E-01	PRIM
2.08909E-02	1000010010	1.23937E+01	-7.08747E-03	-8.61150E-04	-2.97049E-04	-4.12532E-01	8.61150E-01	2.97049E-01	1000010010	1.23937E+01	1.53069E-03	-1.88513E-02	-6.50266E-03	-4.12532E-01	8.61150E-01	2.97049E-01	PRIM
2.54579E-02	1000010010	5.78155E+00	-6.60229E-03	-4.27923E-04	1.04906E-04	-8.97706E-01	4.27923E-01	-1.04906E-01	1000010010	5.78155E+00	1.62514E-02	-1.13220E-02	2.77559E-03	-8.97706E-01	4.27923E-01	-1.04906E-01	PRIM
2.03852E-02	1000010010	1.07057E+01	-7.14594E-03	-1.57385E-05	9.35089E-04	-3.54064E-01	1.57385E-02	-9.35089E-01	1000010010	1.07057E+01	7.17128E-05	-3.36570E-04	1.99970E-02	-3.54064E-01	1.57385E-02	-9.35089E-01	PRIM
1.97486E-02	1000010010	7.81950E+00	-7.22129E-03	8.45874E-04	4.54555E-04	-2.78733E-01	-8.45959E-01	-4.54601E-01	1000010010	7.81950E+00	-1.71671E-03	1.75524E-02	9.43227E-03	-2.78733E-01	-8.45959E-01	-4.54601E-01	PRIM
1.57571E-02	1000010010	7.33517E+00	-7.75045E-03	-3.58747E-04	8.99209E-04	2.50446E-01	3.58747E-01	-8.99209E-01	1000010010	7.33517E+00	-1.16967E-02	-6.01154E-03	1.50681E-02	2.50446E-01	3.58747E-01	-8.99209E-01	PRIM
1.91190E-02	1000010010	6.56496E+00	-7.29779E-03	1.22941E-04	9.71595E-04	-2.02210E-01	-1.22941E-01	-9.71595E-01	1000010010	6.56496E+00	-3.43174E-03	2.47345E-03	1.95475E-02	-2.02210E-01	-1.22941E-01	-9.71595E-01	PRIM
1.93159E-02	1000010010	1.20711E+01	-7.27363E-03	-1.57027E-04	9.61300E-04	-2.26373E-01	1.57027E-01	-9.61300E-01	1000010010	1.20711E+01	-2.90103E-03	-3.19015E-03	1.95296E-02	-2.26373E-01	1.57027E-01	-9.61300E-01	PRIM
2.00256E-02	1000010010	2.57121E+01	-7.18823E-03	4.39091E-04	-8.42615E-04	-3.11768E-01	-4.39091E-01	8.42615E-01	1000010010	2.57121E+01	-9.44891E-04	9.23216E-03	-1.77165E-02	-3.11768E-01	-4.39091E-01	8.42615E-01	PRIM
2.43869E-02	1000010010	2.26926E+01	-6.71024E-03	-5.77203E-04	-2.07631E-04	-7.89763E-01	5.77203E-01	2.07631E-01	1000010010	2.26926E+01	1.25496E-02	-1.46534E-02	-5.27111E-03	-7.89763E-01	5.77203E-01	2.07631E-01	PRIM
2.01744E-02	1000010010	7.69441E+00	-7.17066E-03	-5.79496E-05	9.42430E-04	-3.29343E-01	5.79496E-02	-9.42430E-01	1000010010	7.69441E+00	-5.26367E-04	-1.22705E-03	1.99554E-02	-3.29343E-01	5.79496E-02	-9.42430E-01	PRIM
2.09958E-02	1000010010	5.16793E+00	-7.07553E-03	8.28155E-05	-9.01538E-04	-4.24509E-01	-8.28238E-02	9.01628E-01	1000010010	5.16793E+00	1.83736E-03	1.82177E-03	-1.98319E-02	-4.24509E-01	-8.28238E-02	9.01628E-01	PRIM
2.43518E-02	1000010010	1.15838E+01	-6.71383E-03	3.91964E-04	-4.77802E-04	-7.86174E-01	-3.91964E-01	4.77802E-01	1000010010	1.15838E+01	1.24309E-02	9.93700E-03	-1.21131E-02	-7.86174E-01	-3.91964E-01	4.77802E-01	PRIM
2.00256E-02	1000010010	1.20147E+01	-7.18823E-03	4.39091E-04	-8.42615E-04	-3.11768E-01	-4.39091E-01	8.42615E-01	1000010010	1.20147E+01	-9.44891E-04	9.23216E-03	-1.77165E-02	-3.11768E-01	-4.39091E-01	8.42615E-01	PRIM
1.55694E-02	1000010010	5.12898E+00	-7.77844E-03	-9.43038E-04	1.82065E-04	2.78444E-01	9.43038E-01	-1.82065E-01	1000010010	5.12898E+00	-1.21137E-02	-1.56256E-02	3.01672E-03	2.78444E-01	9.43038E-01	-1.82065E-01	PRIM
1.97486E-02	1000010010	2.88572E+01	-7.22129E-03	8.45874E-04	4.54555E-04	-2.78733E-01	-8.45959E-01	-4.54601E-01	1000010010	2.88572E+01	-1.71671E-03	1.75524E-02	9.43227E-03	-2.78733E-01	-8.45959E-01	-4.54601E-01	PRIM
2.05910E-02	1000010010	6.46308E+00	-7.12200E-03	-6.48059E-04	6.61161E-04	-3.78002E-01	6.48059E-01	-6.61161E-01	1000010010	6.46308E+00	6.61435E-04	-1.39922E-02	1.42751E-02	-3.78002E-01	6.48059E-01	-6.61161E-01	PRIM
2.56894E-02	1000010010	8.43244E+00	-6.57945E-03	-3.76984E-04	1.01317E-04	-9.20645E-01	3.77022E-01	-1.01327E-01	1000010010	8.43244E+00	1.70714E-02	-1.00625E-02	2.70434E-03	-9.20645E-01	3.77022E-01	-1.01327E-01	PRIM
2.08505E-02	1000010010	6.21508E+00	-7.09215E-03	-5.94053E-04	-6.93221E-04	-4.07895E-01	5.94113E-01	6.93290E-01	1000010010	6.21508E+00	1.41267E-03	-1.29816E-02	-1.51487E-02	-4.07895E-01	5.94113E-01	6.93290E-01	PRIM
2.21639E-02	1000010010	1.93584E+01	-6.94507E-03	4.05635E-04	7.26301E-04	-5.54929E-01	-4.05635E-01	-7.26301E-01	1000010010	1.93584E+01	5.35430E-03	9.39608E-03	1.68239E-02	-5.54929E-01	-4.05635E-01	-7.26301E-01	PRIM
2.11292E-02	1000010010	1.34789E+01	-7.06031E-03	8.42313E-04	3.11740E-04	-4.39690E-01	-8.42313E-01	-3.11740E-01	1000010010	1.34789E+01	2.22998E-03	1.86397E-02	6.89854E-03	-4.39690E-01	-8.42313E-01	-3.11740E-01	PRIM
1.53481E-02	1000010010	6.47039E+00	-7.81193E-03	4.67282E-04	-8.27254E-04	3.11927E-01	-4.67282E-01	8.27254E-01	1000010010	6.47039E+00	-1.25994E-02	7.63915E-03	-1.35240E-02	3.11927E-01	-4.67282E-01	8.27254E-01	PRIM
2.02508E-02	1000010010	6.17310E+00	-7.16167E-03	-7.30828E-05	9.38185E-04	-3.38332E-01	7.30828E-02	-9.38185E-01	1000010010	6.17310E+00	-3.10163E-04	-1.55307E-03	1.99372E-02	-3.38332E-01	7.30828E-02	-9.38185E-01	PRIM
1.76836E-02	1000010010	2.54742E+01	-7.48099E-03	-3.61348E-04	-9.32237E-04	-1.90133E-02	3.61348E-01	9.32237E-01	1000010010	2.54742E+01	-7.14476E-03	-6.75130E-03	-1.74176E-02	-1.90133E-02	3.61348E-01	9.32237E-01	PRIM
2.31008E-02	1000010010	5.66988E+00	-6.84415E-03	4.00466E-04	-6.39914E-04	-6.55848E-01	-4.00466E-01	6.39914E-01	1000010010	5.66988E+00	8.30643E-03	9.65153E-03	-1.54224E-02	-6.55848E-01	-4.00466E-01	6.39914E-01	PRIM
2.40428E-02	1000010010	5.24256E+00	-6.74558E-03	-4.20198E-04	-5.04263E-04	-7.54422E-01	4.20198E-01	5.04263E-01	1000010010	5.24256E+00	1.13929E-02	-1.05229E-02	-1.26282E-02	-7.54422E-01	4.20198E-01	5.04263E-01	PRIM
1.81503E-02	1000010010	6.46851E+00	-7.41998E-03	-7.42067E-04	6.65532E-04	-8.00172E-02	7.42067E-01	-6.65532E-01	1000010010	6.46851E+00	-5.96764E-03	-1.42108E-02	1.27452E-02	-8.00172E-02	7.42067E-01	-6.65532E-01	PRIM
1.63278E-02	1000010010	1.40555E+01	-7.66736E-03	-8.61085E-04	4.80129E-04	1.67357E-01	8.61085E-01	-4.80129E-01	1000010010	1.40555E+01	-1.03999E-02	-1.49207E-02	8.31955E-03	1.67357E-01	8.61085E-01	-4.80129E-01	PRIM
2.26602E-02	1000010010	8.84039E+00	-6.89123E-03	-3.00823E-04	-7.34097E-04	-6.08775E-01	3.00823E-01	7.34097E-01	1000010010	8.84039E+00	6.90375E-03	-7.11755E-03	-1.73689E-02	-6.08775E-01	3.00823E-01	7.34097E-01	PRIM
1.69541E-02	1000010010	8.70466E+00	-7.57946E-03	-4.93453E-04	-8.66135E-04	7.94636E-02	4.93453E-01	8.66135E-01	1000010010	8.70466E+00	-8.92670E-03	-8.85951E-03	-1.55507E-02	7.94636E-02	4.93453E-01	8.66135E-01	PRIM
2.59226E-02	1000010010	9.47846E+00	-6.55637E-03	3.23557E-04	6.97618E-05	-9.43633E-01	-3.23557E-01	-6.97618E-02	1000010010	9.47846E+00	1.79051E-02	8.71101E-03	1.87817E-03	-9.43633E-01	-3.23557E-01	-6.97618E-02	PRIM
1.23371E-02	1000010010	9.82908E+00	-8.32913E-03	1.85942E-04	-5.27223E-04	8.29133E-01	-1.85942E-01	5.27223E-01	1000010010	9.82908E+00	-1.85582E-02	2.47991E-03	-7.03160E-03	8.29133E-01	-1.85942E-01	5.27223E-01	PRIM
2.28098E-02	1000010010	5.11908E+00	-6.87525E-03	-7.01793E-04	-3.42005E-04	-6.24817E-01	7.01863E-01	3.42039E-01	1000010010	5.11908E+00	7.37670E-03	-1.67111E-02	-8.14384E-03	-6.24817E-01	7.01863E-01	3.42039E-01	PRIM
2.43518E-02	1000010010	5.07174E+00	-6.71383E-03	3.91964E-04	-4.77802E-04	-7.86174E-01	-3.91964E-01	4.77802E-01	1000010010	5.07174E+00	1.24309E-02	9.93700E-03	-1.21131E-02	-7.86174E-01	-3.91964E-01	4.77802E-01	PRIM
2.10170E-02	1000010010	2.34633E+01	-7.07311E-03	2.36057E-05	-9.03886E-04	-4.26931E-01	-2.36080E-02	9.03976E-01	1000010010	2.34633E+01	1.89971E-03	5.19776E-04	-1.99028E-02	-4.26931E-01	-2.36080E-02	9.03976E-01	PRIM
1.98661E-02	1000010010	2.16909E+01	-7.20724E-03	2.26750E-04	9.28804E-04	-2.92787E-01	-2.26772E-01	-9.28897E-01	1000010010	2.16909E+01	-1.39071E-03	4.73183E-03	1.93824E-02	-2.92787E-01	-2.26772E-01	-9.28897E-01	PRIM
2.11060E-02	1000010010	1.26221E+01	-7.06293E-03	2.99738E-04	-8.48015E-04	-4.37067E-01	-2.99738E-01	8.48015E-01	1000010010	1.26221E+01	2.16182E-03	6.62601E-03	-1.87463E-02	-4.37067E-01	-2.99738E-01	8.48015E-01	PRIM
1.88113E-02	1000010010	5.34915E+00	-7.33599E-03	3.49996E-04	-9.22282E-04	-1.64007E-01	-3.49996E-01	9.22282E-01	1000010010	5.34915E+00	-4.25081E-03	6.93388E-03	-1.82716E-02	-1.64007E-01	-3.49996E-01	9.22282E-01	PRIM
1.92159E-02	1000010010	2.10250E+01	-7.28587E-03	2.80513E-04	-9.35660E-04	-2.14134E-01	-2.80513E-01	9.35660E-01	1000010010	2.10250E+01	-3.17109E-03	5.67084E-03	-1.89152E-02	-2.14134E-01	-2.80513E-01	9.35660E-01	PRIM
2.04987E-02	1000010010	5.22208E+00	-7.13271E-03	-5.85364E-04	-7.22805E-04	-3.67291E-01	5.85364E-01	7.22805E-01	1000010010	5.22208E+00	3.96282E-04	-1.25846E-02	-1.55394E-02	-3.67291E-01	5.85364E-01	7.22805E-01	PRIM
1.65676E-02	1000010010	7.33951E+00	-7.63332E-03	-7.03257E-04	-6.98324E-04	1.33317E-01	7.03257E-01	6.98324E-01	1000010010	7.33951E+00	-9.84205E-03	-1.23545E-02	-1.22678E-02	1.33317E-01	7.03257E-01	6.98324E-01	PRIM
1.85082E-02	1000010010	7.99215E+00	-7.37417E-03	6.97748E-04	7.05205E-04	-1.25832E-01	-6.97748E-01	-7.05205E-01	1000010010	7.99215E+00	-5.04525E-03	1.36118E-02	1.37573E-02	-1.25832E-01	-6.97748E-01	-7.05205E-01	PRIM
1.35516E-02	1000010010	2.05103E+01	-8.10474E-03	-3.59060E-04	7.10887E-04	6.04744E-01	3.59060E-01	-7.10887E-01	1000010010	2.05103E+01	-1.63000E-02	-5.22490E-03	1.03446E-02	6.04744E-01	3.59060E-01	-7.10887E-01	PRIM
1.85082E-02	1000010010	6.47623E+00	-7.37417E-03	6.97748E-04	7.05205E-04	-1.25832E-01	-6.97748E-01	-7.05205E-01	1000010010	6.47623E+00	-5.04525E-03	1.36118E-02	1.37573E-02	-1.25832E-01	-6.97748E-01	-7.05205E-01	PRIM
1.78122E-02	1000010010	9.43040E+00	-7.46404E-03	-5.28548E-04	8.48141E-04	-3.59627E-02	5.28548E-01	-8.48141E-01	1000010010	9.43040E+00	-6.82346E-03	-9.94315E-03	1.59554E-02	-3.59627E-02	5.28548E-01	-8.48141E-01	PRIM
1.95408E-02	1000010010	3.97596E+01	-7.24631E-03	-2.09740E-05	9.66956E-04	-2.53711E-01	2.09761E-02	-9.67053E-01	1000010010	3.97596E+01	-2.28859E-03	-4.30865E-04	1.98640E-02	-2.53711E-01	2.09761E-02	-9.67053E-01	PRIM
1.57525E-02	1000010010	1.45054E+01	-7.75111E-03	-6.81717E-04	6.87028E-04	2.51132E-01	6.81785E-01	-6.87097E-01	1000010010	1.45054E+01	-1.17071E-02	-1.14216E-02	1.15105E-02	2.51132E-01	6.81785E-01	-6.87097E-01	PRIM
1.91212E-02	1000010010	1.27999E+01	-7.29751E-03	2.74240E-04	9.40102E-04	-2.02488E-01	-2.74240E-01	-9.40102E-01	1000010010	1.27999E+01	-3.42569E-03	5.51804E-03	1.89160E-02	-2.02488E-01	-2.74240E-01	-9.40102E-01	PRIM
1.81280E-02	1000010010	1.89803E+01	-7.42287E-03	5.05024E-04	-8.59652E-04	-7.71306E-02	-5.05024E-01	8.59652E-01	1000010010	1.89803E+01	-6.02465E-03	9.66010E-03	-1.64434E-02	-7.71306E-02	-5.05024E-01	8.59652E-01	PRIM
1.89401E-02	1000010010	8.48576E+00	-7.31994E-03	-7.44138E-04	-6.43302E-04	-1.80059E-01	7.44138E-01	6.43302E-01	1000010010	8.48576E+00	-3.90961E-03	-1.48382E-02	-1.28275E-02	-1.80059E-01	7.44138E-01	6.43302E-01	PRIM
2.15835E-02	1000010010	6.41831E+01	-7.00918E-03	-6.76159E-04	-5.49463E-04	-4.90815E-01	6.76159E-01	5.49463E-01	1000010010	6.41831E+01	3.58433E-03	-1.52700E-02	-1.24088E-02	-4.90815E-01	6.76159E-01	5.49463E-01	PRIM
1.96465E-02	1000010010	8.73399E+00	-7.23352E-03	-3.18718E-05	9.63314E-04	-2.66479E-01	3.18718E-02	-9.63314E-01	1000010010	8.73399E+00	-1.99815E-03	-6.58041E-04	1.98891E-02	-2.66479E-01	3.18718E-02	-9.63314E-01	PRIM
2.16406E-02	1000010010	1.09040E+01	-7.00288E-03	-8.60377E-04	1.11450E-04	-4.97171E-01	8.60463E-01	-1.11461E-01	1000010010	1.09040E+01	3.75622E-03	-1.94813E-02	2.52354E-03	-4.97171E-01	8.60463E-01	-1.11461E-01	PRIM
1.79797E-02	1000010010	6.04310E+00	-7.44214E-03	2.85861E-04	9.56418E-04	-5.78671E-02	-2.85890E-01	-9.56514E-01	1000010010	6.04310E+00	-6.40171E-03	5.42607E-03	1.81542E-02	-5.78671E-02	-2.85890E-01	-9.56514E-01	PRIM
1.69684E-02	1000010010	4.25770E+01	-7.57750E-03	-2.38418E-04	9.68066E-04	7.74976E-02	2.38418E-01	-9.68066E-01	1000010010	4.25770E+01	-8.89251E-03	-4.28399E-03	1.73946E-02	7.74976E-02	2.38418E-01	-9.68066E-01	PRIM
1.97486E-02	1000010010	2.16415E+01	-7.22129E-03	8.45874E-04	4.54555E-04	-2.78733E-01	-8.45959E-01	-4.54601E-01	1000010010	2.16415E+01	-1.71671E-03	1.75524E-02	9.43227E-03	-2.78733E-01	-8.45959E-01	-4.54601E-01	PRIM
1.72502E-02	1000010010	1.58471E+01	-7.53902E-03	8.95101E-04	-4.44153E-04	3.90190E-02	-8.95101E-01	4.44153E-01	1000010010	1.58471E+01	-8.21210E-03	1.63357E-02	-8.10586E-03	3.90190E-02	-8.95101E-01	4.44153E-01	PRIM
1.23819E-02	1000010010	5.51593E+00	-8.32032E-03	-2.49560E-04	-5.14395E-04	8.20397E-01	2.49585E-01	5.14447E-01	1000010010	5.51593E+00	-1.84784E-02	-3.33991E-03	-6.88424E-03	8.20397E-01	2.49585E-01	5.14447E-01	PRIM
2.10170E-02	1000010010	4.37389E+01	-7.07311E-03	2.36057E-05	-9.03886E-04	-4.26931E-01	-2.36080E-02	9.03976E-01	1000010010	4.37389E+01	1.89971E-03	5.19776E-04	-1.99028E-02	-4.26931E-01	-2.36080E-02	9.03976E-01	PRIM
1.96274E-02	1000010010	7.10505E+00	-7.23582E-03	2.04683E-05	-9.64257E-04	-2.64177E-01	-2.04683E-02	9.64257E-01	1000010010	7.10505E+00	-2.05071E-03	4.22208E-04	-1.98901E-02	-2.64177E-01	-2.04683E-02	9.64257E-01	PRIM
1.22768E-02	1000010010	9.93605E+00	-8.34095E-03	-4.00050E-04	3.64375E-04	8.40946E-01	4.00050E-01	-3.64375E-01	1000010010	9.93605E+00	-1.86651E-02	-5.31140E-03	4.83774E-03	8.40946E-01	4.00050E-01	-3.64375E-01	PRIM
2.52197E-02	1000010010	1.39541E+01	-6.62605E-03	2.93547E-04	3.87343E-04	-8.73954E-01	-2.93547E-01	-3.87343E-01	1000010010	1.39541E+01	1.54148E-02	7.69670E-03	1.01560E-02	-8.73954E-01	-2.93547E-01	-3.87343E-01	PRIM
2.50731E-02	1000010010	3.57520E+01	-6.64083E-03	-4.72081E-05	-5.09316E-04	-8.59253E-01	4.72128E-02	5.09367E-01	1000010010	3.57520E+01	1.49033E-02	-1.23098E-03	-1.32807E-02	-8.59253E-01	4.72128E-02	5.09367E-01	PRIM
2.27392E-02	1000010010	1.63852E+01	-6.88274E-03	7.18814E-04	3.19844E-04	-6.17257E-01	-7.18814E-01	-3.19844E-01	1000010010	1.63852E+01	7.15317E-03	1.70640E-02	7.59282E-03	-6.17257E-01	-7.18814E-01	-3.19844E-01	PRIM
1.95408E-02	1000010010	1.33332E+01	-7.24631E-03	-2.09740E-05	9.66956E-04	-2.53711E-01	2.09761E-02	-9.67053E-01	1000010010	1.33332E+01	-2.28859E-03	-4.30865E-04	1.98640E-02	-2.53711E-01	2.09761E-02	-9.67053E-01	PRIM
2.10170E-02	1000010010	9.93597E+00	-7.07311E-03	2.36057E-05	-9.03886E-04	-4.26931E-01	-2.36080E-02	9.03976E-01	1000010010	9.93597E+00	1.89971E-03	5.19776E-04	-1.99028E-02	-4.26931E-01	-2.36080E-02	9.03976E-01	PRIM
2.39301E-02	1000010010	6.18314E+00	-6.75723E-03	1.18854E-04	6.58914E-04	-7.42769E-01	-1.18854E-01	-6.58914E-01	1000010010	6.18314E+00	1.10173E-02	2.96304E-03	1.64268E-02	-7.42769E-01	-1.18854E-01	-6.58914E-01	PRIM
2.09895E-02	1000010010	5.10624E+00	-7.07619E-03	-1.87053E-04	8.86228E-04	-4.23806E-01	1.87053E-01	-8.86228E-01	1000010010	5.10624E+00	1.81930E-03	-4.11321E-03	1.94877E-02	-4.23806E-01	1.87053E-01	-8.86228E-01	PRIM
1.83966E-02	1000010010	6.40204E+00	-7.38837E-03	-4.05733E-04	9.07150E-04	-1.11628E-01	4.05733E-01	-9.07150E-01	1000010010	6.40204E+00	-5.33479E-03	-7.86983E-03	1.75956E-02	-1.11628E-01	4.05733E-01	-9.07150E-01	PRIM
2.06473E-02	1000010010	6.86369E+00	-7.11548E-03	1.56162E-04	-9.09813E-04	-3.84519E-01	-1.56162E-01	9.09813E-01	1000010010	6.86369E+00	8.23808E-04	3.38048E-03	-1.96950E-02	-3.84519E-01	-1.56162E-01	9.09813E-01	PRIM
2.13543E-02	1000010010	2.16931E+01	-7.03487E-03	5.68763E-04	-6.78351E-04	-4.65133E-01	-5.68763E-01	6.78351E-01	1000010010	2.16931E+01	2.89773E-03	1.27143E-02	-1.51641E-02	-4.65133E-01	-5.68763E-01	6.78351E-01	PRIM
1.81509E-02	1000010010	1.36314E+01	-7.41993E-03	6.82857E-04	-7.26014E-04	-8.00736E-02	-6.82925E-01	7.26086E-01	1000010010	1.36314E+01	-5.96653E-03	1.30785E-02	-1.39051E-02	-8.00736E-02	-6.82925E-01	7.26086E-01	PRIM
2.11060E-02	1000010010	5.97134E+00	-7.06293E-03	2.99738E-04	-8.48015E-04	-4.37067E-01	-2.99738E-01	8.48015E-01	1000010010	5.97134E+00	2.16182E-03	6.62601E-03	-1.87463E-02	-4.37067E-01	-2.99738E-01	8.48015E-01	PRIM
1.81509E-02	1000010010	7.13394E+00	-7.41993E-03	6.82857E-04	-7.26014E-04	-8.00736E-02	-6.82925E-01	7.26086E-01	1000010010	7.13394E+00	-5.96653E-03	1.30785E-02	-1.39051E-02	-8.00736E-02	-6.82925E-01	7.26086E-01	PRIM
2.32170E-02	1000010010	1.63544E+01	-6.83183E-03	-5.74405E-04	-4.72878E-04	-6.68166E-01	5.74405E-01	4.72878E-01	1000010010	1.63544E+01	8.68099E-03	-1.39104E-02	-1.14517E-02	-6.68166E-01	5.74405E-01	4.72878E-01	PRIM
2.43518E-02	1000010010	5.05568E+00	-6.71383E-03	3.91964E-04	-4.77802E-04	-7.86174E-01	-3.91964E-01	4.77802E-01	1000010010	5.05568E+00	1.24309E-02	9.93700E-03	-1.21131E-02	-7.86174E-01	-3.91964E-01	4.77802E-01	PRIM
1.81503E-02	1000010010	8.49762E+00	-7.41998E-03	-7.42067E-04	6.65532E-04	-8.00172E-02	7.42067E-01	-6.65532E-01	1000010010	8.49762E+00	-5.96764E-03	-1.42108E-02	1.27452E-02	-8.00172E-02	7.42067E-01	-6.65532E-01	PRIM
2.26602E-02	1000010010	8.45355E+00	-6.89123E-03	-3.00823E-04	-7.34097E-04	-6.08775E-01	3.00823E-01	7.34097E-01	1000010010	8.45355E+00	6.90375E-03	-7.11755E-03	-1.73689E-02	-6.08775E-01	3.00823E-01	7.34097E-01	PRIM
2.14490E-02	1000010010	1.04491E+01	-7.02423E-03	2.73313E-04	8.36027E-04	-4.75772E-01	-2.73313E-01	-8.36027E-01	1000010010	1.04491E+01	3.18063E-03	6.13561E-03	1.87680E-02	-4.75772E-01	-2.73313E-01	-8.36027E-01	PRIM
2.15835E-02	1000010010	5.44690E+00	-7.00918E-03	-6.76159E-04	-5.49463E-04	-4.90815E-01	6.76159E-01	5.49463E-01	1000010010	5.44690E+00	3.58433E-03	-1.52700E-02	-1.24088E-02	-4.90815E-01	6.76159E-01	5.49463E-01	PRIM
1.57525E-02	1000010010	1.70953E+01	-7.75111E-03	-6.81717E-04	6.87028E-04	2.51132E-01	6.81785E-01	-6.87097E-01	1000010010	1.70953E+01	-1.17071E-02	-1.14216E-02	1.15105E-02	2.51132E-01	6.81785E-01	-6.87097E-01	PRIM
1.92159E-02	1000010010	5.65008E+00	-7.28587E-03	2.80513E-04	-9.35660E-04	-2.14134E-01	-2.80513E-01	9.35660E-01	1000010010	5.65008E+00	-3.17109E-03	5.67084E-03	-1.89152E-02	-2.14134E-01	-2.80513E-01	9.35660E-01	PRIM
1.97486E-02	1000010010	7.58821E+00	-7.22129E-03	8.45874E-04	4.54555E-04	-2.78733E-01	-8.45959E-01	-4.54601E-01	1000010010	7.58821E+00	-1.71671E-03	1.75524E-02	9.43227E-03	-2.78733E-01	-8.45959E-01	-4.54601E-01	PRIM
2.25990E-02	1000010010	1.92742E+01	-6.89782E-03	5.38087E-04	5.89779E-04	-6.02181E-01	-5.38087E-01	-5.89779E-01	1000010010	1.92742E+01	6.71088E-03	1.26983E-02	1.39182E-02	-6.02181E-01	-5.38087E-01	-5.89779E-01	PRIM
2.43518E-02	1000010010	8.85774E+00	-6.71383E-03	3.91964E-04	-4.77802E-04	-7.86174E-01	-3.91964E-01	4.77802E-01	1000010010	8.85774E+00	1.24309E-02	9.93700E-03	-1.21131E-02	-7.86174E-01	-3.91964E-01	4.77802E-01	PRIM
1.68861E-02	1000010010	1.98557E+02	-7.58885E-03	-9.42464E-04	-3.22284E-04	8.88468E-02	9.42464E-01	3.22284E-01	1000010010	1.98557E+02	-9.08912E-03	-1.68570E-02	-5.76441E-03	8.88468E-02	9.42464E-01	3.22284E-01	PRIM
1.81503E-02	1000010010	6.29606E+00	-7.41998E-03	-7.42067E-04	6.65532E-04	-8.00172E-02	7.42067E-01	-6.65532E-01	1000010010	6.29606E+00	-5.96764E-03	-1.42108E-02	1.27452E-02	-8.00172E-02	7.42067E-01	-6.65532E-01	PRIM
2.07194E-02	1000010010	6.14188E+00	-7.10722E-03	2.04274E-05	-9.19296E-04	-3.92822E-01	-2.04295E-02	9.19388E-01	1000010010	6.14188E+00	1.03180E-03	4.43713E-04	-1.99684E-02	-3.92822E-01	-2.04295E-02	9.19388E-01	PRIM
2.42984E-02	1000010010	5.24697E+00	-6.71930E-03	-4.12643E-04	4.69286E-04	-7.80703E-01	4.12643E-01	-4.69286E-01	1000010010	5.24697E+00	1.22505E-02	-1.04392E-02	1.18722E-02	-7.80703E-01	4.12643E-01	-4.69286E-01	PRIM
1.20864E-02	1000010010	6.17453E+00	-8.37876E-03	2.99404E-04	-3.71666E-04	8.78761E-01	-2.99404E-01	3.71666E-01	1000010010	6.17453E+00	-1.89998E-02	3.91812E-03	-4.86375E-03	8.78761E-01	-2.99404E-01	3.71666E-01	PRIM
1.96274E-02	1000010010	1.01682E+01	-7.23582E-03	2.04683E-05	-9.64257E-04	-2.64177E-01	-2.04683E-02	9.64257E-01	1000010010	1.01682E+01	-2.05071E-03	4.22208E-04	-1.98901E-02	-2.64177E-01	-2.04683E-02	9.64257E-01	PRIM
1.77384E-02	1000010010	7.62823E+00	-7.47375E-03	3.78202E-04	9.25351E-04	-2.62496E-02	-3.78202E-01	-9.25351E-01	1000010010	7.62823E+00	-7.00812E-03	7.08690E-03	1.73396E-02	-2.62496E-02	-3.78202E-01	-9.25351E-01	PRIM
2.12714E-02	1000010010	1.31687E+01	-7.04421E-03	2.89831E-04	8.41580E-04	-4.55786E-01	-2.89831E-01	-8.41580E-01	1000010010	1.31687E+01	2.65100E-03	6.45494E-03	1.87432E-02	-4.55786E-01	-2.89831E-01	-8.41580E-01	PRIM
1.95408E-02	1000010010	7.61804E+00	-7.24631E-03	-2.09740E-05	9.66956E-04	-2.53711E-01	2.09761E-02	-9.67053E-01	1000010010	7.61804E+00	-2.28859E-03	-4.30865E-04	1.98640E-02	-2.53711E-01	2.09761E-02	-9.67053E-01	PRIM
1.98970E-02	1000010010	6.87355E+00	-7.20352E-03	-2.85846E-04	-9.11257E-04	-2.96484E-01	2.85846E-01	9.11257E-01	1000010010	6.87355E+00	-1.30437E-03	-5.97331E-03	-1.90425E-02	-2.96484E-01	2.85846E-01	9.11257E-01	PRIM
1.62799E-02	1000010010	7.53575E+00	-7.67422E-03	-8.58729E-04	-4.81906E-04	1.74216E-01	8.58729E-01	4.81906E-01	1000010010	7.53575E+00	-1.05104E-02	-1.48387E-02	-8.32727E-03	1.74216E-01	8.58729E-01	4.81906E-01	PRIM
2.17666E-02	1000010010	5.26265E+00	-6.98882E-03	-7.56435E-04	-4.08050E-04	-5.11177E-01	7.56435E-01	4.08050E-01	1000010010	5.26265E+00	4.13773E-03	-1.72214E-02	-9.28990E-03	-5.11177E-01	7.56435E-01	4.08050E-01	PRIM
1.85082E-02	1000010010	6.63551E+00	-7.37418E-03	7.26583E-04	-6.75460E-04	-1.25822E-01	-7.26583E-01	6.75460E-01	1000010010	6.63551E+00	-5.04544E-03	1.41743E-02	-1.31770E-02	-1.25822E-01	-7.26583E-01	6.75460E-01	PRIM
2.43518E-02	1000010010	1.42372E+01	-6.71383E-03	3.91964E-04	-4.77802E-04	-7.86174E-01	-3.91964E-01	4.77802E-01	1000010010	1.42372E+01	1.24309E-02	9.93700E-03	-1.21131E-02	-7.86174E-01	-3.91964E-01	4.77802E-01	PRIM
2.59614E-02	1000010010	1.63734E+01	-6.55266E-03	3.19471E-04	1.67227E-05	-9.47438E-01	-3.19503E-01	-1.67244E-02	1000010010	1.63734E+01	1.80442E-02	8.61423E-03	4.50912E-04	-9.47438E-01	-3.19503E-01	-1.67244E-02	PRIM
1.21520E-02	1000010010	1.61366E+01	-8.36565E-03	-4.19454E-04	2.73337E-04	8.65647E-01	4.19454E-01	-2.73337E-01	1000010010	1.61366E+01	-1.88850E-02	-5.51666E-03	3.59493E-03	8.65647E-01	4.19454E-01	-2.73337E-01	PRIM
1.57146E-02	1000010010	1.12010E+01	-7.75673E-03	-6.02044E-04	7.55931E-04	2.56760E-01	6.02104E-01	-7.56006E-01	1000010010	1.12010E+01	-1.17916E-02	-1.00639E-02	1.26363E-02	2.56760E-01	6.02104E-01	-7.56006E-01	PRIM
2.05063E-02	1000010010	2.33275E+01	-7.13183E-03	1.80396E-04	-9.12089E-04	-3.68172E-01	-1.80396E-01	9.12089E-01	1000010010	2.33275E+01	4.18002E-04	3.87964E-03	-1.96156E-02	-3.68172E-01	-1.80396E-01	9.12089E-01	PRIM
2.26768E-02	1000010010	6.07686E+00	-6.88951E-03	-4.25921E-04	6.67606E-04	-6.10548E-01	4.25963E-01	-6.67672E-01	1000010010	6.07686E+00	6.95576E-03	-1.00854E-02	1.58083E-02	-6.10548E-01	4.25963E-01	-6.67672E-01	PRIM
2.42984E-02	1000010010	7.07460E+00	-6.71930E-03	-4.12643E-04	4.69286E-04	-7.80703E-01	4.12643E-01	-4.69286E-01	1000010010	7.07460E+00	1.22505E-02	-1.04392E-02	1.18722E-02	-7.80703E-01	4.12643E-01	-4.69286E-01	PRIM
2.00200E-02	1000010010	5.69335E+01	-7.18890E-03	-9.68787E-05	9.45427E-04	-3.11099E-01	9.68787E-02	-9.45427E-01	1000010010	5.69335E+01	-9.60702E-04	-2.03639E-03	1.98729E-02	-3.11099E-01	9.68787E-02	-9.45427E-01	PRIM
2.57541E-02	1000010010	1.68267E+01	-6.57306E-03	-9.29182E-05	-3.63251E-04	-9.27031E-01	9.29275E-02	3.63287E-01	1000010010	1.68267E+01	1.73018E-02	-2.48618E-03	-9.71939E-03	-9.27031E-01	9.29275E-02	3.63287E-01	PRIM
2.21586E-02	1000010010	5.19129E+00	-6.94564E-03	8.31017E-04	4.58172E-05	-5.54357E-01	-8.31017E-01	-4.58172E-02	1000010010	5.19129E+00	5.33815E-03	1.92452E-02	1.06106E-03	-5.54357E-01	-8.31017E-01	-4.58172E-02	PRIM
2.04666E-02	1000010010	7.53844E+00	-7.13644E-03	5.43349E-04	-7.56700E-04	-3.63561E-01	-5.43349E-01	7.56700E-01	1000010010	7.53844E+00	3.04442E-04	1.16639E-02	-1.62438E-02	-3.63561E-01	-5.43349E-01	7.56700E-01	PRIM
1.65676E-02	1000010010	1.48593E+01	-7.63332E-03	-7.03257E-04	-6.98324E-04	1.33317E-01	7.03257E-01	6.98324E-01	1000010010	1.48593E+01	-9.84205E-03	-1.23545E-02	-1.22678E-02	1.33317E-01	7.03257E-01	6.98324E-01	PRIM
2.05288E-02	1000010010	9.95228E+01	-7.12921E-03	-7.52034E-04	-5.44942E-04	-3.70787E-01	7.52034E-01	5.44942E-01	1000010010	9.95228E+01	4.82606E-04	-1.61904E-02	-1.17319E-02	-3.70787E-01	7.52034E-01	5.44942E-01	PRIM
1.82142E-02	1000010010	6.65478E+00	-7.41175E-03	6.41336E-04	7.62168E-04	-8.82517E-02	-6.41336E-01	-7.62168E-01	1000010010	6.65478E+00	-5.80431E-03	1.23228E-02	1.46444E-02	-8.82517E-02	-6.41336E-01	-7.62168E-01	PRIM
2.17666E-02	1000010010	5.12603E+00	-6.98882E-03	-7.56435E-04	-4.08050E-04	-5.11177E-01	7.56435E-01	4.08050E-01	1000010010	5.12603E+00	4.13773E-03	-1.72214E-02	-9.28990E-03	-5.11177E-01	7.56435E-01	4.08050E-01	PRIM
1.60089E-02	1000010010	6.39260E+00	-7.71341E-03	-9.45721E-04	-2.45089E-04	2.13411E-01	9.45721E-01	2.45089E-01	1000010010	6.39260E+00	-1.11299E-02	-1.60856E-02	-4.16868E-03	2.13411E-01	9.45721E-01	2.45089E-01	PRIM
1.79970E-02	1000010010	6.11891E+00	-7.43987E-03	-1.53623E-04	-9.86298E-04	-6.01306E-02	1.53623E-01	9.86298E-01	1000010010	6.11891E+00	-6.35770E-03	-2.91838E-03	-1.87367E-02	-6.01306E-02	1.53623E-01	9.86298E-01	PRIM
2.03852E-02	1000010010	5.73842E+00	-7.14594E-03	-1.57385E-05	9.35089E-04	-3.54064E-01	1.57385E-02	-9.35089E-01	1000010010	5.73842E+00	7.17128E-05	-3.36570E-04	1.99970E-02	-3.54064E-01	1.57385E-02	-9.35089E-01	PRIM
2.50157E-02	1000010010	6.35664E+01	-6.64650E-03	5.13404E-04	8.91975E-05	-8.53499E-01	-5.13404E-01	-8.91975E-02	1000010010	6.35664E+01	1.47043E-02	1.33566E-02	2.32053E-03	-8.53499E-01	-5.13404E-01	-8.91975E-02	PRIM
1.85152E-02	1000010010	8.22733E+01	-7.37328E-03	6.86516E-05	9.89560E-04	-1.26717E-01	-6.86516E-02	-9.89560E-01	1000010010	8.22733E+01	-5.02709E-03	1.33975E-03	1.93115E-02	-1.26717E-01	-6.86516E-02	-9.89560E-01	PRIM
1.57146E-02	1000010010	3.03046E+01	-7.75673E-03	-6.02044E-04	7.55931E-04	2.56760E-01	6.02104E-01	-7.56006E-01	1000010010	3.03046E+01	-1.17916E-02	-1.00639E-02	1.26363E-02	2.56760E-01	6.02104E-01	-7.56006E-01	PRIM
1.94304E-02	1000010010	9.13087E+00	-7.25970E-03	-9.04370E-04	-3.52381E-04	-2.40321E-01	9.04460E-01	3.52416E-01	1000010010	9.13087E+00	-2.59018E-03	-1.84784E-02	-7.19997E-03	-2.40321E-01	9.04460E-01	3.52416E-01	PRIM
1.85082E-02	1000010010	6.04480E+00	-7.37417E-03	6.97748E-04	7.05205E-04	-1.25832E-01	-6.97748E-01	-7.05205E-01	1000010010	6.04480E+00	-5.04525E-03	1.36118E-02	1.37573E-02	-1.25832E-01	-6.97748E-01	-7.05205E-01	PRIM
1.69541E-02	1000010010	1.16419E+01	-7.57946E-03	-4.93453E-04	-8.66135E-04	7.94636E-02	4.93453E-01	8.66135E-01	1000010010	1.16419E+01	-8.92670E-03	-8.85951E-03	-1.55507E-02	7.94636E-02	4.93453E-01	8.66135E-01	PRIM
2.04666E-02	1000010010	2.14658E+01	-7.13644E-03	5.43349E-04	-7.56700E-04	-3.63561E-01	-5.43349E-01	7.56700E-01	1000010010	2.14658E+01	3.04442E-04	1.16639E-02	-1.62438E-02	-3.63561E-01	-5.43349E-01	7.56700E-01	PRIM
1.77384E-02	1000010010	2.21686E+01	-7.47375E-03	3.78202E-04	9.25351E-04	-2.62496E-02	-3.78202E-01	-9.25351E-01	1000010010	2.21686E+01	-7.00812E-03	7.08690E-03	1.73396E-02	-2.62496E-02	-3.78202E-01	-9.25351E-01	PRIM
1.82142E-02	1000010010	5.59476E+00	-7.41175E-03	6.41336E-04	7.62168E-04	-8.82517E-02	-6.41336E-01	-7.62168E-01	1000010010	5.59476E+00	-5.80431E-03	1.23228E-02	1.46444E-02	-8.82517E-02	-6.41336E-01	-7.62168E-01	PRIM
2.43869E-02	1000010010	1.97574E+01	-6.71024E-03	-5.77203E-04	-2.07631E-04	-7.89763E-01	5.77203E-01	2.07631E-01	1000010010	1.97574E+01	1.25496E-02	-1.46534E-02	-5.27111E-03	-7.89763E-01	5.77203E-01	2.07631E-01	PRIM
1.38344E-02	1000010010	8.91430E+02	-8.05583E-03	-8.11773E-04	-1.78555E-04	5.55882E-01	8.11854E-01	1.78573E-01	1000010010	8.91430E+02	-1.57462E-02	-1.20433E-02	-2.64901E-03	5.55882E-01	8.11854E-01	1.78573E-01	PRIM
1.96274E-02	1000010010	1.22681E+01	-7.23582E-03	2.04683E-05	-9.64257E-04	-2.64177E-01	-2.04683E-02	9.64257E-01	1000010010	1.22681E+01	-2.05071E-03	4.22208E-04	-1.98901E-02	-2.64177E-01	-2.04683E-02	9.64257E-01	PRIM
2.19188E-02	1000010010	2.14157E+01	-6.97199E-03	4.01102E-04	7.48546E-04	-5.28011E-01	-4.01102E-01	-7.48546E-01	1000010010	2.14157E+01	4.60136E-03	9.19278E-03	1.71558E-02	-5.28011E-01	-4.01102E-01	-7.48546E-01	PRIM
1.22768E-02	1000010010	8.75674E+00	-8.34095E-03	-4.00050E-04	3.64375E-04	8.40946E-01	4.00050E-01	-3.64375E-01	1000010010	8.75674E+00	-1.86651E-02	-5.31140E-03	4.83774E-03	8.40946E-01	4.00050E-01	-3.64375E-01	PRIM
1.97655E-02	1000010010	1.68414E+01	-7.21923E-03	-1.86613E-04	9.41458E-04	-2.80770E-01	1.86613E-01	-9.41458E-01	1000010010	1.68414E+01	-1.66968E-03	-3.87510E-03	1.95498E-02	-2.80770E-01	1.86613E-01	-9.41458E-01	PRIM
2.06855E-02	1000010010	8.01882E+00	-7.11107E-03	1.29206E-05	9.21176E-04	-3.88931E-01	-1.29206E-02	-9.21176E-01	1000010010	8.01882E+00	9.34191E-04	2.80190E-04	1.99762E-02	-3.88931E-01	-1.29206E-02	-9.21176E-01	PRIM
2.04987E-02	1000010010	6.65697E+00	-7.13271E-03	-5.85364E-04	-7.22805E-04	-3.67291E-01	5.85364E-01	7.22805E-01	1000010010	6.65697E+00	3.96282E-04	-1.25846E-02	-1.55394E-02	-3.67291E-01	5.85364E-01	7.22805E-01	PRIM
2.03211E-02	1000010010	6.48608E+00	-7.15343E-03	1.73173E-05	9.37864E-04	-3.46572E-01	-1.73173E-02	-9.37864E-01	1000010010	6.48608E+00	-1.10708E-04	3.69223E-04	1.99963E-02	-3.46572E-01	-1.73173E-02	-9.37864E-01	PRIM
2.59226E-02	1000010010	1.08966E+01	-6.55637E-03	3.23557E-04	6.97618E-05	-9.43633E-01	-3.23557E-01	-6.97618E-02	1000010010	1.08966E+01	1.79051E-02	8.71101E-03	1.87817E-03	-9.43633E-01	-3.23557E-01	-6.97618E-02	PRIM
2.21586E-02	1000010010	1.29826E+01	-6.94564E-03	8.31017E-04	4.58172E-05	-5.54357E-01	-8.31017E-01	-4.58172E-02	1000010010	1.29826E+01	5.33815E-03	1.92452E-02	1.06106E-03	-5.54357E-01	-8.31017E-01	-4.58172E-02	PRIM
2.15835E-02	1000010010	7.80210E+00	-7.00918E-03	-6.76159E-04	-5.49463E-04	-4.90815E-01	6.76159E-01	5.49463E-01	1000010010	7.80210E+00	3.58433E-03	-1.52700E-02	-1.24088E-02	-4.90815E-01	6.76159E-01	5.49463E-01	PRIM
2.07194E-02	1000010010	1.44823E+02	-7.10722E-03	2.04274E-05	-9.19296E-04	-3.92822E-01	-2.04295E-02	9.19388E-01	1000010010	1.44823E+02	1.03180E-03	4.43713E-04	-1.99684E-02	-3.92822E-01	-2.04295E-02	9.19388E-01	PRIM
2.43372E-02	1000010010	5.77334E+00	-6.71541E-03	-3.28672E-04	-5.25539E-04	-7.84670E-01	3.28705E-01	5.25591E-01	1000010010	5.77334E+00	1.23813E-02	-8.32843E-03	-1.33170E-02	-7.84670E-01	3.28705E-01	5.25591E-01	PRIM
1.62799E-02	1000010010	8.77140E+00	-7.67422E-03	-8.58729E-04	-4.81906E-04	1.74216E-01	8.58729E-01	4.81906E-01	1000010010	8.77140E+00	-1.05104E-02	-1.48387E-02	-8.32727E-03	1.74216E-01	8.58729E-01	4.81906E-01	PRIM
2.28098E-02	1000010010	2.10203E+01	-6.87525E-03	-7.01793E-04	-3.42005E-04	-6.24817E-01	7.01863E-01	3.42039E-01	1000010010	2.10203E+01	7.37670E-03	-1.67111E-02	-8.14384E-03	-6.24817E-01	7.01863E-01	3.42039E-01	PRIM
1.24082E-02	1000010010	6.80640E+00	-8.31522E-03	5.62335E-04	1.37828E-04	8.15301E-01	-5.62391E-01	-1.37842E-01	1000010010	6.80640E+00	-1.84316E-02	7.54057E-03	1.84819E-03	8.15301E-01	-5.62391E-01	-1.37842E-01	PRIM
2.44541E-02	1000010010	5.42285E+01	-6.70346E-03	2.95814E-04	5.27089E-04	-7.96617E-01	-2.95844E-01	-5.27142E-01	1000010010	5.42285E+01	1.27771E-02	7.53040E-03	1.34179E-02	-7.96617E-01	-2.95844E-01	-5.27142E-01	PRIM
2.22718E-02	1000010010	7.17772E+00	-6.93335E-03	-1.76275E-04	-8.04758E-04	-5.66707E-01	1.76292E-01	8.04838E-01	1000010010	7.17772E+00	5.68826E-03	-4.10263E-03	-1.87300E-02	-5.66707E-01	1.76292E-01	8.04838E-01	PRIM
2.02041E-02	1000010010	5.73294E+00	-7.16715E-03	-7.91000E-05	9.39658E-04	-3.32846E-01	7.91000E-02	-9.39658E-01	1000010010	5.73294E+00	-4.42289E-04	-1.67725E-03	1.99246E-02	-3.32846E-01	7.91000E-02	-9.39658E-01	PRIM
2.03478E-02	1000010010	1.49249E+01	-7.15030E-03	-2.56287E-05	9.36512E-04	-3.49697E-01	2.56287E-02	-9.36512E-01	1000010010	1.49249E+01	-3.47428E-05	-5.47116E-04	1.99925E-02	-3.49697E-01	2.56287E-02	-9.36512E-01	PRIM
2.05288E-02	1000010010	1.40605E+01	-7.12921E-03	-7.52034E-04	-5.44942E-04	-3.70787E-01	7.52034E-01	5.44942E-01	1000010010	1.40605E+01	4.82606E-04	-1.61904E-02	-1.17319E-02	-3.70787E-01	7.52034E-01	5.44942E-01	PRIM
2.59614E-02	1000010010	8.94063E+00	-6.55266E-03	3.19471E-04	1.67227E-05	-9.47438E-01	-3.19503E-01	-1.67244E-02	1000010010	8.94063E+00	1.80442E-02	8.61423E-03	4.50912E-04	-9.47438E-01	-3.19503E-01	-1.67244E-02	PRIM
2.27660E-02	1000010010	2.57303E+01	-6.87993E-03	-6.99908E-04	3.54180E-04	-6.20130E-01	6.99978E-01	-3.54215E-01	1000010010	2.57303E+01	7.23798E-03	-1.66356E-02	8.41826E-03	-6.20130E-01	6.99978E-01	-3.54215E-01	PRIM
1.70285E-02	1000010010	9.60286E+00	-7.56923E-03	8.00232E-04	-5.95681E-04	6.92302E-02	-8.00232E-01	5.95681E-01	1000010010	9.60286E+00	-8.74812E-03	1.44270E-02	-1.07393E-02	6.92302E-02	-8.00232E-01	5.95681E-01	PRIM
1.40371E-02	1000010010	1.37389E+01	-8.02153E-03	-8.34876E-04	-1.76025E-04	5.21534E-01	8.34876E-01	1.76025E-01	1000010010	1.37389E+01	-1.53424E-02	-1.25541E-02	-2.64691E-03	5.21534E-01	8.34876E-01	1.76025E-01	PRIM
2.36523E-02	1000010010	5.13261E+00	-6.78610E-03	1.12111E-04	6.91219E-04	-7.13896E-01	-1.12111E-01	-6.91219E-01	1000010010	5.13261E+00	1.00992E-02	2.76380E-03	1.70402E-02	-7.13896E-01	-1.12111E-01	-6.91219E-01	PRIM
2.13543E-02	1000010010	1.05945E+01	-7.03487E-03	5.68763E-04	-6.78351E-04	-4.65133E-01	-5.68763E-01	6.78351E-01	1000010010	1.05945E+01	2.89773E-03	1.27143E-02	-1.51641E-02	-4.65133E-01	-5.68763E-01	6.78351E-01	PRIM
1.69684E-02	1000010010	7.50842E+00	-7.57750E-03	-2.38418E-04	9.68066E-04	7.74976E-02	2.38418E-01	-9.68066E-01	1000010010	7.50842E+00	-8.89251E-03	-4.28399E-03	1.73946E-02	7.74976E-02	2.38418E-01	-9.68066E-01	PRIM
1.52302E-02	1000010010	6.05635E+00	-7.82996E-03	-3.77702E-04	8.65141E-04	3.29959E-01	3.77702E-01	-8.65141E-01	1000010010	6.05635E+00	-1.28553E-02	-6.13020E-03	1.40414E-02	3.29959E-01	3.77702E-01	-8.65141E-01	PRIM
2.64586E-02	1000010010	1.83641E+01	-6.50401E-03	8.57027E-05	2.58020E-05	-9.95987E-01	-8.57027E-02	-2.58020E-02	1000010010	1.83641E+01	1.98484E-02	2.35328E-03	7.08487E-04	-9.95987E-01	-8.57027E-02	-2.58020E-02	PRIM
2.19188E-02	1000010010	5.17591E+01	-6.97199E-03	4.01102E-04	7.48546E-04	-5.28011E-01	-4.01102E-01	-7.48546E-01	1000010010	5.17591E+01	4.60136E-03	9.19278E-03	1.71558E-02	-5.28011E-01	-4.01102E-01	-7.48546E-01	PRIM
2.39301E-02	1000010010	6.01627E+00	-6.75723E-03	1.18854E-04	6.58914E-04	-7.42769E-01	-1.18854E-01	-6.58914E-01	1000010010	6.01627E+00	1.10173E-02	2.96304E-03	1.64268E-02	-7.42769E-01	-1.18854E-01	-6.58914E-01	PRIM
1.97486E-02	1000010010	1.98636E+01	-7.22129E-03	8.45874E-04	4.54555E-04	-2.78733E-01	-8.45959E-01	-4.54601E-01	1000010010	1.98636E+01	-1.71671E-03	1.75524E-02	9.43227E-03	-2.78733E-01	-8.45959E-01	-4.54601E-01	PRIM
2.03478E-02	1000010010	7.90231E+00	-7.15030E-03	-2.56287E-05	9.36512E-04	-3.49697E-01	2.56287E-02	-9.36512E-01	1000010010	7.90231E+00	-3.47428E-05	-5.47116E-04	1.99925E-02	-3.49697E-01	2.56287E-02	-9.36512E-01	PRIM
1.78122E-02	1000010010	6.28046E+00	-7.46404E-03	-5.28548E-04	8.48141E-04	-3.59627E-02	5.28548E-01	-8.48141E-01	1000010010	6.28046E+00	-6.82346E-03	-9.94315E-03	1.59554E-02	-3.59627E-02	5.28548E-01	-8.48141E-01	PRIM
1.83966E-02	1000010010	1.20067E+01	-7.38837E-03	-4.05733E-04	9.07150E-04	-1.11628E-01	4.05733E-01	-9.07150E-01	1000010010	1.20067E+01	-5.33479E-03	-7.86983E-03	1.75956E-02	-1.11628E-01	4.05733E-01	-9.07150E-01	PRIM
1.98572E-02	1000010010	1.13573E+01	-7.20827E-03	-3.21591E-04	9.00817E-04	-2.91734E-01	3.21591E-01	-9.00817E-01	1000010010	1.13573E+01	-1.41526E-03	-6.70747E-03	1.87885E-02	-2.91734E-01	3.21591E-01	-9.00817E-01	PRIM
2.54579E-02	1000010010	5.31767E+00	-6.60229E-03	-4.27923E-04	1.04906E-04	-8.97706E-01	4.27923E-01	-1.04906E-01	1000010010	5.31767E+00	1.62514E-02	-1.13220E-02	2.77559E-03	-8.97706E-01	4.27923E-01	-1.04906E-01	PRIM
2.18999E-02	1000010010	9.72483E+00	-6.97408E-03	-4.96827E-05	-8.49080E-04	-5.25923E-01	4.96827E-02	8.49080E-01	1000010010	9.72483E+00	4.54356E-03	-1.13773E-03	-1.94438E-02	-5.25923E-01	4.96827E-02	8.49080E-01	PRIM
2.00200E-02	1000010010	5.74971E+00	-7.18890E-03	-9.68787E-05	9.45427E-04	-3.11099E-01	9.68787E-02	-9.45427E-01	1000010010	5.74971E+00	-9.60702E-04	-2.03639E-03	1.98729E-02	-3.11099E-01	9.68787E-02	-9.45427E-01	PRIM
1.63278E-02	1000010010	7.82667E+00	-7.66736E-03	-8.61085E-04	4.80129E-04	1.67357E-01	8.61085E-01	-4.80129E-01	1000010010	7.82667E+00	-1.03999E-02	-1.49207E-02	8.31955E-03	1.67357E-01	8.61085E-01	-4.80129E-01	PRIM
1.85082E-02	1000010010	5.96878E+00	-7.37417E-03	6.97748E-04	7.05205E-04	-1.25832E-01	-6.97748E-01	-7.05205E-01	1000010010	5.96878E+00	-5.04525E-03	1.36118E-02	1.37573E-02	-1.25832E-01	-6.97748E-01	-7.05205E-01	PRIM
2.07778E-02	1000010010	1.87947E+01	-7.10044E-03	1.72266E-05	9.16544E-04	-3.99564E-01	-1.72266E-02	-9.16544E-01	1000010010	1.87947E+01	1.20164E-03	3.75158E-04	1.99603E-02	-3.99564E-01	-1.72266E-02	-9.16544E-01	PRIM
1.17460E-02	1000010010	7.18633E+00	-8.44815E-03	-1.77576E-04	-2.63208E-04	9.48245E-01	1.77593E-01	2.63234E-01	1000010010	7.18633E+00	-1.95862E-02	-2.26358E-03	-3.35515E-03	9.48245E-01	1.77593E-01	2.63234E-01	PRIM
2.06473E-02	1000010010	9.29136E+00	-7.11548E-03	1.56162E-04	-9.09813E-04	-3.84519E-01	-1.56162E-01	9.09813E-01	1000010010	9.29136E+00	8.23808E-04	3.38048E-03	-1.96950E-02	-3.84519E-01	-1.56162E-01	9.09813E-01	PRIM
1.38344E-02	1000010010	8.61671E+00	-8.05583E-03	-8.11773E-04	-1.78555E-04	5.55882E-01	8.11854E-01	1.78573E-01	1000010010	8.61671E+00	-1.57462E-02	-1.20433E-02	-2.64901E-03	5.55882E-01	8.11854E-01	1.78573E-01	PRIM
1.69541E-02	1000010010	3.28286E+01	-7.57946E-03	-4.93453E-04	-8.66135E-04	7.94636E-02	4.93453E-01	8.66135E-01	1000010010	3.28286E+01	-8.92670E-03	-8.85951E-03	-1.55507E-02	7.94636E-02	4.93453E-01	8.66135E-01	PRIM
1.93159E-02	1000010010	9.94106E+00	-7.27363E-03	-1.57027E-04	9.61300E-04	-2.26373E-01	1.57027E-01	-9.61300E-01	1000010010	9.94106E+00	-2.90103E-03	-3.19015E-03	1.95296E-02	-2.26373E-01	1.57027E-01	-9.61300E-01	PRIM
2.39891E-02	1000010010	5.08908E+00	-6.75121E-03	-3.69953E-04	-5.49776E-04	-7.48861E-01	3.69990E-01	5.49831E-01	1000010010	5.08908E+00	1.12133E-02	-9.24567E-03	-1.37397E-02	-7.48861E-01	3.69990E-01	5.49831E-01	PRIM
1.54141E-02	1000010010	1.20323E+01	-7.80187E-03	-7.84044E-04	5.42169E-04	3.01904E-01	7.84122E-01	-5.42224E-01	1000010010	1.20323E+01	-1.24554E-02	-1.28706E-02	8.90004E-03	3.01904E-01	7.84122E-01	-5.42224E-01	PRIM
1.95382E-02	1000010010	5.10655E+00	-7.24659E-03	-6.96843E-04	6.70966E-04	-2.53405E-01	6.96843E-01	-6.70966E-01	1000010010	5.10655E+00	-2.29551E-03	-1.43119E-02	1.37804E-02	-2.53405E-01	6.96843E-01	-6.70966E-01	PRIM
1.63278E-02	1000010010	7.63591E+00	-7.66736E-03	-8.61085E-04	4.80129E-04	1.67357E-01	8.61085E-01	-4.80129E-01	1000010010	7.63591E+00	-1.03999E-02	-1.49207E-02	8.31955E-03	1.67357E-01	8.61085E-01	-4.80129E-01	PRIM
2.39851E-02	1000010010	2.54347E+01	-6.75154E-03	6.63142E-04	7.58131E-06	-7.48456E-01	-6.63142E-01	-7.58131E-03	1000010010	2.54347E+01	1.12002E-02	1.65686E-02	1.89419E-04	-7.48456E-01	-6.63142E-01	-7.58131E-03	PRIM
1.77384E-02	1000010010	1.87154E+01	-7.47375E-03	3.78202E-04	9.25351E-04	-2.62496E-02	-3.78202E-01	-9.25351E-01	1000010010	1.87154E+01	-7.00812E-03	7.08690E-03	1.73396E-02	-2.62496E-02	-3.78202E-01	-9.25351E-01	PRIM
2.06408E-02	1000010010	6.26604E+00	-7.11624E-03	9.16532E-04	-1.12687E-04	-3.83758E-01	-9.16532E-01	1.12687E-01	1000010010	6.26604E+00	8.04805E-04	1.98344E-02	-2.43864E-03	-3.83758E-01	-9.16532E-01	1.12687E-01	PRIM
1.83785E-02	1000010010	1.58040E+01	-7.39068E-03	5.16842E-04	8.49072E-04	-1.09322E-01	-5.16842E-01	-8.49072E-01	1000010010	1.58040E+01	-5.38150E-03	1.00156E-02	1.64538E-02	-1.09322E-01	-5.16842E-01	-8.49072E-01	PRIM
1.97748E-02	1000010010	5.94365E+00	-7.21811E-03	9.57812E-04	-5.60082E-05	-2.81886E-01	-9.57812E-01	5.60082E-02	1000010010	5.94365E+00	-1.64387E-03	1.98983E-02	-1.16356E-03	-2.81886E-01	-9.57812E-01	5.60082E-02	PRIM
1.52308E-02	1000010010	1.21924E+01	-7.82988E-03	9.24122E-04	-1.92816E-04	3.29878E-01	-9.24122E-01	1.92816E-01	1000010010	1.21924E+01	-1.28542E-02	1.49992E-02	-3.12955E-03	3.29878E-01	-9.24122E-01	1.92816E-01	PRIM
2.48493E-02	1000010010	7.90356E+00	-6.66326E-03	4.88252E-04	2.47934E-04	-8.36743E-01	-4.88252E-01	-2.47934E-01	1000010010	7.90356E+00	1.41293E-02	1.26210E-02	6.40894E-03	-8.36743E-01	-4.88252E-01	-2.47934E-01	PRIM
2.09694E-02	1000010010	1.86754E+01	-7.07849E-03	-5.58746E-05	9.05100E-04	-4.21512E-01	5.58746E-02	-9.05100E-01	1000010010	1.86754E+01	1.76038E-03	-1.22753E-03	1.98845E-02	-4.21512E-01	5.58746E-02	-9.05100E-01	PRIM
1.99631E-02	1000010010	8.05513E+00	-7.19565E-03	2.23570E-04	-9.25953E-04	-3.04349E-01	-2.23570E-01	9.25953E-01	1000010010	8.05513E+00	-1.11991E-03	4.68673E-03	-1.94108E-02	-3.04349E-01	-2.23570E-01	9.25953E-01	PRIM
2.25990E-02	1000010010	9.51663E+00	-6.89782E-03	5.38087E-04	5.89779E-04	-6.02181E-01	-5.38087E-01	-5.89779E-01	1000010010	9.51663E+00	6.71088E-03	1.26983E-02	1.39182E-02	-6.02181E-01	-5.38087E-01	-5.89779E-01	PRIM
2.40428E-02	1000010010	7.38516E+00	-6.74558E-03	-4.20198E-04	-5.04263E-04	-7.54422E-01	4.20198E-01	5.04263E-01	1000010010	7.38516E+00	1.13929E-02	-1.05229E-02	-1.26282E-02	-7.54422E-01	4.20198E-01	5.04263E-01	PRIM
1.52009E-02	1000010010	5.54741E+00	-7.83448E-03	7.26560E-04	-6.00197E-04	3.34475E-01	-7.26560E-01	6.00197E-01	1000010010	5.54741E+00	-1.29188E-02	1.17709E-02	-9.72372E-03	3.34475E-01	-7.26560E-01	6.00197E-01	PRIM
1.69541E-02	1000010010	7.28739E+00	-7.57946E-03	-4.93453E-04	-8.66135E-04	7.94636E-02	4.93453E-01	8.66135E-01	1000010010	7.28739E+00	-8.92670E-03	-8.85951E-03	-1.55507E-02	7.94636E-02	4.93453E-01	8.66135E-01	PRIM
2.48978E-02	1000010010	9.89155E+00	-6.65837E-03	5.07858E-04	-1.83687E-04	-8.41629E-01	-5.07858E-01	1.83687E-01	1000010010	9.89155E+00	1.42963E-02	1.31524E-02	-4.75709E-03	-8.41629E-01	-5.07858E-01	1.83687E-01	PRIM
2.24254E-02	1000010010	1.10068E+01	-6.91659E-03	-7.06539E-05	8.09098E-04	-5.83411E-01	7.06539E-02	-8.09098E-01	1000010010	1.10068E+01	6.16665E-03	-1.65510E-03	1.89534E-02	-5.83411E-01	7.06539E-02	-8.09098E-01	PRIM
2.32170E-02	1000010010	8.94804E+00	-6.83183E-03	-5.74405E-04	-4.72878E-04	-6.68166E-01	5.74405E-01	4.72878E-01	1000010010	8.94804E+00	8.68099E-03	-1.39104E-02	-1.14517E-02	-6.68166E-01	5.74405E-01	4.72878E-01	PRIM
2.21639E-02	1000010010	1.66653E+01	-6.94507E-03	4.05635E-04	7.26301E-04	-5.54929E-01	-4.05635E-01	-7.26301E-01	1000010010	1.66653E+01	5.35430E-03	9.39608E-03	1.68239E-02	-5.54929E-01	-4.05635E-01	-7.26301E-01	PRIM
2.64586E-02	1000010010	9.56240E+00	-6.50401E-03	8.57027E-05	2.58020E-05	-9.95987E-01	-8.57027E-02	-2.58020E-02	1000010010	9.56240E+00	1.98484E-02	2.35328E-03	7.08487E-04	-9.95987E-01	-8.57027E-02	-2.58020E-02	PRIM
2.20079E-02	1000010010	1.10782E+01	-6.96218E-03	4.67823E-04	-7.01349E-04	-5.37820E-01	-4.67823E-01	7.01349E-01	1000010010	1.10782E+01	4.87409E-03	1.07636E-02	-1.61365E-02	-5.37820E-01	-4.67823E-01	7.01349E-01	PRIM
2.11292E-02	1000010010	7.49894E+00	-7.06031E-03	8.42313E-04	3.11740E-04	-4.39690E-01	-8.42313E-01	-3.11740E-01	1000010010	7.49894E+00	2.22998E-03	1.86397E-02	6.89854E-03	-4.39690E-01	-8.42313E-01	-3.11740E-01	PRIM
2.31613E-02	1000010010	6.22070E+00	-6.83773E-03	2.40815E-04	-7.09514E-04	-6.62267E-01	-2.40815E-01	7.09514E-01	1000010010	6.22070E+00	8.50123E-03	5.81840E-03	-1.71428E-02	-6.62267E-01	-2.40815E-01	7.09514E-01	PRIM
2.05026E-02	1000010010	8.11136E+00	-7.13225E-03	5.21969E-04	-7.69616E-04	-3.67748E-01	-5.21969E-01	7.69616E-01	1000010010	8.11136E+00	4.07560E-04	1.12237E-02	-1.65488E-02	-3.67748E-01	-5.21969E-01	7.69616E-01	PRIM
1.98976E-02	1000010010	2.27740E+01	-7.20344E-03	8.37877E-04	4.58276E-04	-2.96555E-01	-8.37877E-01	-4.58276E-01	1000010010	2.27740E+01	-1.30271E-03	1.75096E-02	9.57687E-03	-2.96555E-01	-8.37877E-01	-4.58276E-01	PRIM
2.50731E-02	1000010010	5.72070E+00	-6.64083E-03	-4.72081E-05	-5.09316E-04	-8.59253E-01	4.72128E-02	5.09367E-01	1000010010	5.72070E+00	1.49033E-02	-1.23098E-03	-1.32807E-02	-8.59253E-01	4.72128E-02	5.09367E-01	PRIM
1.57146E-02	1000010010	1.07111E+02	-7.75673E-03	-6.02044E-04	7.55931E-04	2.56760E-01	6.02104E-01	-7.56006E-01	1000010010	1.07111E+02	-1.17916E-02	-1.00639E-02	1.26363E-02	2.56760E-01	6.02104E-01	-7.56006E-01	PRIM
1.40371E-02	1000010010	6.80116E+00	-8.02153E-03	-8.34876E-04	-1.76025E-04	5.21534E-01	8.34876E-01	1.76025E-01	1000010010	6.80116E+00	-1.53424E-02	-1.25541E-02	-2.64691E-03	5.21534E-01	8.34876E-01	1.76025E-01	PRIM
1.69800E-02	1000010010	7.36550E+00	-7.57590E-03	-8.27751E-04	5.55938E-04	7.59011E-02	8.27751E-01	-5.55938E-01	1000010010	7.36550E+00	-8.86470E-03	-1.48829E-02	9.99575E-03	7.59011E-02	8.27751E-01	-5.55938E-01	PRIM
2.07194E-02	1000010010	3.07578E+01	-7.10722E-03	2.04274E-05	-9.19296E-04	-3.92822E-01	-2.04295E-02	9.19388E-01	1000010010	3.07578E+01	1.03180E-03	4.43713E-04	-1.99684E-02	-3.92822E-01	-2.04295E-02	9.19388E-01	PRIM
2.31008E-02	1000010010	8.16774E+00	-6.84415E-03	4.00466E-04	-6.39914E-04	-6.55848E-01	-4.00466E-01	6.39914E-01	1000010010	8.16774E+00	8.30643E-03	9.65153E-03	-1.54224E-02	-6.55848E-01	-4.00466E-01	6.39914E-01	PRIM
1.83835E-02	1000010010	6.12596E+00	-7.39005E-03	-2.51812E-04	-9.61510E-04	-1.09954E-01	2.51812E-01	9.61510E-01	1000010010	6.12596E+00	-5.36871E-03	-4.88099E-03	-1.86374E-02	-1.09954E-01	2.51812E-01	9.61510E-01	PRIM
2.31035E-02	1000010010	5.96222E+01	-6.84386E-03	-5.73998E-04	-4.89911E-04	-6.56135E-01	5.73998E-01	4.89911E-01	1000010010	5.96222E+01	8.31514E-03	-1.38353E-02	-1.18085E-02	-6.56135E-01	5.73998E-01	4.89911E-01	PRIM
1.74345E-02	1000010010	2.16841E+01	-7.51419E-03	7.29968E-05	9.97131E-04	1.41899E-02	-7.30041E-02	-9.97231E-01	1000010010	2.16841E+01	-7.76158E-03	1.34578E-03	1.83833E-02	1.41899E-02	-7.30041E-02	-9.97231E-01	PRIM
2.26768E-02	1000010010	3.06838E+01	-6.88951E-03	-4.25921E-04	6.67606E-04	-6.10548E-01	4.25963E-01	-6.67672E-01	1000010010	3.06838E+01	6.95576E-03	-1.00854E-02	1.58083E-02	-6.10548E-01	4.25963E-01	-6.67672E-01	PRIM
2.05288E-02	1000010010	2.21596E+01	-7.12921E-03	-7.52034E-04	-5.44942E-04	-3.70787E-01	7.52034E-01	5.44942E-01	1000010010	2.21596E+01	4.82606E-04	-1.61904E-02	-1.17319E-02	-3.70787E-01	7.52034E-01	5.44942E-01	PRIM
2.28102E-02	1000010010	7.58883E+00	-6.87513E-03	8.34890E-05	7.76250E-04	-6.24873E-01	-8.34890E-02	-7.76250E-01	1000010010	7.58883E+00	7.37833E-03	1.98789E-03	1.84827E-02	-6.24873E-01	-8.34890E-02	-7.76250E-01	PRIM
1.83785E-02	1000010010	5.23501E+00	-7.39068E-03	5.16842E-04	8.49072E-04	-1.09322E-01	-5.16842E-01	-8.49072E-01	1000010010	5.23501E+00	-5.38150E-03	1.00156E-02	1.64538E-02	-1.09322E-01	-5.16842E-01	-8.49072E-01	PRIM
1.23371E-02	1000010010	5.65664E+00	-8.32913E-03	1.85942E-04	-5.27223E-04	8.29133E-01	-1.85942E-01	5.27223E-01	1000010010	5.65664E+00	-1.85582E-02	2.47991E-03	-7.03160E-03	8.29133E-01	-1.85942E-01	5.27223E-01	PRIM
1.70285E-02	1000010010	1.45697E+01	-7.56923E-03	8.00232E-04	-5.95681E-04	6.92302E-02	-8.00232E-01	5.95681E-01	1000010010	1.45697E+01	-8.74812E-03	1.44270E-02	-1.07393E-02	6.92302E-02	-8.00232E-01	5.95681E-01	PRIM
1.72502E-02	1000010010	7.70637E+01	-7.53902E-03	8.95101E-04	-4.44153E-04	3.90190E-02	-8.95101E-01	4.44153E-01	1000010010	7.70637E+01	-8.21210E-03	1.63357E-02	-8.10586E-03	3.90190E-02	-8.95101E-01	4.44153E-01	PRIM
2.06855E-02	1000010010	1.19674E+01	-7.11107E-03	1.29206E-05	9.21176E-04	-3.88931E-01	-1.29206E-02	-9.21176E-01	1000010010	1.19674E+01	9.34191E-04	2.80190E-04	1.99762E-02	-3.88931E-01	-1.29206E-02	-9.21176E-01	PRIM
1.73590E-02	1000010010	3.12388E+01	-7.52433E-03	-4.59051E-05	9.98650E-04	2.43255E-02	4.59051E-02	-9.98650E-01	1000010010	3.12388E+01	-7.94659E-03	-8.42770E-04	1.83342E-02	2.43255E-02	4.59051E-02	-9.98650E-01	PRIM
1.62799E-02	1000010010	1.55254E+01	-7.67422E-03	-8.58729E-04	-4.81906E-04	1.74216E-01	8.58729E-01	4.81906E-01	1000010010	1.55254E+01	-1.05104E-02	-1.48387E-02	-8.32727E-03	1.74216E-01	8.58729E-01	4.81906E-01	PRIM
1.73598E-02	1000010010	5.60869E+00	-7.52421E-03	6.50529E-04	-7.59095E-04	2.42118E-02	-6.50529E-01	7.59095E-01	1000010010	5.60869E+00	-7.94452E-03	1.19436E-02	-1.39368E-02	2.42118E-02	-6.50529E-01	7.59095E-01	PRIM
2.15214E-02	1000010010	6.49068E+00	-7.01618E-03	2.88863E-04	8.25999E-04	-4.83870E-01	-2.88892E-01	-8.26082E-01	1000010010	6.49068E+00	3.39740E-03	6.50623E-03	1.86045E-02	-4.83870E-01	-2.88892E-01	-8.26082E-01	PRIM
1.81503E-02	1000010010	1.65629E+01	-7.41998E-03	-7.42067E-04	6.65532E-04	-8.00172E-02	7.42067E-01	-6.65532E-01	1000010010	1.65629E+01	-5.96764E-03	-1.42108E-02	1.27452E-02	-8.00172E-02	7.42067E-01	-6.65532E-01	PRIM
1.47250E-02	1000010010	8.54863E+00	-7.90898E-03	8.78656E-04	-2.45957E-04	4.09025E-01	-8.78744E-01	2.45982E-01	1000010010	8.54863E+00	-1.39319E-02	1.38181E-02	-3.86804E-03	4.09025E-01	-8.78744E-01	2.45982E-01	PRIM
1.40371E-02	1000010010	3.34537E+01	-8.02153E-03	-8.34876E-04	-1.76025E-04	5.21534E-01	8.34876E-01	1.76025E-01	1000010010	3.34537E+01	-1.53424E-02	-1.25541E-02	-2.64691E-03	5.21534E-01	8.34876E-01	1.76025E-01	PRIM
2.62769E-02	1000010010	5.64094E+01	-6.52169E-03	1.00102E-04	-1.81365E-04	-9.78308E-01	-1.00102E-01	1.81365E-01	1000010010	5.64094E+01	1.91852E-02	2.73048E-03	-4.94708E-03	-9.78308E-01	-1.00102E-01	1.81365E-01	PRIM
2.03478E-02	1000010010	3.47888E+01	-7.15030E-03	-2.56287E-05	9.36512E-04	-3.49697E-01	2.56287E-02	-9.36512E-01	1000010010	3.47888E+01	-3.47428E-05	-5.47116E-04	1.99925E-02	-3.49697E-01	2.56287E-02	-9.36512E-01	PRIM
1.82142E-02	1000010010	5.84054E+00	-7.41175E-03	6.41336E-04	7.62168E-04	-8.82517E-02	-6.41336E-01	-7.62168E-01	1000010010	5.84054E+00	-5.80431E-03	1.23228E-02	1.46444E-02	-8.82517E-02	-6.41336E-01	-7.62168E-01	PRIM
1.47250E-02	1000010010	2.28630E+01	-7.90898E-03	8.78656E-04	-2.45957E-04	4.09025E-01	-8.78744E-01	2.45982E-01	1000010010	2.28630E+01	-1.39319E-02	1.38181E-02	-3.86804E-03	4.09025E-01	-8.78744E-01	2.45982E-01	PRIM
1.83785E-02	1000010010	1.32987E+01	-7.39068E-03	5.16842E-04	8.49072E-04	-1.09322E-01	-5.16842E-01	-8.49072E-01	1000010010	1.32987E+01	-5.38150E-03	1.00156E-02	1.64538E-02	-1.09322E-01	-5.16842E-01	-8.49072E-01	PRIM
2.06473E-02	1000010010	9.87787E+00	-7.11548E-03	1.56162E-04	-9.09813E-04	-3.84519E-01	-1.56162E-01	9.09813E-01	1000010010	9.87787E+00	8.23808E-04	3.38048E-03	-1.96950E-02	-3.84519E-01	-1.56162E-01	9.09813E-01	PRIM
1.22687E-02	1000010010	1.19103E+01	-8.34247E-03	-1.12256E-04	5.26728E-04	8.42555E-01	1.12267E-01	-5.26781E-01	1000010010	1.19103E+01	-1.86796E-02	-1.48963E-03	6.98966E-03	8.42555E-01	1.12267E-01	-5.26781E-01	PRIM
2.32773E-02	1000010010	1.68151E+01	-6.82547E-03	5.75810E-04	-4.62005E-04	-6.74532E-01	-5.75810E-01	4.62005E-01	1000010010	1.68151E+01	8.87583E-03	1.39791E-02	-1.12162E-02	-6.74532E-01	-5.75810E-01	4.62005E-01	PRIM
1.91190E-02	1000010010	7.69309E+01	-7.29779E-03	1.22941E-04	9.71595E-04	-2.02210E-01	-1.22941E-01	-9.71595E-01	1000010010	7.69309E+01	-3.43174E-03	2.47345E-03	1.95475E-02	-2.02210E-01	-1.22941E-01	-9.71595E-01	PRIM
1.72502E-02	1000010010	5.15612E+00	-7.53902E-03	8.95101E-04	-4.44153E-04	3.90190E-02	-8.95101E-01	4.44153E-01	1000010010	5.15612E+00	-8.21210E-03	1.63357E-02	-8.10586E-03	3.90190E-02	-8.95101E-01	4.44153E-01	PRIM
1.83785E-02	1000010010	5.69913E+00	-7.39068E-03	5.16842E-04	8.49072E-04	-1.09322E-01	-5.16842E-01	-8.49072E-01	1000010010	5.69913E+00	-5.38150E-03	1.00156E-02	1.64538E-02	-1.09322E-01	-5.16842E-01	-8.49072E-01	PRIM
1.99631E-02	1000010010	1.51883E+01	-7.19565E-03	2.23570E-04	-9.25953E-04	-3.04349E-01	-2.23570E-01	9.25953E-01	1000010010	1.51883E+01	-1.11991E-03	4.68673E-03	-1.94108E-02	-3.04349E-01	-2.23570E-01	9.25953E-01	PRIM
1.38746E-02	1000010010	6.12286E+00	-8.04901E-03	-4.55734E-04	7.00635E-04	5.49015E-01	4.55734E-01	-7.00635E-01	1000010010	6.12286E+00	-1.56664E-02	-6.77887E-03	1.04217E-02	5.49015E-01	4.55734E-01	-7.00635E-01	PRIM
2.05288E-02	1000010010	5.91405E+00	-7.12921E-03	-7.52034E-04	-5.44942E-04	-3.70787E-01	7.52034E-01	5.44942E-01	1000010010	5.91405E+00	4.82606E-04	-1.61904E-02	-1.17319E-02	-3.70787E-01	7.52034E-01	5.44942E-01	PRIM
1.89401E-02	1000010010	5.52201E+00	-7.31994E-03	-7.44138E-04	-6.43302E-04	-1.80059E-01	7.44138E-01	6.43302E-01	1000010010	5.52201E+00	-3.90961E-03	-1.48382E-02	-1.28275E-02	-1.80059E-01	7.44138E-01	6.43302E-01	PRIM
1.52009E-02	1000010010	5.32726E+00	-7.83448E-03	7.26560E-04	-6.00197E-04	3.34475E-01	-7.26560E-01	6.00197E-01	1000010010	5.32726E+00	-1.29188E-02	1.17709E-02	-9.72372E-03	3.34475E-01	-7.26560E-01	6.00197E-01	PRIM
2.37719E-02	1000010010	1.02022E+02	-6.77365E-03	-5.27383E-05	-6.85297E-04	-7.26352E-01	5.27383E-02	6.85297E-01	1000010010	1.02022E+02	1.04931E-02	-1.30643E-03	-1.69761E-02	-7.26352E-01	5.27383E-02	6.85297E-01	PRIM
1.68861E-02	1000010010	7.21639E+00	-7.58885E-03	-9.42464E-04	-3.22284E-04	8.88468E-02	9.42464E-01	3.22284E-01	1000010010	7.21639E+00	-9.08912E-03	-1.68570E-02	-5.76441E-03	8.88468E-02	9.42464E-01	3.22284E-01	PRIM
1.20727E-02	1000010010	1.17873E+01	-8.38151E-03	-4.64246E-04	8.61158E-05	8.81510E-01	4.64246E-01	-8.61158E-02	1000010010	1.17873E+01	-1.90237E-02	-6.06893E-03	1.12576E-03	8.81510E-01	4.64246E-01	-8.61158E-02	PRIM
2.04101E-02	1000010010	6.26162E+00	-7.14303E-03	-1.63438E-04	9.19707E-04	-3.56968E-01	1.63438E-01	-9.19707E-01	1000010010	6.26162E+00	1.42708E-04	-3.49922E-03	1.96910E-02	-3.56968E-01	1.63438E-01	-9.19707E-01	PRIM
2.02041E-02	1000010010	8.53347E+00	-7.16715E-03	-7.91000E-05	9.39658E-04	-3.32846E-01	7.91000E-02	-9.39658E-01	1000010010	8.53347E+00	-4.42289E-04	-1.67725E-03	1.99246E-02	-3.32846E-01	7.91000E-02	-9.39658E-01	PRIM
2.52197E-02	1000010010	8.95983E+00	-6.62605E-03	2.93547E-04	3.87343E-04	-8.73954E-01	-2.93547E-01	-3.87343E-01	1000010010	8.95983E+00	1.54148E-02	7.69670E-03	1.01560E-02	-8.73954E-01	-2.93547E-01	-3.87343E-01	PRIM
2.19712E-02	1000010010	8.15829E+00	-6.96621E-03	-1.42999E-04	8.33440E-04	-5.33787E-01	1.42999E-01	-8.33440E-01	1000010010	8.15829E+00	4.76172E-03	-3.28486E-03	1.91451E-02	-5.33787E-01	1.42999E-01	-8.33440E-01	PRIM
2.07778E-02	1000010010	1.90021E+01	-7.10044E-03	1.72266E-05	9.16544E-04	-3.99564E-01	-1.72266E-02	-9.16544E-01	1000010010	1.90021E+01	1.20164E-03	3.75158E-04	1.99603E-02	-3.99564E-01	-1.72266E-02	-9.16544E-01	PRIM
2.00200E-02	1000010010	8.28975E+00	-7.18890E-03	-9.68787E-05	9.45427E-04	-3.11099E-01	9.68787E-02	-9.45427E-01	1000010010	8.28975E+00	-9.60702E-04	-2.03639E-03	1.98729E-02	-3.11099E-01	9.68787E-02	-9.45427E-01	PRIM
1.96465E-02	1000010010	3.74255E+01	-7.23352E-03	-3.18718E-05	9.63314E-04	-2.66479E-01	3.18718E-02	-9.63314E-01	1000010010	3.74255E+01	-1.99815E-03	-6.58041E-04	1.98891E-02	-2.66479E-01	3.18718E-02	-9.63314E-01	PRIM
2.31035E-02	1000010010	5.15076E+00	-6.84386E-03	-5.73998E-04	-4.89911E-04	-6.56135E-01	5.73998E-01	4.89911E-01	1000010010	5.15076E+00	8.31514E-03	-1.38353E-02	-1.18085E-02	-6.56135E-01	5.73998E-01	4.89911E-01	PRIM
1.95031E-02	1000010010	1.87418E+01	-7.25088E-03	8.39852E-04	4.82067E-04	-2.49142E-01	-8.39936E-01	-4.82115E-01	1000010010	1.87418E+01	-2.39184E-03	1.72212E-02	9.88481E-03	-2.49142E-01	-8.39936E-01	-4.82115E-01	PRIM
1.68861E-02	1000010010	7.39338E+00	-7.58885E-03	-9.42464E-04	-3.22284E-04	8.88468E-02	9.42464E-01	3.22284E-01	1000010010	7.39338E+00	-9.08912E-03	-1.68570E-02	-5.76441E-03	8.88468E-02	9.42464E-01	3.22284E-01	PRIM
2.64586E-02	1000010010	2.70483E+01	-6.50401E-03	8.57027E-05	2.58020E-05	-9.95987E-01	-8.57027E-02	-2.58020E-02	1000010010	2.70483E+01	1.98484E-02	2.35328E-03	7.08487E-04	-9.95987E-01	-8.57027E-02	-2.58020E-02	PRIM
1.94304E-02	1000010010	7.19021E+00	-7.25970E-03	-9.04370E-04	-3.52381E-04	-2.40321E-01	9.04460E-01	3.52416E-01	1000010010	7.19021E+00	-2.59018E-03	-1.84784E-02	-7.19997E-03	-2.40321E-01	9.04460E-01	3.52416E-01	PRIM
1.96607E-02	1000010010	6.11935E+00	-7.23185E-03	2.68342E-04	9.25142E-04	-2.68176E-01	-2.68369E-01	-9.25235E-01	1000010010	6.11935E+00	-1.95932E-03	5.54467E-03	1.91159E-02	-2.68176E-01	-2.68369E-01	-9.25235E-01	PRIM
2.31551E-02	1000010010	5.36130E+00	-6.83847E-03	-3.36168E-04	-6.70198E-04	-6.61599E-01	3.36202E-01	6.70265E-01	1000010010	5.36130E+00	8.48091E-03	-8.12096E-03	-1.61903E-02	-6.61599E-01	3.36202E-01	6.70265E-01	PRIM
2.17666E-02	1000010010	5.04361E+00	-6.98882E-03	-7.56435E-04	-4.08050E-04	-5.11177E-01	7.56435E-01	4.08050E-01	1000010010	5.04361E+00	4.13773E-03	-1.72214E-02	-9.28990E-03	-5.11177E-01	7.56435E-01	4.08050E-01	PRIM
1.83785E-02	1000010010	8.99165E+00	-7.39068E-03	5.16842E-04	8.49072E-04	-1.09322E-01	-5.16842E-01	-8.49072E-01	1000010010	8.99165E+00	-5.38150E-03	1.00156E-02	1.64538E-02	-1.09322E-01	-5.16842E-01	-8.49072E-01	PRIM
1.76836E-02	1000010010	1.15566E+01	-7.48099E-03	-3.61348E-04	-9.32237E-04	-1.90133E-02	3.61348E-01	9.32237E-01	1000010010	1.15566E+01	-7.14476E-03	-6.75130E-03	-1.74176E-02	-1.90133E-02	3.61348E-01	9.32237E-01	PRIM
1.73598E-02	1000010010	8.50578E+00	-7.52421E-03	6.50529E-04	-7.59095E-04	2.42118E-02	-6.50529E-01	7.59095E-01	1000010010	8.50578E+00	-7.94452E-03	1.19436E-02	-1.39368E-02	2.42118E-02	-6.50529E-01	7.59095E-01	PRIM
2.17487E-02	1000010010	1.04995E+01	-6.99081E-03	3.02432E-04	8.05766E-04	-5.09192E-01	-3.02432E-01	-8.05766E-01	1000010010	1.04995E+01	4.08343E-03	6.87992E-03	1.83301E-02	-5.09192E-01	-3.02432E-01	-8.05766E-01	PRIM
2.64586E-02	1000010010	6.07300E+00	-6.50401E-03	8.57027E-05	2.58020E-05	-9.95987E-01	-8.57027E-02	-2.58020E-02	1000010010	6.07300E+00	1.98484E-02	2.35328E-03	7.08487E-04	-9.95987E-01	-8.57027E-02	-2.58020E-02	PRIM
1.73700E-02	1000010010	1.26762E+01	-7.52283E-03	9.01039E-04	4.33138E-04	2.28327E-02	-9.01039E-01	-4.33138E-01	1000010010	1.26762E+01	-7.91944E-03	1.65521E-02	7.95675E-03	2.28327E-02	-9.01039E-01	-4.33138E-01	PRIM
1.96607E-02	1000010010	6.44595E+00	-7.23185E-03	2.68342E-04	9.25142E-04	-2.68176E-01	-2.68369E-01	-9.25235E-01	1000010010	6.44595E+00	-1.95932E-03	5.54467E-03	1.91159E-02	-2.68176E-01	-2.68369E-01	-9.25235E-01	PRIM
2.07194E-02	1000010010	1.57171E+01	-7.10722E-03	2.04274E-05	-9.19296E-04	-3.92822E-01	-2.04295E-02	9.19388E-01	1000010010	1.57171E+01	1.03180E-03	4.43713E-04	-1.99684E-02	-3.92822E-01	-2.04295E-02	9.19388E-01	PRIM
1.97655E-02	1000010010	1.03541E+02	-7.21923E-03	-1.86613E-04	9.41458E-04	-2.80770E-01	1.86613E-01	-9.41458E-01	1000010010	1.03541E+02	-1.66968E-03	-3.87510E-03	1.95498E-02	-2.80770E-01	1.86613E-01	-9.41458E-01	PRIM
2.57541E-02	1000010010	7.24712E+00	-6.57306E-03	-9.29182E-05	-3.63251E-04	-9.27031E-01	9.29275E-02	3.63287E-01	1000010010	7.24712E+00	1.73018E-02	-2.48618E-03	-9.71939E-03	-9.27031E-01	9.29275E-02	3.63287E-01	PRIM
2.32773E-02	1000010010	1.10225E+01	-6.82547E-03	5.75810E-04	-4.62005E-04	-6.74532E-01	-5.75810E-01	4.62005E-01	1000010010	1.10225E+01	8.87583E-03	1.39791E-02	-1.12162E-02	-6.74532E-01	-5.75810E-01	4.62005E-01	PRIM
2.59226E-02	1000010010	1.19157E+01	-6.55637E-03	3.23557E-04	6.97618E-05	-9.43633E-01	-3.23557E-01	-6.97618E-02	1000010010	1.19157E+01	1.79051E-02	8.71101E-03	1.87817E-03	-9.43633E-01	-3.23557E-01	-6.97618E-02	PRIM
1.60089E-02	1000010010	7.35703E+00	-7.71341E-03	-9.45721E-04	-2.45089E-04	2.13411E-01	9.45721E-01	2.45089E-01	1000010010	7.35703E+00	-1.11299E-02	-1.60856E-02	-4.16868E-03	2.13411E-01	9.45721E-01	2.45089E-01	PRIM
1.85152E-02	1000010010	7.62581E+00	-7.37328E-03	6.86516E-05	9.89560E-04	-1.26717E-01	-6.86516E-02	-9.89560E-01	1000010010	7.62581E+00	-5.02709E-03	1.33975E-03	1.93115E-02	-1.26717E-01	-6.86516E-02	-9.89560E-01	PRIM
1.50409E-02	1000010010	6.15348E+00	-7.85924E-03	7.90634E-04	4.95825E-04	3.59244E-01	-7.90634E-01	-4.95825E-01	1000010010	6.15348E+00	-1.32626E-02	1.26825E-02	7.95348E-03	3.59244E-01	-7.90634E-01	-4.95825E-01	PRIM
1.74345E-02	1000010010	6.10051E+00	-7.51419E-03	7.29968E-05	9.97131E-04	1.41899E-02	-7.30041E-02	-9.97231E-01	1000010010	6.10051E+00	-7.76158E-03	1.34578E-03	1.83833E-02	1.41899E-02	-7.30041E-02	-9.97231E-01	PRIM
1.86841E-02	1000010010	1.13033E+01	-7.35194E-03	8.08605E-05	9.85668E-04	-1.48056E-01	-8.08605E-02	-9.85668E-01	1000010010	1.13033E+01	-4.58565E-03	1.59167E-03	1.94020E-02	-1.48056E-01	-8.08605E-02	-9.85668E-01	PRIM
1.73700E-02	1000010010	1.13255E+01	-7.52283E-03	9.01039E-04	4.33138E-04	2.28327E-02	-9.01039E-01	-4.33138E-01	1000010010	1.13255E+01	-7.91944E-03	1.65521E-02	7.95675E-03	2.28327E-02	-9.01039E-01	-4.33138E-01	PRIM
1.83785E-02	1000010010	5.34758E+00	-7.39068E-03	5.16842E-04	8.49072E-04	-1.09322E-01	-5.16842E-01	-8.49072E-01	1000010010	5.34758E+00	-5.38150E-03	1.00156E-02	1.64538E-02	-1.09322E-01	-5.16842E-01	-8.49072E-01	PRIM
2.00200E-02	1000010010	7.73556E+00	-7.18890E-03	-9.68787E-05	9.45427E-04	-3.11099E-01	9.68787E-02	-9.45427E-01	1000010010	7.73556E+00	-9.60702E-04	-2.03639E-03	1.98729E-02	-3.11099E-01	9.68787E-02	-9.45427E-01	PRIM
1.52308E-02	1000010010	1.08586E+01	-7.82988E-03	9.24122E-04	-1.92816E-04	3.29878E-01	-9.24122E-01	1.92816E-01	1000010010	1.08586E+01	-1.28542E-02	1.49992E-02	-3.12955E-03	3.29878E-01	-9.24122E-01	1.92816E-01	PRIM
2.05288E-02	1000010010	3.65737E+01	-7.12921E-03	-7.52034E-04	-5.44942E-04	-3.70787E-01	7.52034E-01	5.44942E-01	1000010010	3.65737E+01	4.82606E-04	-1.61904E-02	-1.17319E-02	-3.70787E-01	7.52034E-01	5.44942E-01	PRIM
1.98572E-02	1000010010	8.88653E+00	-7.20827E-03	-3.21591E-04	9.00817E-04	-2.91734E-01	3.21591E-01	-9.00817E-01	1000010010	8.88653E+00	-1.41526E-03	-6.70747E-03	1.87885E-02	-2.91734E-01	3.21591E-01	-9.00817E-01	PRIM
1.93118E-02	1000010010	5.64336E+00	-7.27413E-03	-1.51578E-04	-9.62292E-04	-2.25872E-01	1.51578E-01	9.62292E-01	1000010010	5.64336E+00	-2.91215E-03	-3.07882E-03	-1.95458E-02	-2.25872E-01	1.51578E-01	9.62292E-01	PRIM
1.98976E-02	1000010010	7.09027E+00	-7.20344E-03	8.37877E-04	4.58276E-04	-2.96555E-01	-8.37877E-01	-4.58276E-01	1000010010	7.09027E+00	-1.30271E-03	1.75096E-02	9.57687E-03	-2.96555E-01	-8.37877E-01	-4.58276E-01	PRIM
2.01744E-02	1000010010	3.09052E+01	-7.17066E-03	-5.79496E-05	9.42430E-04	-3.29343E-01	5.79496E-02	-9.42430E-01	1000010010	3.09052E+01	-5.26367E-04	-1.22705E-03	1.99554E-02	-3.29343E-01	5.79496E-02	-9.42430E-01	PRIM
1.94304E-02	1000010010	6.13169E+00	-7.25970E-03	-9.04370E-04	-3.52381E-04	-2.40321E-01	9.04460E-01	3.52416E-01	1000010010	6.13169E+00	-2.59018E-03	-1.84784E-02	-7.19997E-03	-2.40321E-01	9.04460E-01	3.52416E-01	PRIM
1.54141E-02	1000010010	7.43823E+00	-7.80187E-03	-7.84044E-04	5.42169E-04	3.01904E-01	7.84122E-01	-5.42224E-01	1000010010	7.43823E+00	-1.24554E-02	-1.28706E-02	8.90004E-03	3.01904E-01	7.84122E-01	-5.42224E-01	PRIM
2.39851E-02	1000010010	6.57139E+00	-6.75154E-03	6.63142E-04	7.58131E-06	-7.48456E-01	-6.63142E-01	-7.58131E-03	1000010010	6.57139E+00	1.12002E-02	1.65686E-02	1.89419E-04	-7.48456E-01	-6.63142E-01	-7.58131E-03	PRIM
1.77968E-02	1000010010	9.25428E+00	-7.46607E-03	-7.01493E-04	-7.11728E-04	-3.39320E-02	7.01563E-01	7.11799E-01	1000010010	9.25428E+00	-6.86219E-03	-1.31871E-02	-1.33795E-02	-3.39320E-02	7.01563E-01	7.11799E-01	PRIM
1.63947E-02	1000010010	5.06195E+00	-7.65780E-03	8.66320E-05	-9.83664E-04	1.57799E-01	-8.66320E-02	9.83664E-01	1000010010	5.06195E+00	-1.02449E-02	1.50694E-03	-1.71106E-02	1.57799E-01	-8.66320E-02	9.83664E-01	PRIM
2.11764E-02	1000010010	7.90530E+00	-7.05495E-03	-9.75945E-05	-8.90172E-04	-4.45049E-01	9.75945E-02	8.90172E-01	1000010010	7.90530E+00	2.36961E-03	-2.16430E-03	-1.97408E-02	-4.45049E-01	9.75945E-02	8.90172E-01	PRIM
1.77968E-02	1000010010	5.51272E+00	-7.46607E-03	-7.01493E-04	-7.11728E-04	-3.39320E-02	7.01563E-01	7.11799E-01	1000010010	5.51272E+00	-6.86219E-03	-1.31871E-02	-1.33795E-02	-3.39320E-02	7.01563E-01	7.11799E-01	PRIM
2.27392E-02	1000010010	8.50247E+00	-6.88274E-03	7.18814E-04	3.19844E-04	-6.17257E-01	-7.18814E-01	-3.19844E-01	1000010010	8.50247E+00	7.15317E-03	1.70640E-02	7.59282E-03	-6.17257E-01	-7.18814E-01	-3.19844E-01	PRIM
1.83835E-02	1000010010	2.08544E+01	-7.39005E-03	-2.51812E-04	-9.61510E-04	-1.09954E-01	2.51812E-01	9.61510E-01	1000010010	2.08544E+01	-5.36871E-03	-4.88099E-03	-1.86374E-02	-1.09954E-01	2.51812E-01	9.61510E-01	PRIM
1.38746E-02	1000010010	4.20574E+01	-8.04901E-03	-4.55734E-04	7.00635E-04	5.49015E-01	4.55734E-01	-7.00635E-01	1000010010	4.20574E+01	-1.56664E-02	-6.77887E-03	1.04217E-02	5.49015E-01	4.55734E-01	-7.00635E-01	PRIM
2.37719E-02	1000010010	1.32258E+01	-6.77365E-03	-5.27383E-05	-6.85297E-04	-7.26352E-01	5.27383E-02	6.85297E-01	1000010010	1.32258E+01	1.04931E-02	-1.30643E-03	-1.69761E-02	-7.26352E-01	5.27383E-02	6.85297E-01	PRIM
1.52308E-02	1000010010	6.83428E+00	-7.82988E-03	9.24122E-04	-1.92816E-04	3.29878E-01	-9.24122E-01	1.92816E-01	1000010010	6.83428E+00	-1.28542E-02	1.49992E-02	-3.12955E-03	3.29878E-01	-9.24122E-01	1.92816E-01	PRIM
2.26602E-02	1000010010	5.70332E+00	-6.89123E-03	-3.00823E-04	-7.34097E-04	-6.08775E-01	3.00823E-01	7.34097E-01	1000010010	5.70332E+00	6.90375E-03	-7.11755E-03	-1.73689E-02	-6.08775E-01	3.00823E-01	7.34097E-01	PRIM
2.17487E-02	1000010010	7.49427E+00	-6.99081E-03	3.02432E-04	8.05766E-04	-5.09192E-01	-3.02432E-01	-8.05766E-01	1000010010	7.49427E+00	4.08343E-03	6.87992E-03	1.83301E-02	-5.09192E-01	-3.02432E-01	-8.05766E-01	PRIM
1.83966E-02	1000010010	1.66925E+01	-7.38837E-03	-4.05733E-04	9.07150E-04	-1.11628E-01	4.05733E-01	-9.07150E-01	1000010010	1.66925E+01	-5.33479E-03	-7.86983E-03	1.75956E-02	-1.11628E-01	4.05733E-01	-9.07150E-01	PRIM
1.74345E-02	1000010010	6.45828E+00	-7.51419E-03	7.29968E-05	9.97131E-04	1.41899E-02	-7.30041E-02	-9.97231E-01	1000010010	6.45828E+00	-7.76158E-03	1.34578E-03	1.83833E-02	1.41899E-02	-7.30041E-02	-9.97231E-01	PRIM
1.73700E-02	1000010010	5.56885E+00	-7.52283E-03	9.01039E-04	4.33138E-04	2.28327E-02	-9.01039E-01	-4.33138E-01	1000010010	5.56885E+00	-7.91944E-03	1.65521E-02	7.95675E-03	2.28327E-02	-9.01039E-01	-4.33138E-01	PRIM
2.39851E-02	1000010010	5.25264E+00	-6.75154E-03	6.63142E-04	7.58131E-06	-7.48456E-01	-6.63142E-01	-7.58131E-03	1000010010	5.25264E+00	1.12002E-02	1.65686E-02	1.89419E-04	-7.48456E-01	-6.63142E-01	-7.58131E-03	PRIM
2.36523E-02	1000010010	5.84202E+00	-6.78610E-03	1.12111E-04	6.91219E-04	-7.13896E-01	-1.12111E-01	-6.91219E-01	1000010010	5.84202E+00	1.00992E-02	2.76380E-03	1.70402E-02	-7.13896E-01	-1.12111E-01	-6.91219E-01	PRIM
2.24254E-02	1000010010	5.69894E+00	-6.91659E-03	-7.06539E-05	8.09098E-04	-5.83411E-01	7.06539E-02	-8.09098E-01	1000010010	5.69894E+00	6.16665E-03	-1.65510E-03	1.89534E-02	-5.83411E-01	7.06539E-02	-8.09098E-01	PRIM
1.57571E-02	1000010010	5.93934E+00	-7.75045E-03	-3.58747E-04	8.99209E-04	2.50446E-01	3.58747E-01	-8.99209E-01	1000010010	5.93934E+00	-1.16967E-02	-6.01154E-03	1.50681E-02	2.50446E-01	3.58747E-01	-8.99209E-01	PRIM
2.43518E-02	1000010010	8.71988E+00	-6.71383E-03	3.91964E-04	-4.77802E-04	-7.86174E-01	-3.91964E-01	4.77802E-01	1000010010	8.71988E+00	1.24309E-02	9.93700E-03	-1.21131E-02	-7.86174E-01	-3.91964E-01	4.77802E-01	PRIM
1.83966E-02	1000010010	5.46426E+00	-7.38837E-03	-4.05733E-04	9.07150E-04	-1.11628E-01	4.05733E-01	-9.07150E-01	1000010010	5.46426E+00	-5.33479E-03	-7.86983E-03	1.75956E-02	-1.11628E-01	4.05733E-01	-9.07150E-01	PRIM
2.22603E-02	1000010010	9.34339E+00	-6.93454E-03	-6.38017E-04	5.22676E-04	-5.65459E-01	6.38017E-01	-5.22676E-01	1000010010	9.34339E+00	5.65274E-03	-1.48405E-02	1.21576E-02	-5.65459E-01	6.38017E-01	-5.22676E-01	PRIM
1.17460E-02	1000010010	8.02687E+00	-8.44815E-03	-1.77576E-04	-2.63208E-04	9.48245E-01	1.77593E-01	2.63234E-01	1000010010	8.02687E+00	-1.95862E-02	-2.26358E-03	-3.35515E-03	9.48245E-01	1.77593E-01	2.63234E-01	PRIM
2.21639E-02	1000010010	8.81823E+00	-6.94507E-03	4.05635E-04	7.26301E-04	-5.54929E-01	-4.05635E-01	-7.26301E-01	1000010010	8.81823E+00	5.35430E-03	9.39608E-03	1.68239E-02	-5.54929E-01	-4.05635E-01	-7.26301E-01	PRIM
2.55871E-02	1000010010	1.34426E+01	-6.58948E-03	-2.69543E-04	-3.13517E-04	-9.10524E-01	2.69543E-01	3.13517E-01	1000010010	1.34426E+01	1.67082E-02	-7.16635E-03	-8.33550E-03	-9.10524E-01	2.69543E-01	3.13517E-01	PRIM
1.85082E-02	1000010010	6.12222E+00	-7.37417E-03	6.97748E-04	7.05205E-04	-1.25832E-01	-6.97748E-01	-7.05205E-01	1000010010	6.12222E+00	-5.04525E-03	1.36118E-02	1.37573E-02	-1.25832E-01	-6.97748E-01	-7.05205E-01	PRIM
2.07253E-02	1000010010	8.88472E+00	-7.10648E-03	5.79723E-05	9.17486E-04	-3.93520E-01	-5.79723E-02	-9.17486E-01	1000010010	8.88472E+00	1.04935E-03	1.25947E-03	1.99327E-02	-3.93520E-01	-5.79723E-02	-9.17486E-01	PRIM
2.43372E-02	1000010010	7.29366E+00	-6.71541E-03	-3.28672E-04	-5.25539E-04	-7.84670E-01	3.28705E-01	5.25591E-01	1000010010	7.29366E+00	1.23813E-02	-8.32843E-03	-1.33170E-02	-7.84670E-01	3.28705E-01	5.25591E-01	PRIM
1.95408E-02	1000010010	6.37912E+00	-7.24631E-03	-2.09740E-05	9.66956E-04	-2.53711E-01	2.09761E-02	-9.67053E-01	1000010010	6.37912E+00	-2.28859E-03	-4.30865E-04	1.98640E-02	-2.53711E-01	2.09761E-02	-9.67053E-01	PRIM
1.29890E-02	1000010010	5.79824E+00	-8.20559E-03	-2.37347E-04	6.67690E-04	7.05590E-01	2.37347E-01	-6.67690E-01	1000010010	5.79824E+00	-1.73705E-02	-3.32025E-03	9.34032E-03	7.05590E-01	2.37347E-01	-6.67690E-01	PRIM
2.26768E-02	1000010010	2.54495E+01	-6.88951E-03	-4.25921E-04	6.67606E-04	-6.10548E-01	4.25963E-01	-6.67672E-01	1000010010	2.54495E+01	6.95576E-03	-1.00854E-02	1.58083E-02	-6.10548E-01	4.25963E-01	-6.67672E-01	PRIM
1.73700E-02	1000010010	1.32376E+01	-7.52283E-03	9.01039E-04	4.33138E-04	2.28327E-02	-9.01039E-01	-4.33138E-01	1000010010	1.32376E+01	-7.91944E-03	1.65521E-02	7.95675E-03	2.28327E-02	-9.01039E-01	-4.33138E-01	PRIM
2.20079E-02	1000010010	1.88747E+01	-6.96218E-03	4.67823E-04	-7.01349E-04	-5.37820E-01	-4.67823E-01	7.01349E-01	1000010010	1.88747E+01	4.87409E-03	1.07636E-02	-1.61365E-02	-5.37820E-01	-4.67823E-01	7.01349E-01	PRIM
1.98572E-02	1000010010	5.24893E+00	-7.20827E-03	-3.21591E-04	9.00817E-04	-2.91734E-01	3.21591E-01	-9.00817E-01	1000010010	5.24893E+00	-1.41526E-03	-6.70747E-03	1.87885E-02	-2.91734E-01	3.21591E-01	-9.00817E-01	PRIM
2.04101E-02	1000010010	6.65068E+00	-7.14303E-03	-1.63438E-04	9.19707E-04	-3.56968E-01	1.63438E-01	-9.19707E-01	1000010010	6.65068E+00	1.42708E-04	-3.49922E-03	1.96910E-02	-3.56968E-01	1.63438E-01	-9.19707E-01	PRIM
2.31008E-02	1000010010	5.14752E+00	-6.84415E-03	4.00466E-04	-6.39914E-04	-6.55848E-01	-4.00466E-01	6.39914E-01	1000010010	5.14752E+00	8.30643E-03	9.65153E-03	-1.54224E-02	-6.55848E-01	-4.00466E-01	6.39914E-01	PRIM
2.39891E-02	1000010010	3.15386E+01	-6.75121E-03	-3.69953E-04	-5.49776E-04	-7.48861E-01	3.69990E-01	5.49831E-01	1000010010	3.15386E+01	1.12133E-02	-9.24567E-03	-1.37397E-02	-7.48861E-01	3.69990E-01	5.49831E-01	PRIM
2.13543E-02	1000010010	2.93199E+01	-7.03487E-03	5.68763E-04	-6.78351E-04	-4.65133E-01	-5.68763E-01	6.78351E-01	1000010010	2.93199E+01	2.89773E-03	1.27143E-02	-1.51641E-02	-4.65133E-01	-5.68763E-01	6.78351E-01	PRIM
2.28098E-02	1000010010	6.76682E+00	-6.87525E-03	-7.01793E-04	-3.42005E-04	-6.24817E-01	7.01863E-01	3.42039E-01	1000010010	6.76682E+00	7.37670E-03	-1.67111E-02	-8.14384E-03	-6.24817E-01	7.01863E-01	3.42039E-01	PRIM
1.73590E-02	1000010010	5.12032E+00	-7.52433E-03	-4.59051E-05	9.98650E-04	2.43255E-02	4.59051E-02	-9.98650E-01	1000010010	5.12032E+00	-7.94659E-03	-8.42770E-04	1.83342E-02	2.43255E-02	4.59051E-02	-9.98650E-01	PRIM
2.05026E-02	1000010010	9.12067E+00	-7.13225E-03	5.21969E-04	-7.69616E-04	-3.67748E-01	-5.21969E-01	7.69616E-01	1000010010	9.12067E+00	4.07560E-04	1.12237E-02	-1.65488E-02	-3.67748E-01	-5.21969E-01	7.69616E-01	PRIM
1.22687E-02	1000010010	2.90919E+01	-8.34247E-03	-1.12256E-04	5.26728E-04	8.42555E-01	1.12267E-01	-5.26781E-01	1000010010	2.90919E+01	-1.86796E-02	-1.48963E-03	6.98966E-03	8.42555E-01	1.12267E-01	-5.26781E-01	PRIM
2.24254E-02	1000010010	2.07641E+01	-6.91659E-03	-7.06539E-05	8.09098E-04	-5.83411E-01	7.06539E-02	-8.09098E-01	1000010010	2.07641E+01	6.16665E-03	-1.65510E-03	1.89534E-02	-5.83411E-01	7.06539E-02	-8.09098E-01	PRIM
2.43372E-02	1000010010	1.93246E+01	-6.71541E-03	-3.28672E-04	-5.25539E-04	-7.84670E-01	3.28705E-01	5.25591E-01	1000010010	1.93246E+01	1.23813E-02	-8.32843E-03	-1.33170E-02	-7.84670E-01	3.28705E-01	5.25591E-01	PRIM
1.24345E-02	1000010010	9.49786E+00	-8.31010E-03	5.76035E-04	1.08244E-04	8.10184E-01	-5.76092E-01	-1.08255E-01	1000010010	9.49786E+00	-1.83844E-02	7.73948E-03	1.45434E-03	8.10184E-01	-5.76092E-01	-1.08255E-01	PRIM
2.57541E-02	1000010010	5.91905E+00	-6.57306E-03	-9.29182E-05	-3.63251E-04	-9.27031E-01	9.29275E-02	3.63287E-01	1000010010	5.91905E+00	1.73018E-02	-2.48618E-03	-9.71939E-03	-9.27031E-01	9.29275E-02	3.63287E-01	PRIM
2.33847E-02	1000010010	7.60880E+00	-6.81415E-03	4.16256E-04	5.96938E-04	-6.85854E-01	-4.16256E-01	-5.96938E-01	1000010010	7.60880E+00	9.22438E-03	1.01503E-02	1.45562E-02	-6.85854E-01	-4.16256E-01	-5.96938E-01	PRIM
2.17257E-02	1000010010	7.04156E+01	-6.99335E-03	-4.94819E-04	-7.06020E-04	-5.06646E-01	4.94819E-01	7.06020E-01	1000010010	7.04156E+01	4.01390E-03	-1.12451E-02	-1.60448E-02	-5.06646E-01	4.94819E-01	7.06020E-01	PRIM
1.77968E-02	1000010010	1.17435E+01	-7.46607E-03	-7.01493E-04	-7.11728E-04	-3.39320E-02	7.01563E-01	7.11799E-01	1000010010	1.17435E+01	-6.86219E-03	-1.31871E-02	-1.33795E-02	-3.39320E-02	7.01563E-01	7.11799E-01	PRIM
2.52197E-02	1000010010	1.00620E+01	-6.62605E-03	2.93547E-04	3.87343E-04	-8.73954E-01	-2.93547E-01	-3.87343E-01	1000010010	1.00620E+01	1.54148E-02	7.69670E-03	1.01560E-02	-8.73954E-01	-2.93547E-01	-3.87343E-01	PRIM
1.79120E-02	1000010010	8.09551E+00	-7.45097E-03	5.07418E-04	-8.60188E-04	-4.90345E-02	-5.07469E-01	8.60274E-01	1000010010	8.09551E+00	-6.57267E-03	9.59720E-03	-1.62694E-02	-4.90345E-02	-5.07469E-01	8.60274E-01	PRIM
2.14490E-02	1000010010	7.05341E+00	-7.02423E-03	2.73313E-04	8.36027E-04	-4.75772E-01	-2.73313E-01	-8.36027E-01	1000010010	7.05341E+00	3.18063E-03	6.13561E-03	1.87680E-02	-4.75772E-01	-2.73313E-01	-8.36027E-01	PRIM
1.62799E-02	1000010010	5.67150E+00	-7.67422E-03	-8.58729E-04	-4.81906E-04	1.74216E-01	8.58729E-01	4.81906E-01	1000010010	5.67150E+00	-1.05104E-02	-1.48387E-02	-8.32727E-03	1.74216E-01	8.58729E-01	4.81906E-01	PRIM
2.37719E-02	1000010010	9.52076E+00	-6.77365E-03	-5.27383E-05	-6.85297E-04	-7.26352E-01	5.27383E-02	6.85297E-01	1000010010	9.52076E+00	1.04931E-02	-1.30643E-03	-1.69761E-02	-7.26352E-01	5.27383E-02	6.85297E-01	PRIM
2.39891E-02	1000010010	5.84065E+00	-6.75121E-03	-3.69953E-04	-5.49776E-04	-7.48861E-01	3.69990E-01	5.49831E-01	1000010010	5.84065E+00	1.12133E-02	-9.24567E-03	-1.37397E-02	-7.48861E-01	3.69990E-01	5.49831E-01	PRIM
2.37448E-02	1000010010	6.94574E+00	-6.77647E-03	-6.89033E-04	-4.16523E-05	-7.23532E-01	6.89033E-01	4.16523E-02	1000010010	6.94574E+00	1.04037E-02	-1.70500E-02	-1.03068E-03	-7.23532E-01	6.89033E-01	4.16523E-02	PRIM
1.78122E-02	1000010010	6.96039E+00	-7.46404E-03	-5.28548E-04	8.48141E-04	-3.59627E-02	5.28548E-01	-8.48141E-01	1000010010	6.96039E+00	-6.82346E-03	-9.94315E-03	1.59554E-02	-3.59627E-02	5.28548E-01	-8.48141E-01	PRIM
1.24082E-02	1000010010	1.45988E+01	-8.31522E-03	5.62335E-04	1.37828E-04	8.15301E-01	-5.62391E-01	-1.37842E-01	1000010010	1.45988E+01	-1.84316E-02	7.54057E-03	1.84819E-03	8.15301E-01	-5.62391E-01	-1.37842E-01	PRIM
2.00200E-02	1000010010	9.71979E+00	-7.18890E-03	-9.68787E-05	9.45427E-04	-3.11099E-01	9.68787E-02	-9.45427E-01	1000010010	9.71979E+00	-9.60702E-04	-2.03639E-03	1.98729E-02	-3.11099E-01	9.68787E-02	-9.45427E-01	PRIM
1.32934E-02	1000010010	1.25729E+01	-8.15041E-03	-4.55897E-06	7.59574E-04	6.50405E-01	4.55897E-03	-7.59574E-01	1000010010	1.25729E+01	-1.67965E-02	-6.51633E-05	1.08569E-02	6.50405E-01	4.55897E-03	-7.59574E-01	PRIM
2.31035E-02	1000010010	5.07258E+00	-6.84386E-03	-5.73998E-04	-4.89911E-04	-6.56135E-01	5.73998E-01	4.89911E-01	1000010010	5.07258E+00	8.31514E-03	-1.38353E-02	-1.18085E-02	-6.56135E-01	5.73998E-01	4.89911E-01	PRIM
2.52197E-02	1000010010	7.08183E+00	-6.62605E-03	2.93547E-04	3.87343E-04	-8.73954E-01	-2.93547E-01	-3.87343E-01	1000010010	7.08183E+00	1.54148E-02	7.69670E-03	1.01560E-02	-8.73954E-01	-2.93547E-01	-3.87343E-01	PRIM
2.50157E-02	1000010010	6.41839E+00	-6.64650E-03	5.13404E-04	8.91975E-05	-8.53499E-01	-5.13404E-01	-8.91975E-02	1000010010	6.41839E+00	1.47043E-02	1.33566E-02	2.32053E-03	-8.53499E-01	-5.13404E-01	-8.91975E-02	PRIM
1.79120E-02	1000010010	2.23612E+01	-7.45097E-03	5.07418E-04	-8.60188E-04	-4.90345E-02	-5.07469E-01	8.60274E-01	1000010010	2.23612E+01	-6.57267E-03	9.59720E-03	-1.62694E-02	-4.90345E-02	-5.07469E-01	8.60274E-01	PRIM
1.79120E-02	1000010010	5.23608E+00	-7.45097E-03	5.07418E-04	-8.60188E-04	-4.90345E-02	-5.07469E-01	8.60274E-01	1000010010	5.23608E+00	-6.57267E-03	9.59720E-03	-1.62694E-02	-4.90345E-02	-5.07469E-01	8.60274E-01	PRIM
2.07253E-02	1000010010	7.06061E+00	-7.10648E-03	5.79723E-05	9.17486E-04	-3.93520E-01	-5.79723E-02	-9.17486E-01	1000010010	7.06061E+00	1.04935E-03	1.25947E-03	1.99327E-02	-3.93520E-01	-5.79723E-02	-9.17486E-01	PRIM
1.45522E-02	1000010010	1.32003E+01	-7.93670E-03	6.30276E-04	-6.41755E-04	4.36739E-01	-6.30339E-01	6.41819E-01	1000010010	1.32003E+01	-1.42922E-02	9.80309E-03	-9.98161E-03	4.36739E-01	-6.30339E-01	6.41819E-01	PRIM
1.73700E-02	1000010010	9.41520E+00	-7.52283E-03	9.01039E-04	4.33138E-04	2.28327E-02	-9.01039E-01	-4.33138E-01	1000010010	9.41520E+00	-7.91944E-03	1.65521E-02	7.95675E-03	2.28327E-02	-9.01039E-01	-4.33138E-01	PRIM
1.45522E-02	1000010010	6.22712E+00	-7.93670E-03	6.30276E-04	-6.41755E-04	4.36739E-01	-6.30339E-01	6.41819E-01	1000010010	6.22712E+00	-1.42922E-02	9.80309E-03	-9.98161E-03	4.36739E-01	-6.30339E-01	6.41819E-01	PRIM
1.69800E-02	1000010010	6.35234E+00	-7.57590E-03	-8.27751E-04	5.55938E-04	7.59011E-02	8.27751E-01	-5.55938E-01	1000010010	6.35234E+00	-8.86470E-03	-1.48829E-02	9.99575E-03	7.59011E-02	8.27751E-01	-5.55938E-01	PRIM
2.50157E-02	1000010010	6.24677E+00	-6.64650E-03	5.13404E-04	8.91975E-05	-8.53499E-01	-5.13404E-01	-8.91975E-02	1000010010	6.24677E+00	1.47043E-02	1.33566E-02	2.32053E-03	-8.53499E-01	-5.13404E-01	-8.91975E-02	PRIM
1.68861E-02	1000010010	6.12834E+00	-7.58885E-03	-9.42464E-04	-3.22284E-04	8.88468E-02	9.42464E-01	3.22284E-01	1000010010	6.12834E+00	-9.08912E-03	-1.68570E-02	-5.76441E-03	8.88468E-02	9.42464E-01	3.22284E-01	PRIM
2.56145E-02	1000010010	8.83602E+00	-6.58686E-03	3.96269E-04	9.45864E-05	-9.13231E-01	-3.96308E-01	-9.45959E-02	1000010010	8.83602E+00	1.68051E-02	1.05475E-02	2.51761E-03	-9.13231E-01	-3.96308E-01	-9.45959E-02	PRIM
1.98661E-02	1000010010	7.64678E+00	-7.20724E-03	2.26750E-04	9.28804E-04	-2.92787E-01	-2.26772E-01	-9.28897E-01	1000010010	7.64678E+00	-1.39071E-03	4.73183E-03	1.93824E-02	-2.92787E-01	-2.26772E-01	-9.28897E-01	PRIM
1.91190E-02	1000010010	7.16917E+00	-7.29779E-03	1.22941E-04	9.71595E-04	-2.02210E-01	-1.22941E-01	-9.71595E-01	1000010010	7.16917E+00	-3.43174E-03	2.47345E-03	1.95475E-02	-2.02210E-01	-1.22941E-01	-9.71595E-01	PRIM
1.21520E-02	1000010010	6.82852E+00	-8.36565E-03	-4.19454E-04	2.73337E-04	8.65647E-01	4.19454E-01	-2.73337E-01	1000010010	6.82852E+00	-1.88850E-02	-5.51666E-03	3.59493E-03	8.65647E-01	4.19454E-01	-2.73337E-01	PRIM
2.09958E-02	1000010010	2.50959E+01	-7.07553E-03	8.28155E-05	-9.01538E-04	-4.24509E-01	-8.28238E-02	9.01628E-01	1000010010	2.50959E+01	1.83736E-03	1.82177E-03	-1.98319E-02	-4.24509E-01	-8.28238E-02	9.01628E-01	PRIM
1.95408E-02	1000010010	7.08478E+00	-7.24631E-03	-2.09740E-05	9.66956E-04	-2.53711E-01	2.09761E-02	-9.67053E-01	1000010010	7.08478E+00	-2.28859E-03	-4.30865E-04	1.98640E-02	-2.53711E-01	2.09761E-02	-9.67053E-01	PRIM
2.04987E-02	1000010010	5.24495E+00	-7.13271E-03	-5.85364E-04	-7.22805E-04	-3.67291E-01	5.85364E-01	7.22805E-01	1000010010	5.24495E+00	3.96282E-04	-1.25846E-02	-1.55394E-02	-3.67291E-01	5.85364E-01	7.22805E-01	PRIM
1.86841E-02	1000010010	1.24939E+01	-7.35194E-03	8.08605E-05	9.85668E-04	-1.48056E-01	-8.08605E-02	-9.85668E-01	1000010010	1.24939E+01	-4.58565E-03	1.59167E-03	1.94020E-02	-1.48056E-01	-8.08605E-02	-9.85668E-01	PRIM
1.53481E-02	1000010010	5.83040E+00	-7.81193E-03	4.67282E-04	-8.27254E-04	3.11927E-01	-4.67282E-01	8.27254E-01	1000010010	5.83040E+00	-1.25994E-02	7.63915E-03	-1.35240E-02	3.11927E-01	-4.67282E-01	8.27254E-01	PRIM
2.20923E-02	1000010010	5.95122E+00	-6.95291E-03	6.58436E-04	5.16868E-04	-5.47091E-01	-6.58436E-01	-5.16868E-01	1000010010	5.95122E+00	5.13359E-03	1.52048E-02	1.19357E-02	-5.47091E-01	-6.58436E-01	-5.16868E-01	PRIM
2.39301E-02	1000010010	9.44283E+00	-6.75723E-03	1.18854E-04	6.58914E-04	-7.42769E-01	-1.18854E-01	-6.58914E-01	1000010010	9.44283E+00	1.10173E-02	2.96304E-03	1.64268E-02	-7.42769E-01	-1.18854E-01	-6.58914E-01	PRIM
2.11292E-02	1000010010	1.04061E+01	-7.06031E-03	8.42313E-04	3.11740E-04	-4.39690E-01	-8.42313E-01	-3.11740E-01	1000010010	1.04061E+01	2.22998E-03	1.86397E-02	6.89854E-03	-4.39690E-01	-8.42313E-01	-3.11740E-01	PRIM
2.43869E-02	1000010010	8.91184E+00	-6.71024E-03	-5.77203E-04	-2.07631E-04	-7.89763E-01	5.77203E-01	2.07631E-01	1000010010	8.91184E+00	1.25496E-02	-1.46534E-02	-5.27111E-03	-7.89763E-01	5.77203E-01	2.07631E-01	PRIM
2.16406E-02	1000010010	7.45452E+00	-7.00288E-03	-8.60377E-04	1.11450E-04	-4.97171E-01	8.60463E-01	-1.11461E-01	1000010010	7.45452E+00	3.75622E-03	-1.94813E-02	2.52354E-03	-4.97171E-01	8.60463E-01	-1.11461E-01	PRIM
1.98526E-02	1000010010	7.09998E+00	-7.20881E-03	4.90777E-06	9.56653E-04	-2.91190E-01	-4.90777E-03	-9.56653E-01	1000010010	7.09998E+00	-1.42793E-03	1.02340E-04	1.99487E-02	-2.91190E-01	-4.90777E-03	-9.56653E-01	PRIM
1.69541E-02	1000010010	2.75916E+01	-7.57946E-03	-4.93453E-04	-8.66135E-04	7.94636E-02	4.93453E-01	8.66135E-01	1000010010	2.75916E+01	-8.92670E-03	-8.85951E-03	-1.55507E-02	7.94636E-02	4.93453E-01	8.66135E-01	PRIM
2.43869E-02	1000010010	1.06237E+01	-6.71024E-03	-5.77203E-04	-2.07631E-04	-7.89763E-01	5.77203E-01	2.07631E-01	1000010010	1.06237E+01	1.25496E-02	-1.46534E-02	-5.27111E-03	-7.89763E-01	5.77203E-01	2.07631E-01	PRIM
1.96607E-02	1000010010	5.20244E+00	-7.23185E-03	2.68342E-04	9.25142E-04	-2.68176E-01	-2.68369E-01	-9.25235E-01	1000010010	5.20244E+00	-1.95932E-03	5.54467E-03	1.91159E-02	-2.68176E-01	-2.68369E-01	-9.25235E-01	PRIM
2.04987E-02	1000010010	6.82592E+00	-7.13271E-03	-5.85364E-04	-7.22805E-04	-3.67291E-01	5.85364E-01	7.22805E-01	1000010010	6.82592E+00	3.96282E-04	-1.25846E-02	-1.55394E-02	-3.67291E-01	5.85364E-01	7.22805E-01	PRIM
1.57571E-02	1000010010	6.35342E+00	-7.75045E-03	-3.58747E-04	8.99209E-04	2.50446E-01	3.58747E-01	-8.99209E-01	1000010010	6.35342E+00	-1.16967E-02	-6.01154E-03	1.50681E-02	2.50446E-01	3.58747E-01	-8.99209E-01	PRIM
1.97748E-02	1000010010	7.58940E+00	-7.21811E-03	9.57812E-04	-5.60082E-05	-2.81886E-01	-9.57812E-01	5.60082E-02	1000010010	7.58940E+00	-1.64387E-03	1.98983E-02	-1.16356E-03	-2.81886E-01	-9.57812E-01	5.60082E-02	PRIM
1.93159E-02	1000010010	9.30671E+00	-7.27363E-03	-1.57027E-04	9.61300E-04	-2.26373E-01	1.57027E-01	-9.61300E-01	1000010010	9.30671E+00	-2.90103E-03	-3.19015E-03	1.95296E-02	-2.26373E-01	1.57027E-01	-9.61300E-01	PRIM
2.09958E-02	1000010010	5.44108E+00	-7.07553E-03	8.28155E-05	-9.01538E-04	-4.24509E-01	-8.28238E-02	9.01628E-01	1000010010	5.44108E+00	1.83736E-03	1.82177E-03	-1.98319E-02	-4.24509E-01	-8.28238E-02	9.01628E-01	PRIM
1.53738E-02	1000010010	2.25698E+01	-7.80800E-03	-3.96310E-05	9.50457E-04	3.08026E-01	3.96349E-02	-9.50552E-01	1000010010	2.25698E+01	-1.25435E-02	-6.48970E-04	1.55640E-02	3.08026E-01	3.96349E-02	-9.50552E-01	PRIM
1.86841E-02	1000010010	1.03635E+01	-7.35194E-03	8.08605E-05	9.85668E-04	-1.48056E-01	-8.08605E-02	-9.85668E-01	1000010010	1.03635E+01	-4.58565E-03	1.59167E-03	1.94020E-02	-1.48056E-01	-8.08605E-02	-9.85668E-01	PRIM
2.20923E-02	1000010010	9.07876E+00	-6.95291E-03	6.58436E-04	5.16868E-04	-5.47091E-01	-6.58436E-01	-5.16868E-01	1000010010	9.07876E+00	5.13359E-03	1.52048E-02	1.19357E-02	-5.47091E-01	-6.58436E-01	-5.16868E-01	PRIM
1.52302E-02	1000010010	5.84664E+00	-7.82996E-03	-3.77702E-04	8.65141E-04	3.29959E-01	3.77702E-01	-8.65141E-01	1000010010	5.84664E+00	-1.28553E-02	-6.13020E-03	1.40414E-02	3.29959E-01	3.77702E-01	-8.65141E-01	PRIM
2.31008E-02	1000010010	7.57436E+00	-6.84415E-03	4.00466E-04	-6.39914E-04	-6.55848E-01	-4.00466E-01	6.39914E-01	1000010010	7.57436E+00	8.30643E-03	9.65153E-03	-1.54224E-02	-6.55848E-01	-4.00466E-01	6.39914E-01	PRIM
2.52197E-02	1000010010	6.27847E+00	-6.62605E-03	2.93547E-04	3.87343E-04	-8.73954E-01	-2.93547E-01	-3.87343E-01	1000010010	6.27847E+00	1.54148E-02	7.69670E-03	1.01560E-02	-8.73954E-01	-2.93547E-01	-3.87343E-01	PRIM
2.50157E-02	1000010010	5.49437E+00	-6.64650E-03	5.13404E-04	8.91975E-05	-8.53499E-01	-5.13404E-01	-8.91975E-02	1000010010	5.49437E+00	1.47043E-02	1.33566E-02	2.32053E-03	-8.53499E-01	-5.13404E-01	-8.91975E-02	PRIM
2.06473E-02	1000010010	5.11541E+01	-7.11548E-03	1.56162E-04	-9.09813E-04	-3.84519E-01	-1.56162E-01	9.09813E-01	1000010010	5.11541E+01	8.23808E-04	3.38048E-03	-1.96950E-02	-3.84519E-01	-1.56162E-01	9.09813E-01	PRIM
1.94304E-02	1000010010	6.50721E+00	-7.25970E-03	-9.04370E-04	-3.52381E-04	-2.40321E-01	9.04460E-01	3.52416E-01	1000010010	6.50721E+00	-2.59018E-03	-1.84784E-02	-7.19997E-03	-2.40321E-01	9.04460E-01	3.52416E-01	PRIM
2.06408E-02	1000010010	8.76528E+00	-7.11624E-03	9.16532E-04	-1.12687E-04	-3.83758E-01	-9.16532E-01	1.12687E-01	1000010010	8.76528E+00	8.04805E-04	1.98344E-02	-2.43864E-03	-3.83758E-01	-9.16532E-01	1.12687E-01	PRIM
2.15835E-02	1000010010	7.74672E+00	-7.00918E-03	-6.76159E-04	-5.49463E-04	-4.90815E-01	6.76159E-01	5.49463E-01	1000010010	7.74672E+00	3.58433E-03	-1.52700E-02	-1.24088E-02	-4.90815E-01	6.76159E-01	5.49463E-01	PRIM
