#	D	ID	E	X	Y	Z	Px	Py	Pz	ID0	E0	X0	Y0	Z0	P0x	P0y	P0z	tag
#
# D             Trajectory length [1 Mpc]
# ID/ID0/ID1    Particle type (PDG MC numbering scheme)
# E/E0/E1       Energy [1 EeV]
# X/X0/X1...    Position [1 Mpc]
# Px/P0x/P1x... Heading (unit vector of momentum)
# tag           Candidate tag can be given by the source feature (user defined tag) or by the following interaction process 
#	ES  	ElasticScattering 
#	EPP 	ElectronPairProduction 
#	EMPP	EMPairProduction
#	EMDP	EMDoublePairProduction
#	EMTP	EMTripletPairProduction 
#	EMIC	EMInverseComptonScattering
#	ND  	NuclearDecay
#	PD  	PhotoDisintegration
#	PPP  	PhotoPionProduction
#	SYN 	SynchrotronRadiation
#	PRIM/SEC	 primary / secondary particle
# no index = current, 0 = at source, 1 = at point of creation
#
# CRPropa version: 3.2-85-g7a40f1f1
#
2.26542E-02	1000010010	6.56248E+00	-7.92363E-03	6.42795E-04	5.04590E-04	-5.76371E-01	-6.42795E-01	-5.04590E-01	1000010010	6.56248E+00	5.13359E-03	1.52048E-02	1.19357E-02	-5.76371E-01	-6.42795E-01	-5.04590E-01	PRIM
2.45076E-02	1000010010	7.77750E+00	-7.75547E-03	-5.12123E-05	-6.65467E-04	-7.44608E-01	5.12174E-02	6.65534E-01	1000010010	7.77750E+00	1.04931E-02	-1.30643E-03	-1.69761E-02	-7.44608E-01	5.12174E-02	6.65534E-01	PRIM
1.93474E-02	1000010010	6.07928E+01	-8.25064E-03	2.71166E-04	9.29564E-04	-2.49385E-01	-2.71193E-01	-9.29657E-01	1000010010	6.07928E+01	-3.42569E-03	5.51804E-03	1.89160E-02	-2.49385E-01	-2.71193E-01	-9.29657E-01	PRIM
2.17446E-02	1000010010	5.16376E+00	-8.00973E-03	2.83801E-04	8.24070E-04	-4.90270E-01	-2.83801E-01	-8.24070E-01	1000010010	5.16376E+00	2.65100E-03	6.45494E-03	1.87432E-02	-4.90270E-01	-2.83801E-01	-8.24070E-01	PRIM
2.50922E-02	1000010010	7.02488E+00	-7.70415E-03	-2.94671E-04	-5.28765E-04	-7.95929E-01	2.94700E-01	5.28818E-01	1000010010	7.02488E+00	1.22675E-02	-7.68935E-03	-1.37980E-02	-7.95929E-01	2.94700E-01	5.28818E-01	PRIM
2.09193E-02	1000010010	6.78303E+00	-8.09020E-03	-7.38637E-04	-5.35234E-04	-4.09804E-01	7.38637E-01	5.35234E-01	1000010010	6.78303E+00	4.82606E-04	-1.61904E-02	-1.17319E-02	-4.09804E-01	7.38637E-01	5.35234E-01	PRIM
2.26392E-02	1000010010	1.60739E+01	-7.92509E-03	-9.71004E-05	-8.12314E-04	-5.74964E-01	9.71102E-02	8.12395E-01	1000010010	1.60739E+01	5.09165E-03	-2.29560E-03	-1.92043E-02	-5.74964E-01	9.71102E-02	8.12395E-01	PRIM
2.48056E-02	1000010010	1.42542E+01	-7.72913E-03	-4.07778E-04	-4.89358E-04	-7.70874E-01	4.07778E-01	4.89358E-01	1000010010	1.42542E+01	1.13929E-02	-1.05229E-02	-1.26282E-02	-7.70874E-01	4.07778E-01	4.89358E-01	PRIM
2.00785E-02	1000010010	1.07212E+01	-8.17473E-03	9.44010E-04	-5.52012E-05	-3.25266E-01	-9.44010E-01	5.52012E-02	1000010010	1.07212E+01	-1.64387E-03	1.98983E-02	-1.16356E-03	-3.25266E-01	-9.44010E-01	5.52012E-02	PRIM
2.22485E-02	1000010010	9.41536E+00	-7.96178E-03	-4.83646E-04	-6.90079E-04	-5.38270E-01	4.83695E-01	6.90148E-01	1000010010	9.41536E+00	4.01390E-03	-1.12451E-02	-1.60448E-02	-5.38270E-01	4.83695E-01	6.90148E-01	PRIM
1.79872E-02	1000010010	2.24437E+01	-8.39849E-03	5.05456E-04	-8.56861E-04	-1.01507E-01	-5.05456E-01	8.56861E-01	1000010010	2.24437E+01	-6.57267E-03	9.59720E-03	-1.62694E-02	-1.01507E-01	-5.05456E-01	8.56861E-01	PRIM
2.08858E-02	1000010010	9.97687E+00	-8.09351E-03	-5.75011E-04	-7.10021E-04	-4.06487E-01	5.75011E-01	7.10021E-01	1000010010	9.97687E+00	3.96282E-04	-1.25846E-02	-1.55394E-02	-4.06487E-01	5.75011E-01	7.10021E-01	PRIM
1.77294E-02	1000010010	5.59298E+00	-8.42764E-03	-3.60466E-04	-9.29961E-04	-7.23590E-02	3.60466E-01	9.29961E-01	1000010010	5.59298E+00	-7.14476E-03	-6.75130E-03	-1.74176E-02	-7.23590E-02	3.60466E-01	9.29961E-01	PRIM
2.15703E-02	1000010010	1.69833E+01	-8.02659E-03	-2.75079E-05	8.80298E-04	-4.73459E-01	2.75106E-02	-8.80386E-01	1000010010	1.69833E+01	2.18606E-03	-6.20920E-04	1.98705E-02	-4.73459E-01	2.75106E-02	-8.80386E-01	PRIM
2.00681E-02	1000010010	3.14589E+01	-8.17580E-03	-1.83932E-04	9.27934E-04	-3.24202E-01	1.83932E-01	-9.27934E-01	1000010010	3.14589E+01	-1.66968E-03	-3.87510E-03	1.95498E-02	-3.24202E-01	1.83932E-01	-9.27934E-01	PRIM
1.88568E-02	1000010010	6.54865E+00	-8.30287E-03	8.01572E-05	9.77095E-04	-1.97128E-01	-8.01572E-02	-9.77095E-01	1000010010	6.54865E+00	-4.58565E-03	1.59167E-03	1.94020E-02	-1.97128E-01	-8.01572E-02	-9.77095E-01	PRIM
2.01181E-02	1000010010	1.06391E+01	-8.17069E-03	-4.89581E-05	-9.42951E-04	-3.29313E-01	4.89581E-02	9.42951E-01	1000010010	1.06391E+01	-1.54552E-03	-1.03390E-03	-1.99134E-02	-3.29313E-01	4.89581E-02	9.42951E-01	PRIM
2.01705E-02	1000010010	9.30083E+00	-8.16535E-03	-3.16831E-04	8.87483E-04	-3.34651E-01	3.16831E-01	-8.87483E-01	1000010010	9.30083E+00	-1.41526E-03	-6.70747E-03	1.87885E-02	-3.34651E-01	3.16831E-01	-8.87483E-01	PRIM
1.85132E-02	1000010010	4.27435E+02	-8.34019E-03	5.13275E-04	8.43213E-04	-1.59815E-01	-5.13275E-01	-8.43213E-01	1000010010	4.27435E+02	-5.38150E-03	1.00156E-02	1.64538E-02	-1.59815E-01	-5.13275E-01	-8.43213E-01	PRIM
2.43759E-02	1000010010	1.10638E+01	-7.76705E-03	1.08914E-04	6.71510E-04	-7.32948E-01	-1.08914E-01	-6.71510E-01	1000010010	1.10638E+01	1.00992E-02	2.76380E-03	1.70402E-02	-7.32948E-01	-1.08914E-01	-6.71510E-01	PRIM
2.13221E-02	1000010010	9.19636E+00	-8.05068E-03	-8.44433E-04	-2.91283E-04	-4.49363E-01	8.44518E-01	2.91312E-01	1000010010	9.19636E+00	1.53069E-03	-1.88513E-02	-6.50266E-03	-4.49363E-01	8.44518E-01	2.91312E-01	PRIM
2.05245E-02	1000010010	5.89082E+00	-8.12959E-03	-5.70014E-05	9.27010E-04	-3.70445E-01	5.70071E-02	-9.27103E-01	1000010010	5.89082E+00	-5.26367E-04	-1.22705E-03	1.99554E-02	-3.70445E-01	5.70071E-02	-9.27103E-01	PRIM
2.08942E-02	1000010010	3.07119E+01	-8.09268E-03	1.77200E-04	-8.95929E-04	-4.07323E-01	-1.77200E-01	8.95929E-01	1000010010	3.07119E+01	4.18002E-04	3.87964E-03	-1.96156E-02	-4.07323E-01	-1.77200E-01	8.95929E-01	PRIM
1.31545E-02	1000010010	8.79813E+00	-9.02944E-03	1.16159E-04	8.40354E-04	5.29445E-01	-1.16159E-01	-8.40354E-01	1000010010	8.79813E+00	-1.59941E-02	1.64417E-03	1.18948E-02	5.29445E-01	-1.16159E-01	-8.40354E-01	PRIM
2.51454E-02	1000010010	3.44361E+01	-7.69952E-03	3.80031E-04	-4.63255E-04	-8.00562E-01	-3.80069E-01	4.63301E-01	1000010010	3.44361E+01	1.24309E-02	9.93700E-03	-1.21131E-02	-8.00562E-01	-3.80069E-01	4.63301E-01	PRIM
2.45076E-02	1000010010	1.71867E+01	-7.75547E-03	-5.12123E-05	-6.65467E-04	-7.44608E-01	5.12174E-02	6.65534E-01	1000010010	1.71867E+01	1.04931E-02	-1.30643E-03	-1.69761E-02	-7.44608E-01	5.12174E-02	6.65534E-01	PRIM
2.04372E-02	1000010010	1.20459E+01	-8.13834E-03	7.12479E-04	-6.01309E-04	-3.61665E-01	-7.12479E-01	6.01309E-01	1000010010	1.20459E+01	-7.46927E-04	1.52735E-02	-1.28904E-02	-3.61665E-01	-7.12479E-01	6.01309E-01	PRIM
2.61905E-02	1000010010	8.97415E+00	-7.60971E-03	4.06907E-04	2.03965E-04	-8.90384E-01	-4.06948E-01	-2.03985E-01	1000010010	8.97415E+00	1.57099E-02	1.10651E-02	5.54644E-03	-8.90384E-01	-4.06948E-01	-2.03985E-01	PRIM
1.61887E-02	1000010010	8.19913E+00	-8.61053E-03	-8.68052E-04	4.84013E-04	1.10534E-01	8.68052E-01	-4.84013E-01	1000010010	8.19913E+00	-1.03999E-02	-1.49207E-02	8.31955E-03	1.10534E-01	8.68052E-01	-4.84013E-01	PRIM
2.45076E-02	1000010010	1.97193E+01	-7.75547E-03	-5.12123E-05	-6.65467E-04	-7.44608E-01	5.12174E-02	6.65534E-01	1000010010	1.97193E+01	1.04931E-02	-1.30643E-03	-1.69761E-02	-7.44608E-01	5.12174E-02	6.65534E-01	PRIM
2.63593E-02	1000010010	5.95630E+00	-7.59541E-03	-4.13785E-04	1.01440E-04	-9.04685E-01	4.13827E-01	-1.01450E-01	1000010010	5.95630E+00	1.62514E-02	-1.13220E-02	2.77559E-03	-9.04685E-01	4.13827E-01	-1.01450E-01	PRIM
2.22485E-02	1000010010	8.69148E+00	-7.96178E-03	-4.83646E-04	-6.90079E-04	-5.38270E-01	4.83695E-01	6.90148E-01	1000010010	8.69148E+00	4.01390E-03	-1.12451E-02	-1.60448E-02	-5.38270E-01	4.83695E-01	6.90148E-01	PRIM
2.08902E-02	1000010010	6.50062E+00	-8.09312E-03	5.12678E-04	-7.55917E-04	-4.06921E-01	-5.12729E-01	7.55992E-01	1000010010	6.50062E+00	4.07560E-04	1.12237E-02	-1.65488E-02	-4.06921E-01	-5.12729E-01	7.55992E-01	PRIM
2.37682E-02	1000010010	6.95586E+00	-7.82152E-03	3.89637E-04	-6.22610E-04	-6.78551E-01	-3.89676E-01	6.22673E-01	1000010010	6.95586E+00	8.30643E-03	9.65153E-03	-1.54224E-02	-6.78551E-01	-3.89676E-01	6.22673E-01	PRIM
2.61905E-02	1000010010	1.52193E+01	-7.60971E-03	4.06907E-04	2.03965E-04	-8.90384E-01	-4.06948E-01	-2.03985E-01	1000010010	1.52193E+01	1.57099E-02	1.10651E-02	5.54644E-03	-8.90384E-01	-4.06948E-01	-2.03985E-01	PRIM
2.51838E-02	1000010010	5.93118E+00	-7.69608E-03	-5.59635E-04	-2.01311E-04	-8.03917E-01	5.59635E-01	2.01311E-01	1000010010	5.93118E+00	1.25496E-02	-1.46534E-02	-5.27111E-03	-8.03917E-01	5.59635E-01	2.01311E-01	PRIM
1.16379E-02	1000010010	1.49454E+01	-9.28212E-03	6.12404E-04	1.15078E-04	7.82124E-01	-6.12404E-01	-1.15078E-01	1000010010	1.49454E+01	-1.83844E-02	7.73948E-03	1.45434E-03	7.82124E-01	-6.12404E-01	-1.15078E-01	PRIM
1.82310E-02	1000010010	5.32952E+00	-8.37128E-03	5.02319E-04	-8.55048E-04	-1.28717E-01	-5.02319E-01	8.55048E-01	1000010010	5.32952E+00	-6.02465E-03	9.66010E-03	-1.64434E-02	-1.28717E-01	-5.02319E-01	8.55048E-01	PRIM
1.55351E-02	1000010010	1.14046E+01	-8.69331E-03	-3.63529E-04	9.11195E-04	1.93332E-01	3.63565E-01	-9.11286E-01	1000010010	1.14046E+01	-1.16967E-02	-6.01154E-03	1.50681E-02	1.93332E-01	3.63565E-01	-9.11286E-01	PRIM
2.10938E-02	1000010010	5.86708E+00	-8.07303E-03	1.26806E-05	9.04068E-04	-4.27008E-01	-1.26819E-02	-9.04159E-01	1000010010	5.86708E+00	9.34191E-04	2.80190E-04	1.99762E-02	-4.27008E-01	-1.26819E-02	-9.04159E-01	PRIM
2.65307E-02	1000010010	5.47756E+00	-7.58084E-03	3.83119E-04	9.14476E-05	-9.19161E-01	-3.83119E-01	-9.14476E-02	1000010010	5.47756E+00	1.68051E-02	1.05475E-02	2.51761E-03	-9.19161E-01	-3.83119E-01	-9.14476E-02	PRIM
2.63593E-02	1000010010	7.84746E+00	-7.59541E-03	-4.13785E-04	1.01440E-04	-9.04685E-01	4.13827E-01	-1.01450E-01	1000010010	7.84746E+00	1.62514E-02	-1.13220E-02	2.77559E-03	-9.04685E-01	4.13827E-01	-1.01450E-01	PRIM
1.78572E-02	1000010010	1.63624E+01	-8.41315E-03	-6.99315E-04	-7.09518E-04	-8.68535E-02	6.99315E-01	7.09518E-01	1000010010	1.63624E+01	-6.86219E-03	-1.31871E-02	-1.33795E-02	-8.68535E-02	6.99315E-01	7.09518E-01	PRIM
2.50866E-02	1000010010	6.88066E+00	-7.70455E-03	-4.00175E-04	4.55107E-04	-7.95448E-01	4.00175E-01	-4.55107E-01	1000010010	6.88066E+00	1.22505E-02	-1.04392E-02	1.18722E-02	-7.95448E-01	4.00175E-01	-4.55107E-01	PRIM
1.49289E-02	1000010010	9.61301E+00	-8.77335E-03	9.41636E-04	-1.96470E-04	2.73351E-01	-9.41636E-01	1.96470E-01	1000010010	9.61301E+00	-1.28542E-02	1.49992E-02	-3.12955E-03	2.73351E-01	-9.41636E-01	1.96470E-01	PRIM
1.79872E-02	1000010010	3.58060E+01	-8.39849E-03	5.05456E-04	-8.56861E-04	-1.01507E-01	-5.05456E-01	8.56861E-01	1000010010	3.58060E+01	-6.57267E-03	9.59720E-03	-1.62694E-02	-1.01507E-01	-5.05456E-01	8.56861E-01	PRIM
2.51454E-02	1000010010	1.93502E+01	-7.69952E-03	3.80031E-04	-4.63255E-04	-8.00562E-01	-3.80069E-01	4.63301E-01	1000010010	1.93502E+01	1.24309E-02	9.93700E-03	-1.21131E-02	-8.00562E-01	-3.80069E-01	4.63301E-01	PRIM
2.11963E-02	1000010010	7.82088E+00	-8.06292E-03	1.69018E-05	8.99263E-04	-4.37083E-01	-1.69018E-02	-8.99263E-01	1000010010	7.82088E+00	1.20164E-03	3.75158E-04	1.99603E-02	-4.37083E-01	-1.69018E-02	-8.99263E-01	PRIM
2.61905E-02	1000010010	1.20957E+02	-7.60971E-03	4.06907E-04	2.03965E-04	-8.90384E-01	-4.06948E-01	-2.03985E-01	1000010010	1.20957E+02	1.57099E-02	1.10651E-02	5.54644E-03	-8.90384E-01	-4.06948E-01	-2.03985E-01	PRIM
2.25608E-02	1000010010	5.95996E+00	-7.93236E-03	4.56845E-04	-6.84890E-04	-5.67642E-01	-4.56845E-01	6.84890E-01	1000010010	5.95996E+00	4.87409E-03	1.07636E-02	-1.61365E-02	-5.67642E-01	-4.56845E-01	6.84890E-01	PRIM
2.07871E-02	1000010010	1.21665E+01	-8.10331E-03	-1.60610E-04	9.03793E-04	-3.96690E-01	1.60610E-01	-9.03793E-01	1000010010	1.21665E+01	1.42708E-04	-3.49922E-03	1.96910E-02	-3.96690E-01	1.60610E-01	-9.03793E-01	PRIM
2.28528E-02	1000010010	5.05529E+00	-7.90523E-03	-1.71981E-04	-7.85157E-04	-5.94829E-01	1.71999E-01	7.85236E-01	1000010010	5.05529E+00	5.68826E-03	-4.10263E-03	-1.87300E-02	-5.94829E-01	1.71999E-01	7.85236E-01	PRIM
2.10513E-02	1000010010	1.31592E+01	-8.07722E-03	1.53286E-04	-8.93061E-04	-4.22826E-01	-1.53302E-01	8.93150E-01	1000010010	1.31592E+01	8.23808E-04	3.38048E-03	-1.96950E-02	-4.22826E-01	-1.53302E-01	8.93150E-01	PRIM
1.86590E-02	1000010010	1.58630E+01	-8.32428E-03	7.21007E-04	-6.70276E-04	-1.75724E-01	-7.21007E-01	6.70276E-01	1000010010	1.58630E+01	-5.04544E-03	1.41743E-02	-1.31770E-02	-1.75724E-01	-7.21007E-01	6.70276E-01	PRIM
2.37711E-02	1000010010	2.44916E+01	-7.82118E-03	-5.58527E-04	-4.76707E-04	-6.78821E-01	5.58527E-01	4.76707E-01	1000010010	2.44916E+01	8.31514E-03	-1.38353E-02	-1.18085E-02	-6.78821E-01	5.58527E-01	4.76707E-01	PRIM
2.56917E-02	1000010010	7.49188E+00	-7.65220E-03	4.72843E-04	2.40110E-04	-8.47801E-01	-4.72843E-01	-2.40110E-01	1000010010	7.49188E+00	1.41293E-02	1.26210E-02	6.40894E-03	-8.47801E-01	-4.72843E-01	-2.40110E-01	PRIM
2.30226E-02	1000010010	5.13292E+01	-7.88946E-03	-6.88976E-05	7.88986E-04	-6.10537E-01	6.88976E-02	-7.88986E-01	1000010010	5.13292E+01	6.16665E-03	-1.65510E-03	1.89534E-02	-6.10537E-01	6.88976E-02	-7.88986E-01	PRIM
2.25608E-02	1000010010	1.73620E+01	-7.93236E-03	4.56845E-04	-6.84890E-04	-5.67642E-01	-4.56845E-01	6.84890E-01	1000010010	1.73620E+01	4.87409E-03	1.07636E-02	-1.61365E-02	-5.67642E-01	-4.56845E-01	6.84890E-01	PRIM
1.23023E-02	1000010010	6.68899E+00	-9.16684E-03	-2.49600E-04	7.02158E-04	6.66839E-01	2.49600E-01	-7.02158E-01	1000010010	6.68899E+00	-1.73705E-02	-3.32025E-03	9.34032E-03	6.66839E-01	2.49600E-01	-7.02158E-01	PRIM
2.25202E-02	1000010010	9.00288E+00	-7.93616E-03	-1.39661E-04	8.13987E-04	-5.63844E-01	1.39661E-01	-8.13987E-01	1000010010	9.00288E+00	4.76172E-03	-3.28486E-03	1.91451E-02	-5.63844E-01	1.39661E-01	-8.13987E-01	PRIM
2.34475E-02	1000010010	8.36293E+00	-7.85051E-03	8.13124E-05	7.56013E-04	-6.49486E-01	-8.13124E-02	-7.56013E-01	1000010010	8.36293E+00	7.37833E-03	1.98789E-03	1.84827E-02	-6.49486E-01	-8.13124E-02	-7.56013E-01	PRIM
1.16379E-02	1000010010	1.13334E+01	-9.28212E-03	6.12404E-04	1.15078E-04	7.82124E-01	-6.12404E-01	-1.15078E-01	1000010010	1.13334E+01	-1.83844E-02	7.73948E-03	1.45434E-03	7.82124E-01	-6.12404E-01	-1.15078E-01	PRIM
2.24072E-02	1000010010	6.66707E+00	-7.94676E-03	-4.51202E-04	7.00243E-04	-5.53242E-01	4.51202E-01	-7.00243E-01	1000010010	6.66707E+00	4.44985E-03	-1.05614E-02	1.63907E-02	-5.53242E-01	4.51202E-01	-7.00243E-01	PRIM
1.41421E-02	1000010010	1.69336E+01	-8.88252E-03	6.47407E-04	-6.59197E-04	3.82523E-01	-6.47407E-01	6.59197E-01	1000010010	1.69336E+01	-1.42922E-02	9.80309E-03	-9.98161E-03	3.82523E-01	-6.47407E-01	6.59197E-01	PRIM
2.07593E-02	1000010010	9.04535E+00	-8.10607E-03	-1.54678E-05	9.19009E-04	-3.93932E-01	1.54678E-02	-9.19009E-01	1000010010	9.04535E+00	7.17128E-05	-3.36570E-04	1.99970E-02	-3.93932E-01	1.54678E-02	-9.19009E-01	PRIM
2.11963E-02	1000010010	6.35105E+00	-8.06292E-03	1.69018E-05	8.99263E-04	-4.37083E-01	-1.69018E-02	-8.99263E-01	1000010010	6.35105E+00	1.20164E-03	3.75158E-04	1.99603E-02	-4.37083E-01	-1.69018E-02	-8.99263E-01	PRIM
2.13221E-02	1000010010	1.03187E+01	-8.05068E-03	-8.44433E-04	-2.91283E-04	-4.49363E-01	8.44518E-01	2.91312E-01	1000010010	1.03187E+01	1.53069E-03	-1.88513E-02	-6.50266E-03	-4.49363E-01	8.44518E-01	2.91312E-01	PRIM
2.34470E-02	1000010010	1.27044E+01	-7.85057E-03	-6.83567E-04	-3.33123E-04	-6.49434E-01	6.83567E-01	3.33123E-01	1000010010	1.27044E+01	7.37670E-03	-1.67111E-02	-8.14384E-03	-6.49434E-01	6.83567E-01	3.33123E-01	PRIM
2.15868E-02	1000010010	6.70693E+00	-8.02499E-03	8.25167E-04	3.05394E-04	-4.75057E-01	-8.25249E-01	-3.05425E-01	1000010010	6.70693E+00	2.22998E-03	1.86397E-02	6.89854E-03	-4.75057E-01	-8.25249E-01	-3.05425E-01	PRIM
2.14093E-02	1000010010	7.88409E+00	-8.04214E-03	-5.47778E-05	8.87334E-04	-4.57863E-01	5.47778E-02	-8.87334E-01	1000010010	7.88409E+00	1.76038E-03	-1.22753E-03	1.98845E-02	-4.57863E-01	5.47778E-02	-8.87334E-01	PRIM
2.28528E-02	1000010010	5.32471E+00	-7.90523E-03	-1.71981E-04	-7.85157E-04	-5.94829E-01	1.71999E-01	7.85236E-01	1000010010	5.32471E+00	5.68826E-03	-4.10263E-03	-1.87300E-02	-5.94829E-01	1.71999E-01	7.85236E-01	PRIM
2.14385E-02	1000010010	6.07381E+00	-8.03930E-03	8.11894E-05	-8.83836E-04	-4.60698E-01	-8.11894E-02	8.83836E-01	1000010010	6.07381E+00	1.83736E-03	1.82177E-03	-1.98319E-02	-4.60698E-01	-8.11894E-02	8.83836E-01	PRIM
2.65307E-02	1000010010	5.15469E+00	-7.58084E-03	3.83119E-04	9.14476E-05	-9.19161E-01	-3.83119E-01	-9.14476E-02	1000010010	5.15469E+00	1.68051E-02	1.05475E-02	2.51761E-03	-9.19161E-01	-3.83119E-01	-9.14476E-02	PRIM
2.10439E-02	1000010010	2.37875E+01	-8.07790E-03	8.99772E-04	-1.10627E-04	-4.22104E-01	-8.99772E-01	1.10627E-01	1000010010	2.37875E+01	8.04805E-04	1.98344E-02	-2.43864E-03	-4.22104E-01	-8.99772E-01	1.10627E-01	PRIM
1.69870E-02	1000010010	1.26782E+01	-8.51379E-03	8.02080E-04	-5.97057E-04	1.37943E-02	-8.02080E-01	5.97057E-01	1000010010	1.26782E+01	-8.74812E-03	1.44270E-02	-1.07393E-02	1.37943E-02	-8.02080E-01	5.97057E-01	PRIM
2.66128E-02	1000010010	3.44041E+01	-7.57393E-03	-3.64414E-04	9.79382E-05	-9.26073E-01	3.64414E-01	-9.79382E-02	1000010010	3.44041E+01	1.70714E-02	-1.00625E-02	2.70434E-03	-9.26073E-01	3.64414E-01	-9.79382E-02	PRIM
1.98169E-02	1000010010	5.43522E+00	-8.20162E-03	-2.06978E-05	9.54222E-04	-2.98383E-01	2.06978E-02	-9.54222E-01	1000010010	5.43522E+00	-2.28859E-03	-4.30865E-04	1.98640E-02	-2.98383E-01	2.06978E-02	-9.54222E-01	PRIM
1.82310E-02	1000010010	6.71148E+00	-8.37128E-03	5.02319E-04	-8.55048E-04	-1.28717E-01	-5.02319E-01	8.55048E-01	1000010010	6.71148E+00	-6.02465E-03	9.66010E-03	-1.64434E-02	-1.28717E-01	-5.02319E-01	8.55048E-01	PRIM
2.33988E-02	1000010010	5.75455E+00	-7.85503E-03	-6.81757E-04	3.44995E-04	-6.45034E-01	6.81825E-01	-3.45029E-01	1000010010	5.75455E+00	7.23798E-03	-1.66356E-02	8.41826E-03	-6.45034E-01	6.81825E-01	-3.45029E-01	PRIM
1.23023E-02	1000010010	1.15608E+01	-9.16684E-03	-2.49600E-04	7.02158E-04	6.66839E-01	2.49600E-01	-7.02158E-01	1000010010	1.15608E+01	-1.73705E-02	-3.32025E-03	9.34032E-03	6.66839E-01	2.49600E-01	-7.02158E-01	PRIM
2.47464E-02	1000010010	2.01160E+01	-7.73433E-03	-3.59106E-04	-5.33656E-04	-7.65672E-01	3.59106E-01	5.33656E-01	1000010010	2.01160E+01	1.12133E-02	-9.24567E-03	-1.37397E-02	-7.65672E-01	3.59106E-01	5.33656E-01	PRIM
1.63518E-02	1000010010	7.54374E+00	-8.59040E-03	8.73921E-04	4.77378E-04	9.04127E-02	-8.74008E-01	-4.77426E-01	1000010010	7.54374E+00	-1.00688E-02	1.51655E-02	8.28413E-03	9.04127E-02	-8.74008E-01	-4.77426E-01	PRIM
1.61340E-02	1000010010	8.32053E+00	-8.61734E-03	-8.66041E-04	-4.86010E-04	1.17335E-01	8.66041E-01	4.86010E-01	1000010010	8.32053E+00	-1.05104E-02	-1.48387E-02	-8.32727E-03	1.17335E-01	8.66041E-01	4.86010E-01	PRIM
1.86670E-02	1000010010	5.08122E+00	-8.32341E-03	6.81219E-05	9.81925E-04	-1.76586E-01	-6.81219E-02	-9.81925E-01	1000010010	5.08122E+00	-5.02709E-03	1.33975E-03	1.93115E-02	-1.76586E-01	-6.81219E-02	-9.81925E-01	PRIM
1.69318E-02	1000010010	1.36029E+01	-8.52034E-03	-8.29974E-04	5.57431E-04	2.03381E-02	8.29974E-01	-5.57431E-01	1000010010	1.36029E+01	-8.86470E-03	-1.48829E-02	9.99575E-03	2.03381E-02	8.29974E-01	-5.57431E-01	PRIM
1.61340E-02	1000010010	5.22956E+00	-8.61734E-03	-8.66041E-04	-4.86010E-04	1.17335E-01	8.66041E-01	4.86010E-01	1000010010	5.22956E+00	-1.05104E-02	-1.48387E-02	-8.32727E-03	1.17335E-01	8.66041E-01	4.86010E-01	PRIM
2.37711E-02	1000010010	1.10368E+01	-7.82118E-03	-5.58527E-04	-4.76707E-04	-6.78821E-01	5.58527E-01	4.76707E-01	1000010010	1.10368E+01	8.31514E-03	-1.38353E-02	-1.18085E-02	-6.78821E-01	5.58527E-01	4.76707E-01	PRIM
2.10513E-02	1000010010	1.40608E+01	-8.07722E-03	1.53286E-04	-8.93061E-04	-4.22826E-01	-1.53302E-01	8.93150E-01	1000010010	1.40608E+01	8.23808E-04	3.38048E-03	-1.96950E-02	-4.22826E-01	-1.53302E-01	8.93150E-01	PRIM
1.88568E-02	1000010010	6.94036E+00	-8.30287E-03	8.01572E-05	9.77095E-04	-1.97128E-01	-8.01572E-02	-9.77095E-01	1000010010	6.94036E+00	-4.58565E-03	1.59167E-03	1.94020E-02	-1.97128E-01	-8.01572E-02	-9.77095E-01	PRIM
2.72560E-02	1000010010	8.96603E+00	-7.52030E-03	9.66241E-05	-1.75064E-04	-9.79800E-01	-9.66338E-02	1.75081E-01	1000010010	8.96603E+00	1.91852E-02	2.73048E-03	-4.94708E-03	-9.79800E-01	-9.66338E-02	1.75081E-01	PRIM
2.40543E-02	1000010010	1.27961E+01	-7.79580E-03	-6.36535E-04	-3.14206E-04	-7.04271E-01	6.36598E-01	3.14237E-01	1000010010	1.27961E+01	9.14497E-03	-1.59495E-02	-7.87297E-03	-7.04271E-01	6.36598E-01	3.14237E-01	PRIM
2.32145E-02	1000010010	5.51613E+00	-7.87189E-03	5.24361E-04	5.74734E-04	-6.28176E-01	-5.24413E-01	-5.74792E-01	1000010010	5.51613E+00	6.71088E-03	1.26983E-02	1.39182E-02	-6.28176E-01	-5.24413E-01	-5.74792E-01	PRIM
1.86590E-02	1000010010	1.61347E+01	-8.32428E-03	7.21007E-04	-6.70276E-04	-1.75724E-01	-7.21007E-01	6.70276E-01	1000010010	1.61347E+01	-5.04544E-03	1.41743E-02	-1.31770E-02	-1.75724E-01	-7.21007E-01	6.70276E-01	PRIM
2.03585E-02	1000010010	6.88113E+00	-8.14627E-03	4.32247E-04	-8.29481E-04	-3.53728E-01	-4.32247E-01	8.29481E-01	1000010010	6.88113E+00	-9.44891E-04	9.23216E-03	-1.77165E-02	-3.53728E-01	-4.32247E-01	8.29481E-01	PRIM
1.16379E-02	1000010010	2.63074E+01	-9.28212E-03	6.12404E-04	1.15078E-04	7.82124E-01	-6.12404E-01	-1.15078E-01	1000010010	2.63074E+01	-1.83844E-02	7.73948E-03	1.45434E-03	7.82124E-01	-6.12404E-01	-1.15078E-01	PRIM
2.07593E-02	1000010010	6.61046E+00	-8.10607E-03	-1.54678E-05	9.19009E-04	-3.93932E-01	1.54678E-02	-9.19009E-01	1000010010	6.61046E+00	7.17128E-05	-3.36570E-04	1.99970E-02	-3.93932E-01	1.54678E-02	-9.19009E-01	PRIM
1.86590E-02	1000010010	1.13855E+01	-8.32428E-03	7.21007E-04	-6.70276E-04	-1.75724E-01	-7.21007E-01	6.70276E-01	1000010010	1.13855E+01	-5.04544E-03	1.41743E-02	-1.31770E-02	-1.75724E-01	-7.21007E-01	6.70276E-01	PRIM
1.88568E-02	1000010010	7.21232E+00	-8.30287E-03	8.01572E-05	9.77095E-04	-1.97128E-01	-8.01572E-02	-9.77095E-01	1000010010	7.21232E+00	-4.58565E-03	1.59167E-03	1.94020E-02	-1.97128E-01	-8.01572E-02	-9.77095E-01	PRIM
1.95607E-02	1000010010	1.01690E+02	-8.22823E-03	-1.49743E-04	-9.50640E-04	-2.71773E-01	1.49743E-01	9.50640E-01	1000010010	1.01690E+02	-2.91215E-03	-3.07882E-03	-1.95458E-02	-2.71773E-01	1.49743E-01	9.50640E-01	PRIM
2.05576E-02	1000010010	5.35289E+00	-8.12622E-03	-7.78030E-05	9.24250E-04	-3.73775E-01	7.78030E-02	-9.24250E-01	1000010010	5.35289E+00	-4.42289E-04	-1.67725E-03	1.99246E-02	-3.73775E-01	7.78030E-02	-9.24250E-01	PRIM
1.61887E-02	1000010010	1.57618E+01	-8.61053E-03	-8.68052E-04	4.84013E-04	1.10534E-01	8.68052E-01	-4.84013E-01	1000010010	1.57618E+01	-1.03999E-02	-1.49207E-02	8.31955E-03	1.10534E-01	8.68052E-01	-4.84013E-01	PRIM
2.28528E-02	1000010010	8.77761E+00	-7.90523E-03	-1.71981E-04	-7.85157E-04	-5.94829E-01	1.71999E-01	7.85236E-01	1000010010	8.77761E+00	5.68826E-03	-4.10263E-03	-1.87300E-02	-5.94829E-01	1.71999E-01	7.85236E-01	PRIM
2.14385E-02	1000010010	8.57952E+00	-8.03930E-03	8.11894E-05	-8.83836E-04	-4.60698E-01	-8.11894E-02	8.83836E-01	1000010010	8.57952E+00	1.83736E-03	1.82177E-03	-1.98319E-02	-4.60698E-01	-8.11894E-02	8.83836E-01	PRIM
1.61887E-02	1000010010	6.05346E+00	-8.61053E-03	-8.68052E-04	4.84013E-04	1.10534E-01	8.68052E-01	-4.84013E-01	1000010010	6.05346E+00	-1.03999E-02	-1.49207E-02	8.31955E-03	1.10534E-01	8.68052E-01	-4.84013E-01	PRIM
1.86670E-02	1000010010	6.23799E+00	-8.32341E-03	6.81219E-05	9.81925E-04	-1.76586E-01	-6.81219E-02	-9.81925E-01	1000010010	6.23799E+00	-5.02709E-03	1.33975E-03	1.93115E-02	-1.76586E-01	-6.81219E-02	-9.81925E-01	PRIM
1.33026E-02	1000010010	6.56482E+00	-9.00663E-03	-8.42035E-04	-1.85211E-04	5.06630E-01	8.42035E-01	1.85211E-01	1000010010	6.56482E+00	-1.57462E-02	-1.20433E-02	-2.64901E-03	5.06630E-01	8.42035E-01	1.85211E-01	PRIM
2.32821E-02	1000010010	6.86021E+00	-7.86569E-03	-2.93092E-04	-7.15229E-04	-6.34370E-01	2.93121E-01	7.15301E-01	1000010010	6.86021E+00	6.90375E-03	-7.11755E-03	-1.73689E-02	-6.34370E-01	2.93121E-01	7.15301E-01	PRIM
2.13221E-02	1000010010	6.77317E+00	-8.05068E-03	-8.44433E-04	-2.91283E-04	-4.49363E-01	8.44518E-01	2.91312E-01	1000010010	6.77317E+00	1.53069E-03	-1.88513E-02	-6.50266E-03	-4.49363E-01	8.44518E-01	2.91312E-01	PRIM
1.95654E-02	1000010010	2.77117E+01	-8.22777E-03	-1.55107E-04	9.49545E-04	-2.72253E-01	1.55123E-01	-9.49640E-01	1000010010	2.77117E+01	-2.90103E-03	-3.19015E-03	1.95296E-02	-2.72253E-01	1.55123E-01	-9.49640E-01	PRIM
1.69186E-02	1000010010	6.02084E+00	-8.52190E-03	-2.39080E-04	9.70753E-04	2.19049E-02	2.39080E-01	-9.70753E-01	1000010010	6.02084E+00	-8.89251E-03	-4.28399E-03	1.73946E-02	2.19049E-02	2.39080E-01	-9.70753E-01	PRIM
1.72424E-02	1000010010	2.14708E+01	-8.48376E-03	-9.88613E-04	-1.49601E-04	-1.62411E-02	9.88613E-01	1.49601E-01	1000010010	2.14708E+01	-8.20372E-03	-1.80347E-02	-2.72908E-03	-1.62411E-02	9.88613E-01	1.49601E-01	PRIM
2.65008E-02	1000010010	1.07728E+01	-7.58345E-03	-2.60562E-04	-3.03071E-04	-9.16637E-01	2.60588E-01	3.03101E-01	1000010010	1.07728E+01	1.67082E-02	-7.16635E-03	-8.33550E-03	-9.16637E-01	2.60588E-01	3.03101E-01	PRIM
1.79872E-02	1000010010	3.15495E+01	-8.39849E-03	5.05456E-04	-8.56861E-04	-1.01507E-01	-5.05456E-01	8.56861E-01	1000010010	3.15495E+01	-6.57267E-03	9.59720E-03	-1.62694E-02	-1.01507E-01	-5.05456E-01	8.56861E-01	PRIM
2.19417E-02	1000010010	6.17183E+00	-7.99086E-03	2.67444E-04	8.18074E-04	-5.09144E-01	-2.67444E-01	-8.18074E-01	1000010010	6.17183E+00	3.18063E-03	6.13561E-03	1.87680E-02	-5.09144E-01	-2.67444E-01	-8.18074E-01	PRIM
1.85132E-02	1000010010	5.31420E+00	-8.34019E-03	5.13275E-04	8.43213E-04	-1.59815E-01	-5.13275E-01	-8.43213E-01	1000010010	5.31420E+00	-5.38150E-03	1.00156E-02	1.64538E-02	-1.59815E-01	-5.13275E-01	-8.43213E-01	PRIM
1.68251E-02	1000010010	5.04516E+00	-8.53305E-03	-9.45689E-04	-3.23387E-04	3.30502E-02	9.45689E-01	3.23387E-01	1000010010	5.04516E+00	-9.08912E-03	-1.68570E-02	-5.76441E-03	3.30502E-02	9.45689E-01	3.23387E-01	PRIM
2.53591E-02	1000010010	8.38205E+00	-7.68097E-03	-5.54886E-04	1.45237E-04	-8.19111E-01	5.54941E-01	-1.45251E-01	1000010010	8.38205E+00	1.30909E-02	-1.46277E-02	3.82868E-03	-8.19111E-01	5.54941E-01	-1.45251E-01	PRIM
1.15204E-02	1000010010	7.17402E+00	-9.30334E-03	1.98070E-04	-5.61611E-04	8.03344E-01	-1.98070E-01	5.61611E-01	1000010010	7.17402E+00	-1.85582E-02	2.47991E-03	-7.03160E-03	8.03344E-01	-1.98070E-01	5.61611E-01	PRIM
2.25135E-02	1000010010	2.56087E+01	-7.93678E-03	-8.02066E-04	1.98684E-04	-5.63219E-01	8.02066E-01	-1.98684E-01	1000010010	2.56087E+01	4.74325E-03	-1.88594E-02	4.67177E-03	-5.63219E-01	8.02066E-01	-1.98684E-01	PRIM
2.11963E-02	1000010010	1.04244E+01	-8.06292E-03	1.69018E-05	8.99263E-04	-4.37083E-01	-1.69018E-02	-8.99263E-01	1000010010	1.04244E+01	1.20164E-03	3.75158E-04	1.99603E-02	-4.37083E-01	-1.69018E-02	-8.99263E-01	PRIM
1.82310E-02	1000010010	2.00113E+01	-8.37128E-03	5.02319E-04	-8.55048E-04	-1.28717E-01	-5.02319E-01	8.55048E-01	1000010010	2.00113E+01	-6.02465E-03	9.66010E-03	-1.64434E-02	-1.28717E-01	-5.02319E-01	8.55048E-01	PRIM
2.24622E-02	1000010010	5.30898E+00	-7.94160E-03	3.91813E-04	7.31210E-04	-5.58404E-01	-3.91813E-01	-7.31210E-01	1000010010	5.30898E+00	4.60136E-03	9.19278E-03	1.71558E-02	-5.58404E-01	-3.91813E-01	-7.31210E-01	PRIM
1.47094E-02	1000010010	5.37482E+00	-8.80317E-03	8.07318E-04	5.06287E-04	3.03169E-01	-8.07318E-01	-5.06287E-01	1000010010	5.37482E+00	-1.32626E-02	1.26825E-02	7.95348E-03	3.03169E-01	-8.07318E-01	-5.06287E-01	PRIM
1.99509E-02	1000010010	5.37591E+00	-8.18781E-03	2.64650E-04	9.12413E-04	-3.12191E-01	-2.64650E-01	-9.12413E-01	1000010010	5.37591E+00	-1.95932E-03	5.54467E-03	1.91159E-02	-3.12191E-01	-2.64650E-01	-9.12413E-01	PRIM
1.62652E-02	1000010010	5.67231E+00	-8.60106E-03	8.72820E-05	-9.91044E-04	1.01063E-01	-8.72820E-02	9.91044E-01	1000010010	5.67231E+00	-1.02449E-02	1.50694E-03	-1.71106E-02	1.01063E-01	-8.72820E-02	9.91044E-01	PRIM
1.08020E-02	1000010010	6.83890E+00	-9.43926E-03	-1.91779E-04	-2.84260E-04	9.39358E-01	1.91798E-01	2.84289E-01	1000010010	6.83890E+00	-1.95862E-02	-2.26358E-03	-3.35515E-03	9.39358E-01	1.91798E-01	2.84289E-01	PRIM
2.19417E-02	1000010010	6.40122E+00	-7.99086E-03	2.67444E-04	8.18074E-04	-5.09144E-01	-2.67444E-01	-8.18074E-01	1000010010	6.40122E+00	3.18063E-03	6.13561E-03	1.87680E-02	-5.09144E-01	-2.67444E-01	-8.18074E-01	PRIM
1.72424E-02	1000010010	1.03996E+01	-8.48376E-03	-9.88613E-04	-1.49601E-04	-1.62411E-02	9.88613E-01	1.49601E-01	1000010010	1.03996E+01	-8.20372E-03	-1.80347E-02	-2.72908E-03	-1.62411E-02	9.88613E-01	1.49601E-01	PRIM
1.16379E-02	1000010010	1.84784E+01	-9.28212E-03	6.12404E-04	1.15078E-04	7.82124E-01	-6.12404E-01	-1.15078E-01	1000010010	1.84784E+01	-1.83844E-02	7.73948E-03	1.45434E-03	7.82124E-01	-6.12404E-01	-1.15078E-01	PRIM
2.07871E-02	1000010010	8.05240E+00	-8.10331E-03	-1.60610E-04	9.03793E-04	-3.96690E-01	1.60610E-01	-9.03793E-01	1000010010	8.05240E+00	1.42708E-04	-3.49922E-03	1.96910E-02	-3.96690E-01	1.60610E-01	-9.03793E-01	PRIM
2.00681E-02	1000010010	1.23265E+01	-8.17580E-03	-1.83932E-04	9.27934E-04	-3.24202E-01	1.83932E-01	-9.27934E-01	1000010010	1.23265E+01	-1.66968E-03	-3.87510E-03	1.95498E-02	-3.24202E-01	1.83932E-01	-9.27934E-01	PRIM
2.33002E-02	1000010010	6.79064E+00	-7.86396E-03	-4.15035E-04	6.50542E-04	-6.36035E-01	4.15035E-01	-6.50542E-01	1000010010	6.79064E+00	6.95576E-03	-1.00854E-02	1.58083E-02	-6.36035E-01	4.15035E-01	-6.50542E-01	PRIM
2.68682E-02	1000010010	7.18687E+00	-7.55250E-03	3.12579E-04	6.73947E-05	-9.47498E-01	-3.12579E-01	-6.73947E-02	1000010010	7.18687E+00	1.79051E-02	8.71101E-03	1.87817E-03	-9.47498E-01	-3.12579E-01	-6.73947E-02	PRIM
1.85335E-02	1000010010	1.01338E+01	-8.33796E-03	-4.02889E-04	9.00791E-04	-1.62040E-01	4.02889E-01	-9.00791E-01	1000010010	1.01338E+01	-5.33479E-03	-7.86983E-03	1.75956E-02	-1.62040E-01	4.02889E-01	-9.00791E-01	PRIM
2.33691E-02	1000010010	5.45422E+00	-7.85766E-03	7.00232E-04	3.11575E-04	-6.42336E-01	-7.00232E-01	-3.11575E-01	1000010010	5.45422E+00	7.15317E-03	1.70640E-02	7.59282E-03	-6.42336E-01	-7.00232E-01	-3.11575E-01	PRIM
2.11963E-02	1000010010	1.10259E+01	-8.06292E-03	1.69018E-05	8.99263E-04	-4.37083E-01	-1.69018E-02	-8.99263E-01	1000010010	1.10259E+01	1.20164E-03	3.75158E-04	1.99603E-02	-4.37083E-01	-1.69018E-02	-8.99263E-01	PRIM
2.14316E-02	1000010010	1.91178E+01	-8.03997E-03	-1.83366E-04	8.68761E-04	-4.60033E-01	1.83366E-01	-8.68761E-01	1000010010	1.91178E+01	1.81930E-03	-4.11321E-03	1.94877E-02	-4.60033E-01	1.83366E-01	-8.68761E-01	PRIM
2.46816E-02	1000010010	5.91851E+00	-7.74003E-03	1.15376E-04	6.39633E-04	-7.59972E-01	-1.15376E-01	-6.39633E-01	1000010010	5.91851E+00	1.10173E-02	2.96304E-03	1.64268E-02	-7.59972E-01	-1.15376E-01	-6.39633E-01	PRIM
2.12319E-02	1000010010	6.34243E+00	-8.05944E-03	-7.81594E-05	8.94314E-04	-4.40560E-01	7.81594E-02	-8.94314E-01	1000010010	6.34243E+00	1.29449E-03	-1.73763E-03	1.98823E-02	-4.40560E-01	7.81594E-02	-8.94314E-01	PRIM
2.39628E-02	1000010010	8.17588E+00	-7.80393E-03	5.59999E-04	-4.49319E-04	-6.96070E-01	-5.59999E-01	4.49319E-01	1000010010	8.17588E+00	8.87583E-03	1.39791E-02	-1.12162E-02	-6.96070E-01	-5.59999E-01	4.49319E-01	PRIM
2.43759E-02	1000010010	1.44507E+01	-7.76705E-03	1.08914E-04	6.71510E-04	-7.32948E-01	-1.08914E-01	-6.71510E-01	1000010010	1.44507E+01	1.00992E-02	2.76380E-03	1.70402E-02	-7.32948E-01	-1.08914E-01	-6.71510E-01	PRIM
2.11380E-02	1000010010	9.62835E+00	-8.06864E-03	5.68918E-05	9.00386E-04	-4.31357E-01	-5.68918E-02	-9.00386E-01	1000010010	9.62835E+00	1.04935E-03	1.25947E-03	1.99327E-02	-4.31357E-01	-5.68918E-02	-9.00386E-01	PRIM
1.96935E-02	1000010010	8.20761E+00	-8.21444E-03	-8.92872E-04	-3.47901E-04	-2.85590E-01	8.92961E-01	3.47936E-01	1000010010	8.20761E+00	-2.59018E-03	-1.84784E-02	-7.19997E-03	-2.85590E-01	8.92961E-01	3.47936E-01	PRIM
1.33500E-02	1000010010	6.28382E+00	-8.99940E-03	-4.72397E-04	7.26251E-04	4.99401E-01	4.72397E-01	-7.26251E-01	1000010010	6.28382E+00	-1.56664E-02	-6.77887E-03	1.04217E-02	4.99401E-01	4.72397E-01	-7.26251E-01	PRIM
1.61887E-02	1000010010	5.21631E+00	-8.61053E-03	-8.68052E-04	4.84013E-04	1.10534E-01	8.68052E-01	-4.84013E-01	1000010010	5.21631E+00	-1.03999E-02	-1.49207E-02	8.31955E-03	1.10534E-01	8.68052E-01	-4.84013E-01	PRIM
2.02157E-02	1000010010	5.16746E+00	-8.16076E-03	8.25316E-04	4.51406E-04	-3.39244E-01	-8.25316E-01	-4.51406E-01	1000010010	5.16746E+00	-1.30271E-03	1.75096E-02	9.57687E-03	-3.39244E-01	-8.25316E-01	-4.51406E-01	PRIM
2.50922E-02	1000010010	5.31413E+01	-7.70415E-03	-2.94671E-04	-5.28765E-04	-7.95929E-01	2.94700E-01	5.28818E-01	1000010010	5.31413E+01	1.22675E-02	-7.68935E-03	-1.37980E-02	-7.95929E-01	2.94700E-01	5.28818E-01	PRIM
2.07871E-02	1000010010	6.02250E+00	-8.10331E-03	-1.60610E-04	9.03793E-04	-3.96690E-01	1.60610E-01	-9.03793E-01	1000010010	6.02250E+00	1.42708E-04	-3.49922E-03	1.96910E-02	-3.96690E-01	1.60610E-01	-9.03793E-01	PRIM
1.62652E-02	1000010010	2.61077E+01	-8.60106E-03	8.72820E-05	-9.91044E-04	1.01063E-01	-8.72820E-02	9.91044E-01	1000010010	2.61077E+01	-1.02449E-02	1.50694E-03	-1.71106E-02	1.01063E-01	-8.72820E-02	9.91044E-01	PRIM
2.01705E-02	1000010010	8.35551E+00	-8.16535E-03	-3.16831E-04	8.87483E-04	-3.34651E-01	3.16831E-01	-8.87483E-01	1000010010	8.35551E+00	-1.41526E-03	-6.70747E-03	1.87885E-02	-3.34651E-01	3.16831E-01	-8.87483E-01	PRIM
1.85132E-02	1000010010	1.03190E+01	-8.34019E-03	5.13275E-04	8.43213E-04	-1.59815E-01	-5.13275E-01	-8.43213E-01	1000010010	1.03190E+01	-5.38150E-03	1.00156E-02	1.64538E-02	-1.59815E-01	-5.13275E-01	-8.43213E-01	PRIM
2.66128E-02	1000010010	5.05001E+00	-7.57393E-03	-3.64414E-04	9.79382E-05	-9.26073E-01	3.64414E-01	-9.79382E-02	1000010010	5.05001E+00	1.70714E-02	-1.00625E-02	2.70434E-03	-9.26073E-01	3.64414E-01	-9.79382E-02	PRIM
1.69186E-02	1000010010	5.63367E+00	-8.52190E-03	-2.39080E-04	9.70753E-04	2.19049E-02	2.39080E-01	-9.70753E-01	1000010010	5.63367E+00	-8.89251E-03	-4.28399E-03	1.73946E-02	2.19049E-02	2.39080E-01	-9.70753E-01	PRIM
2.40543E-02	1000010010	1.11635E+01	-7.79580E-03	-6.36535E-04	-3.14206E-04	-7.04271E-01	6.36598E-01	3.14237E-01	1000010010	1.11635E+01	9.14497E-03	-1.59495E-02	-7.87297E-03	-7.04271E-01	6.36598E-01	3.14237E-01	PRIM
2.45076E-02	1000010010	8.22694E+00	-7.75547E-03	-5.12123E-05	-6.65467E-04	-7.44608E-01	5.12174E-02	6.65534E-01	1000010010	8.22694E+00	1.04931E-02	-1.30643E-03	-1.69761E-02	-7.44608E-01	5.12174E-02	6.65534E-01	PRIM
1.86591E-02	1000010010	7.89243E+00	-8.32427E-03	6.92393E-04	6.99792E-04	-1.75733E-01	-6.92393E-01	-6.99792E-01	1000010010	7.89243E+00	-5.04525E-03	1.36118E-02	1.37573E-02	-1.75733E-01	-6.92393E-01	-6.99792E-01	PRIM
2.07177E-02	1000010010	1.97441E+01	-8.11021E-03	-2.51922E-05	9.20561E-04	-3.89786E-01	2.51922E-02	-9.20561E-01	1000010010	1.97441E+01	-3.47428E-05	-5.47116E-04	1.99925E-02	-3.89786E-01	2.51922E-02	-9.20561E-01	PRIM
2.01804E-02	1000010010	5.07240E+00	-8.16435E-03	2.23406E-04	9.15110E-04	-3.35655E-01	-2.23406E-01	-9.15110E-01	1000010010	5.07240E+00	-1.39071E-03	4.73183E-03	1.93824E-02	-3.35655E-01	-2.23406E-01	-9.15110E-01	PRIM
2.02150E-02	1000010010	5.36492E+00	-8.16082E-03	-2.81561E-04	-8.97598E-04	-3.39177E-01	2.81561E-01	8.97598E-01	1000010010	5.36492E+00	-1.30437E-03	-5.97331E-03	-1.90425E-02	-3.39177E-01	2.81561E-01	8.97598E-01	PRIM
2.07871E-02	1000010010	8.22839E+00	-8.10331E-03	-1.60610E-04	9.03793E-04	-3.96690E-01	1.60610E-01	-9.03793E-01	1000010010	8.22839E+00	1.42708E-04	-3.49922E-03	1.96910E-02	-3.96690E-01	1.60610E-01	-9.03793E-01	PRIM
2.44777E-02	1000010010	1.18151E+01	-7.75803E-03	-6.69212E-04	-4.04541E-05	-7.41969E-01	6.69212E-01	4.04541E-02	1000010010	1.18151E+01	1.04037E-02	-1.70500E-02	-1.03068E-03	-7.41969E-01	6.69212E-01	4.04541E-02	PRIM
2.51838E-02	1000010010	5.25448E+00	-7.69608E-03	-5.59635E-04	-2.01311E-04	-8.03917E-01	5.59635E-01	2.01311E-01	1000010010	5.25448E+00	1.25496E-02	-1.46534E-02	-5.27111E-03	-8.03917E-01	5.59635E-01	2.01311E-01	PRIM
1.48944E-02	1000010010	5.63721E+00	-8.77801E-03	7.40571E-04	-6.11772E-04	2.78010E-01	-7.40571E-01	6.11772E-01	1000010010	5.63721E+00	-1.29188E-02	1.17709E-02	-9.72372E-03	2.78010E-01	-7.40571E-01	6.11772E-01	PRIM
1.98169E-02	1000010010	8.24111E+00	-8.20162E-03	-2.06978E-05	9.54222E-04	-2.98383E-01	2.06978E-02	-9.54222E-01	1000010010	8.24111E+00	-2.28859E-03	-4.30865E-04	1.98640E-02	-2.98383E-01	2.06978E-02	-9.54222E-01	PRIM
1.80636E-02	1000010010	1.26879E+01	-8.38993E-03	2.84630E-04	9.52298E-04	-1.10068E-01	-2.84630E-01	-9.52298E-01	1000010010	1.26879E+01	-6.40171E-03	5.42607E-03	1.81542E-02	-1.10068E-01	-2.84630E-01	-9.52298E-01	PRIM
2.19417E-02	1000010010	1.03778E+01	-7.99086E-03	2.67444E-04	8.18074E-04	-5.09144E-01	-2.67444E-01	-8.18074E-01	1000010010	1.03778E+01	3.18063E-03	6.13561E-03	1.87680E-02	-5.09144E-01	-2.67444E-01	-8.18074E-01	PRIM
2.46816E-02	1000010010	6.05209E+00	-7.74003E-03	1.15376E-04	6.39633E-04	-7.59972E-01	-1.15376E-01	-6.39633E-01	1000010010	6.05209E+00	1.10173E-02	2.96304E-03	1.64268E-02	-7.59972E-01	-1.15376E-01	-6.39633E-01	PRIM
1.53192E-02	1000010010	9.52904E+00	-8.72144E-03	-9.57494E-04	1.84856E-04	2.21435E-01	9.57494E-01	-1.84856E-01	1000010010	9.52904E+00	-1.21137E-02	-1.56256E-02	3.01672E-03	2.21435E-01	9.57494E-01	-1.84856E-01	PRIM
1.78746E-02	1000010010	9.42049E+00	-8.41118E-03	-5.26800E-04	8.45335E-04	-8.88250E-02	5.26800E-01	-8.45335E-01	1000010010	9.42049E+00	-6.82346E-03	-9.94315E-03	1.59554E-02	-8.88250E-02	5.26800E-01	-8.45335E-01	PRIM
1.48944E-02	1000010010	5.83474E+00	-8.77801E-03	7.40571E-04	-6.11772E-04	2.78010E-01	-7.40571E-01	6.11772E-01	1000010010	5.83474E+00	-1.29188E-02	1.17709E-02	-9.72372E-03	2.78010E-01	-7.40571E-01	6.11772E-01	PRIM
2.14093E-02	1000010010	1.24167E+01	-8.04214E-03	-5.47778E-05	8.87334E-04	-4.57863E-01	5.47778E-02	-8.87334E-01	1000010010	1.24167E+01	1.76038E-03	-1.22753E-03	1.98845E-02	-4.57863E-01	5.47778E-02	-8.87334E-01	PRIM
1.61340E-02	1000010010	6.34871E+00	-8.61734E-03	-8.66041E-04	-4.86010E-04	1.17335E-01	8.66041E-01	4.86010E-01	1000010010	6.34871E+00	-1.05104E-02	-1.48387E-02	-8.32727E-03	1.17335E-01	8.66041E-01	4.86010E-01	PRIM
2.37711E-02	1000010010	1.41017E+01	-7.82118E-03	-5.58527E-04	-4.76707E-04	-6.78821E-01	5.58527E-01	4.76707E-01	1000010010	1.41017E+01	8.31514E-03	-1.38353E-02	-1.18085E-02	-6.78821E-01	5.58527E-01	4.76707E-01	PRIM
2.26392E-02	1000010010	6.86724E+00	-7.92509E-03	-9.71004E-05	-8.12314E-04	-5.74964E-01	9.71102E-02	8.12395E-01	1000010010	6.86724E+00	5.09165E-03	-2.29560E-03	-1.92043E-02	-5.74964E-01	9.71102E-02	8.12395E-01	PRIM
2.66837E-02	1000010010	1.31300E+01	-7.56807E-03	-8.97982E-05	-3.51053E-04	-9.32026E-01	8.98072E-02	3.51088E-01	1000010010	1.31300E+01	1.73018E-02	-2.48618E-03	-9.71939E-03	-9.32026E-01	8.98072E-02	3.51088E-01	PRIM
1.61887E-02	1000010010	5.24156E+00	-8.61053E-03	-8.68052E-04	4.84013E-04	1.10534E-01	8.68052E-01	-4.84013E-01	1000010010	5.24156E+00	-1.03999E-02	-1.49207E-02	8.31955E-03	1.10534E-01	8.68052E-01	-4.84013E-01	PRIM
2.38279E-02	1000010010	8.92643E+00	-7.81606E-03	-3.27090E-04	-6.52099E-04	-6.83944E-01	3.27090E-01	6.52099E-01	1000010010	8.92643E+00	8.48091E-03	-8.12096E-03	-1.61903E-02	-6.83944E-01	3.27090E-01	6.52099E-01	PRIM
2.01804E-02	1000010010	6.66789E+00	-8.16435E-03	2.23406E-04	9.15110E-04	-3.35655E-01	-2.23406E-01	-9.15110E-01	1000010010	6.66789E+00	-1.39071E-03	4.73183E-03	1.93824E-02	-3.35655E-01	-2.23406E-01	-9.15110E-01	PRIM
2.57449E-02	1000010010	5.86082E+00	-7.64764E-03	4.91772E-04	-1.77870E-04	-8.52363E-01	-4.91772E-01	1.77870E-01	1000010010	5.86082E+00	1.42963E-02	1.31524E-02	-4.75709E-03	-8.52363E-01	-4.91772E-01	1.77870E-01	PRIM
1.55297E-02	1000010010	1.53707E+01	-8.69402E-03	-6.90973E-04	6.96357E-04	1.94019E-01	6.90973E-01	-6.96357E-01	1000010010	1.53707E+01	-1.17071E-02	-1.14216E-02	1.15105E-02	1.94019E-01	6.90973E-01	-6.96357E-01	PRIM
2.34470E-02	1000010010	1.70206E+01	-7.85057E-03	-6.83567E-04	-3.33123E-04	-6.49434E-01	6.83567E-01	3.33123E-01	1000010010	1.70206E+01	7.37670E-03	-1.67111E-02	-8.14384E-03	-6.49434E-01	6.83567E-01	3.33123E-01	PRIM
1.94535E-02	1000010010	1.81000E+01	-8.23949E-03	2.77229E-04	-9.24704E-04	-2.60539E-01	-2.77256E-01	9.24796E-01	1000010010	1.81000E+01	-3.17109E-03	5.67084E-03	-1.89152E-02	-2.60539E-01	-2.77256E-01	9.24796E-01	PRIM
1.88568E-02	1000010010	5.87653E+02	-8.30287E-03	8.01572E-05	9.77095E-04	-1.97128E-01	-8.01572E-02	-9.77095E-01	1000010010	5.87653E+02	-4.58565E-03	1.59167E-03	1.94020E-02	-1.97128E-01	-8.01572E-02	-9.77095E-01	PRIM
2.09127E-02	1000010010	6.33371E+00	-8.09084E-03	7.59798E-04	5.05270E-04	-4.09157E-01	-7.59798E-01	-5.05270E-01	1000010010	6.33371E+00	4.65756E-04	1.66492E-02	1.10718E-02	-4.09157E-01	-7.59798E-01	-5.05270E-01	PRIM
1.88568E-02	1000010010	7.96156E+00	-8.30287E-03	8.01572E-05	9.77095E-04	-1.97128E-01	-8.01572E-02	-9.77095E-01	1000010010	7.96156E+00	-4.58565E-03	1.59167E-03	1.94020E-02	-1.97128E-01	-8.01572E-02	-9.77095E-01	PRIM
2.12319E-02	1000010010	7.68757E+02	-8.05944E-03	-7.81594E-05	8.94314E-04	-4.40560E-01	7.81594E-02	-8.94314E-01	1000010010	7.68757E+02	1.29449E-03	-1.73763E-03	1.98823E-02	-4.40560E-01	7.81594E-02	-8.94314E-01	PRIM
2.51454E-02	1000010010	7.72698E+00	-7.69952E-03	3.80031E-04	-4.63255E-04	-8.00562E-01	-3.80069E-01	4.63301E-01	1000010010	7.72698E+00	1.24309E-02	9.93700E-03	-1.21131E-02	-8.00562E-01	-3.80069E-01	4.63301E-01	PRIM
2.15610E-02	1000010010	1.28949E+01	-8.02742E-03	2.93693E-04	-8.30913E-04	-4.72576E-01	-2.93693E-01	8.30913E-01	1000010010	1.28949E+01	2.16182E-03	6.62601E-03	-1.87463E-02	-4.72576E-01	-2.93693E-01	8.30913E-01	PRIM
2.25608E-02	1000010010	7.42298E+00	-7.93236E-03	4.56845E-04	-6.84890E-04	-5.67642E-01	-4.56845E-01	6.84890E-01	1000010010	7.42298E+00	4.87409E-03	1.07636E-02	-1.61365E-02	-5.67642E-01	-4.56845E-01	6.84890E-01	PRIM
1.19446E-02	1000010010	8.97066E+00	-9.22788E-03	6.60936E-04	1.82068E-04	7.27957E-01	-6.61002E-01	-1.82086E-01	1000010010	8.97066E+00	-1.79230E-02	8.55631E-03	2.35700E-03	7.27957E-01	-6.61002E-01	-1.82086E-01	PRIM
1.68251E-02	1000010010	5.72877E+00	-8.53305E-03	-9.45689E-04	-3.23387E-04	3.30502E-02	9.45689E-01	3.23387E-01	1000010010	5.72877E+00	-9.08912E-03	-1.68570E-02	-5.76441E-03	3.30502E-02	9.45689E-01	3.23387E-01	PRIM
2.09193E-02	1000010010	1.00571E+01	-8.09020E-03	-7.38637E-04	-5.35234E-04	-4.09804E-01	7.38637E-01	5.35234E-01	1000010010	1.00571E+01	4.82606E-04	-1.61904E-02	-1.17319E-02	-4.09804E-01	7.38637E-01	5.35234E-01	PRIM
2.27335E-02	1000010010	9.67188E+00	-7.91631E-03	3.95862E-04	7.08802E-04	-5.83747E-01	-3.95902E-01	-7.08873E-01	1000010010	9.67188E+00	5.35430E-03	9.39608E-03	1.68239E-02	-5.83747E-01	-3.95902E-01	-7.08873E-01	PRIM
2.56917E-02	1000010010	5.78741E+00	-7.65220E-03	4.72843E-04	2.40110E-04	-8.47801E-01	-4.72843E-01	-2.40110E-01	1000010010	5.78741E+00	1.41293E-02	1.26210E-02	6.40894E-03	-8.47801E-01	-4.72843E-01	-2.40110E-01	PRIM
2.48056E-02	1000010010	7.97435E+00	-7.72913E-03	-4.07778E-04	-4.89358E-04	-7.70874E-01	4.07778E-01	4.89358E-01	1000010010	7.97435E+00	1.13929E-02	-1.05229E-02	-1.26282E-02	-7.70874E-01	4.07778E-01	4.89358E-01	PRIM
1.99352E-02	1000010010	6.70061E+00	-8.18943E-03	-3.14323E-05	9.50030E-04	-3.10571E-01	3.14323E-02	-9.50030E-01	1000010010	6.70061E+00	-1.99815E-03	-6.58041E-04	1.98891E-02	-3.10571E-01	3.14323E-02	-9.50030E-01	PRIM
2.10513E-02	1000010010	7.33330E+00	-8.07722E-03	1.53286E-04	-8.93061E-04	-4.22826E-01	-1.53302E-01	8.93150E-01	1000010010	7.33330E+00	8.23808E-04	3.38048E-03	-1.96950E-02	-4.22826E-01	-1.53302E-01	8.93150E-01	PRIM
1.86590E-02	1000010010	1.33685E+02	-8.32428E-03	7.21007E-04	-6.70276E-04	-1.75724E-01	-7.21007E-01	6.70276E-01	1000010010	1.33685E+02	-5.04544E-03	1.41743E-02	-1.31770E-02	-1.75724E-01	-7.21007E-01	6.70276E-01	PRIM
1.48944E-02	1000010010	1.66140E+01	-8.77801E-03	7.40571E-04	-6.11772E-04	2.78010E-01	-7.40571E-01	6.11772E-01	1000010010	1.66140E+01	-1.29188E-02	1.17709E-02	-9.72372E-03	2.78010E-01	-7.40571E-01	6.11772E-01	PRIM
2.59371E-02	1000010010	5.07062E+00	-7.63119E-03	-4.56982E-05	-4.93027E-04	-8.68813E-01	4.56982E-02	4.93027E-01	1000010010	5.07062E+00	1.49033E-02	-1.23098E-03	-1.32807E-02	-8.68813E-01	4.56982E-02	4.93027E-01	PRIM
1.86670E-02	1000010010	1.03654E+01	-8.32341E-03	6.81219E-05	9.81925E-04	-1.76586E-01	-6.81219E-02	-9.81925E-01	1000010010	1.03654E+01	-5.02709E-03	1.33975E-03	1.93115E-02	-1.76586E-01	-6.81219E-02	-9.81925E-01	PRIM
2.09193E-02	1000010010	7.35306E+00	-8.09020E-03	-7.38637E-04	-5.35234E-04	-4.09804E-01	7.38637E-01	5.35234E-01	1000010010	7.35306E+00	4.82606E-04	-1.61904E-02	-1.17319E-02	-4.09804E-01	7.38637E-01	5.35234E-01	PRIM
1.62652E-02	1000010010	1.75006E+01	-8.60106E-03	8.72820E-05	-9.91044E-04	1.01063E-01	-8.72820E-02	9.91044E-01	1000010010	1.75006E+01	-1.02449E-02	1.50694E-03	-1.71106E-02	1.01063E-01	-8.72820E-02	9.91044E-01	PRIM
1.43430E-02	1000010010	5.35140E+00	-8.85403E-03	9.00615E-04	-2.52104E-04	3.54029E-01	-9.00615E-01	2.52104E-01	1000010010	5.35140E+00	-1.39319E-02	1.38181E-02	-3.86804E-03	3.54029E-01	-9.00615E-01	2.52104E-01	PRIM
1.23023E-02	1000010010	1.16783E+01	-9.16684E-03	-2.49600E-04	7.02158E-04	6.66839E-01	2.49600E-01	-7.02158E-01	1000010010	1.16783E+01	-1.73705E-02	-3.32025E-03	9.34032E-03	6.66839E-01	2.49600E-01	-7.02158E-01	PRIM
2.33988E-02	1000010010	5.49151E+01	-7.85503E-03	-6.81757E-04	3.44995E-04	-6.45034E-01	6.81825E-01	-3.45029E-01	1000010010	5.49151E+01	7.23798E-03	-1.66356E-02	8.41826E-03	-6.45034E-01	6.81825E-01	-3.45029E-01	PRIM
2.15610E-02	1000010010	1.19694E+01	-8.02742E-03	2.93693E-04	-8.30913E-04	-4.72576E-01	-2.93693E-01	8.30913E-01	1000010010	1.19694E+01	2.16182E-03	6.62601E-03	-1.87463E-02	-4.72576E-01	-2.93693E-01	8.30913E-01	PRIM
2.16392E-02	1000010010	5.13909E+00	-8.01988E-03	-9.55996E-05	-8.71976E-04	-4.80123E-01	9.55996E-02	8.71976E-01	1000010010	5.13909E+00	2.36961E-03	-2.16430E-03	-1.97408E-02	-4.80123E-01	9.55996E-02	8.71976E-01	PRIM
2.68464E-02	1000010010	7.95240E+00	-7.55433E-03	2.41268E-04	-2.17927E-04	-9.45673E-01	-2.41268E-01	2.17927E-01	1000010010	7.95240E+00	1.78336E-02	6.71843E-03	-6.06847E-03	-9.45673E-01	-2.41268E-01	2.17927E-01	PRIM
1.95654E-02	1000010010	5.32441E+00	-8.22777E-03	-1.55107E-04	9.49545E-04	-2.72253E-01	1.55123E-01	-9.49640E-01	1000010010	5.32441E+00	-2.90103E-03	-3.19015E-03	1.95296E-02	-2.72253E-01	1.55123E-01	-9.49640E-01	PRIM
1.54861E-02	1000010010	7.35989E+00	-8.69966E-03	-6.10446E-04	7.66480E-04	1.99660E-01	6.10446E-01	-7.66480E-01	1000010010	7.35989E+00	-1.17916E-02	-1.00639E-02	1.26363E-02	1.99660E-01	6.10446E-01	-7.66480E-01	PRIM
2.03585E-02	1000010010	5.91955E+00	-8.14627E-03	4.32247E-04	-8.29481E-04	-3.53728E-01	-4.32247E-01	8.29481E-01	1000010010	5.91955E+00	-9.44891E-04	9.23216E-03	-1.77165E-02	-3.53728E-01	-4.32247E-01	8.29481E-01	PRIM
1.79872E-02	1000010010	5.53706E+00	-8.39849E-03	5.05456E-04	-8.56861E-04	-1.01507E-01	-5.05456E-01	8.56861E-01	1000010010	5.53706E+00	-6.57267E-03	9.59720E-03	-1.62694E-02	-1.01507E-01	-5.05456E-01	8.56861E-01	PRIM
1.72424E-02	1000010010	4.40187E+01	-8.48376E-03	-9.88613E-04	-1.49601E-04	-1.62411E-02	9.88613E-01	1.49601E-01	1000010010	4.40187E+01	-8.20372E-03	-1.80347E-02	-2.72908E-03	-1.62411E-02	9.88613E-01	1.49601E-01	PRIM
2.08858E-02	1000010010	5.05786E+00	-8.09351E-03	-5.75011E-04	-7.10021E-04	-4.06487E-01	5.75011E-01	7.10021E-01	1000010010	5.05786E+00	3.96282E-04	-1.25846E-02	-1.55394E-02	-4.06487E-01	5.75011E-01	7.10021E-01	PRIM
2.08902E-02	1000010010	1.72281E+01	-8.09312E-03	5.12678E-04	-7.55917E-04	-4.06921E-01	-5.12729E-01	7.55992E-01	1000010010	1.72281E+01	4.07560E-04	1.12237E-02	-1.65488E-02	-4.06921E-01	-5.12729E-01	7.55992E-01	PRIM
1.69318E-02	1000010010	1.44080E+01	-8.52034E-03	-8.29974E-04	5.57431E-04	2.03381E-02	8.29974E-01	-5.57431E-01	1000010010	1.44080E+01	-8.86470E-03	-1.48829E-02	9.99575E-03	2.03381E-02	8.29974E-01	-5.57431E-01	PRIM
1.98169E-02	1000010010	6.69936E+00	-8.20162E-03	-2.06978E-05	9.54222E-04	-2.98383E-01	2.06978E-02	-9.54222E-01	1000010010	6.69936E+00	-2.28859E-03	-4.30865E-04	1.98640E-02	-2.98383E-01	2.06978E-02	-9.54222E-01	PRIM
2.38963E-02	1000010010	6.53354E+00	-7.80990E-03	-5.58732E-04	-4.59976E-04	-6.90102E-01	5.58732E-01	4.59976E-01	1000010010	6.53354E+00	8.68099E-03	-1.39104E-02	-1.14517E-02	-6.90102E-01	5.58732E-01	4.59976E-01	PRIM
2.21540E-02	1000010010	1.82582E+01	-7.97066E-03	-8.41383E-04	1.08990E-04	-5.29336E-01	8.41383E-01	-1.08990E-01	1000010010	1.82582E+01	3.75622E-03	-1.94813E-02	2.52354E-03	-5.29336E-01	8.41383E-01	-1.08990E-01	PRIM
2.15610E-02	1000010010	5.36739E+00	-8.02742E-03	2.93693E-04	-8.30913E-04	-4.72576E-01	-2.93693E-01	8.30913E-01	1000010010	5.36739E+00	2.16182E-03	6.62601E-03	-1.87463E-02	-4.72576E-01	-2.93693E-01	8.30913E-01	PRIM
2.09885E-02	1000010010	1.10094E+01	-8.08335E-03	-6.36343E-04	6.49209E-04	-4.16647E-01	6.36343E-01	-6.49209E-01	1000010010	1.10094E+01	6.61435E-04	-1.39922E-02	1.42751E-02	-4.16647E-01	6.36343E-01	-6.49209E-01	PRIM
2.25608E-02	1000010010	2.94512E+01	-7.93236E-03	4.56845E-04	-6.84890E-04	-5.67642E-01	-4.56845E-01	6.84890E-01	1000010010	2.94512E+01	4.87409E-03	1.07636E-02	-1.61365E-02	-5.67642E-01	-4.56845E-01	6.84890E-01	PRIM
2.28400E-02	1000010010	5.95386E+00	-7.90635E-03	-6.22502E-04	5.09966E-04	-5.93655E-01	6.22502E-01	-5.09966E-01	1000010010	5.95386E+00	5.65274E-03	-1.48405E-02	1.21576E-02	-5.93655E-01	6.22502E-01	-5.09966E-01	PRIM
1.23023E-02	1000010010	6.14378E+00	-9.16684E-03	-2.49600E-04	7.02158E-04	6.66839E-01	2.49600E-01	-7.02158E-01	1000010010	6.14378E+00	-1.73705E-02	-3.32025E-03	9.34032E-03	6.66839E-01	2.49600E-01	-7.02158E-01	PRIM
2.57449E-02	1000010010	6.18934E+00	-7.64764E-03	4.91772E-04	-1.77870E-04	-8.52363E-01	-4.91772E-01	1.77870E-01	1000010010	6.18934E+00	1.42963E-02	1.31524E-02	-4.75709E-03	-8.52363E-01	-4.91772E-01	1.77870E-01	PRIM
2.11312E-02	1000010010	5.15189E+00	-8.06931E-03	2.00492E-05	-9.02275E-04	-4.30695E-01	-2.00492E-02	9.02275E-01	1000010010	5.15189E+00	1.03180E-03	4.43713E-04	-1.99684E-02	-4.30695E-01	-2.00492E-02	9.02275E-01	PRIM
2.32145E-02	1000010010	9.26728E+00	-7.87189E-03	5.24361E-04	5.74734E-04	-6.28176E-01	-5.24413E-01	-5.74792E-01	1000010010	9.26728E+00	6.71088E-03	1.26983E-02	1.39182E-02	-6.28176E-01	-5.24413E-01	-5.74792E-01	PRIM
1.41421E-02	1000010010	7.65867E+00	-8.88252E-03	6.47407E-04	-6.59197E-04	3.82523E-01	-6.47407E-01	6.59197E-01	1000010010	7.65867E+00	-1.42922E-02	9.80309E-03	-9.98161E-03	3.82523E-01	-6.47407E-01	6.59197E-01	PRIM
1.48944E-02	1000010010	5.13750E+00	-8.77801E-03	7.40571E-04	-6.11772E-04	2.78010E-01	-7.40571E-01	6.11772E-01	1000010010	5.13750E+00	-1.29188E-02	1.17709E-02	-9.72372E-03	2.78010E-01	-7.40571E-01	6.11772E-01	PRIM
1.73744E-02	1000010010	1.11330E+01	-8.46840E-03	9.00824E-04	4.33034E-04	-3.15962E-02	-9.00824E-01	-4.33034E-01	1000010010	1.11330E+01	-7.91944E-03	1.65521E-02	7.95675E-03	-3.15962E-02	-9.00824E-01	-4.33034E-01	PRIM
2.68464E-02	1000010010	1.27872E+01	-7.55433E-03	2.41268E-04	-2.17927E-04	-9.45673E-01	-2.41268E-01	2.17927E-01	1000010010	1.27872E+01	1.78336E-02	6.71843E-03	-6.06847E-03	-9.45673E-01	-2.41268E-01	2.17927E-01	PRIM
1.64624E-02	1000010010	3.16193E+01	-8.57685E-03	-7.07493E-04	-7.02529E-04	7.68539E-02	7.07493E-01	7.02529E-01	1000010010	3.16193E+01	-9.84205E-03	-1.23545E-02	-1.22678E-02	7.68539E-02	7.07493E-01	7.02529E-01	PRIM
2.12319E-02	1000010010	1.45992E+01	-8.05944E-03	-7.81594E-05	8.94314E-04	-4.40560E-01	7.81594E-02	-8.94314E-01	1000010010	1.45992E+01	1.29449E-03	-1.73763E-03	1.98823E-02	-4.40560E-01	7.81594E-02	-8.94314E-01	PRIM
1.09633E-02	1000010010	2.94379E+01	-9.40774E-03	1.09475E-05	4.19142E-04	9.07835E-01	-1.09486E-02	-4.19184E-01	1000010010	2.94379E+01	-1.93606E-02	1.30981E-04	5.01480E-03	9.07835E-01	-1.09486E-02	-4.19184E-01	PRIM
2.57449E-02	1000010010	2.48652E+01	-7.64764E-03	4.91772E-04	-1.77870E-04	-8.52363E-01	-4.91772E-01	1.77870E-01	1000010010	2.48652E+01	1.42963E-02	1.31524E-02	-4.75709E-03	-8.52363E-01	-4.91772E-01	1.77870E-01	PRIM
1.16061E-02	1000010010	5.96039E+00	-9.28784E-03	5.98170E-04	1.46611E-04	7.87844E-01	-5.98170E-01	-1.46611E-01	1000010010	5.96039E+00	-1.84316E-02	7.54057E-03	1.84819E-03	7.87844E-01	-5.98170E-01	-1.46611E-01	PRIM
1.69318E-02	1000010010	7.38870E+00	-8.52034E-03	-8.29974E-04	5.57431E-04	2.03381E-02	8.29974E-01	-5.57431E-01	1000010010	7.38870E+00	-8.86470E-03	-1.48829E-02	9.99575E-03	2.03381E-02	8.29974E-01	-5.57431E-01	PRIM
1.73619E-02	1000010010	1.68522E+01	-8.46986E-03	-4.58979E-05	9.98491E-04	-3.01391E-02	4.58979E-02	-9.98491E-01	1000010010	1.68522E+01	-7.94659E-03	-8.42770E-04	1.83342E-02	-3.01391E-02	4.58979E-02	-9.98491E-01	PRIM
1.98141E-02	1000010010	6.82252E+00	-8.20191E-03	-6.87606E-04	6.62072E-04	-2.98091E-01	6.87606E-01	-6.62072E-01	1000010010	6.82252E+00	-2.29551E-03	-1.43119E-02	1.37804E-02	-2.98091E-01	6.87606E-01	-6.62072E-01	PRIM
1.78746E-02	1000010010	8.45805E+01	-8.41118E-03	-5.26800E-04	8.45335E-04	-8.88250E-02	5.26800E-01	-8.45335E-01	1000010010	8.45805E+01	-6.82346E-03	-9.94315E-03	1.59554E-02	-8.88250E-02	5.26800E-01	-8.45335E-01	PRIM
1.64624E-02	1000010010	6.65943E+00	-8.57685E-03	-7.07493E-04	-7.02529E-04	7.68539E-02	7.07493E-01	7.02529E-01	1000010010	6.65943E+00	-9.84205E-03	-1.23545E-02	-1.22678E-02	7.68539E-02	7.07493E-01	7.02529E-01	PRIM
2.40543E-02	1000010010	1.13817E+01	-7.79580E-03	-6.36535E-04	-3.14206E-04	-7.04271E-01	6.36598E-01	3.14237E-01	1000010010	1.13817E+01	9.14497E-03	-1.59495E-02	-7.87297E-03	-7.04271E-01	6.36598E-01	3.14237E-01	PRIM
2.66837E-02	1000010010	2.92387E+01	-7.56807E-03	-8.97982E-05	-3.51053E-04	-9.32026E-01	8.98072E-02	3.51088E-01	1000010010	2.92387E+01	1.73018E-02	-2.48618E-03	-9.71939E-03	-9.32026E-01	8.98072E-02	3.51088E-01	PRIM
1.50642E-02	1000010010	6.27356E+00	-8.75519E-03	4.75537E-04	-8.41869E-04	2.55188E-01	-4.75537E-01	8.41869E-01	1000010010	6.27356E+00	-1.25994E-02	7.63915E-03	-1.35240E-02	2.55188E-01	-4.75537E-01	8.41869E-01	PRIM
2.22485E-02	1000010010	1.53151E+01	-7.96178E-03	-4.83646E-04	-6.90079E-04	-5.38270E-01	4.83695E-01	6.90148E-01	1000010010	1.53151E+01	4.01390E-03	-1.12451E-02	-1.60448E-02	-5.38270E-01	4.83695E-01	6.90148E-01	PRIM
2.11312E-02	1000010010	1.30231E+01	-8.06931E-03	2.00492E-05	-9.02275E-04	-4.30695E-01	-2.00492E-02	9.02275E-01	1000010010	1.30231E+01	1.03180E-03	4.43713E-04	-1.99684E-02	-4.30695E-01	-2.00492E-02	9.02275E-01	PRIM
2.06881E-02	1000010010	1.21572E+01	-8.11322E-03	1.70226E-05	9.21907E-04	-3.86818E-01	-1.70243E-02	-9.21999E-01	1000010010	1.21572E+01	-1.10708E-04	3.69223E-04	1.99963E-02	-3.86818E-01	-1.70243E-02	-9.21999E-01	PRIM
2.50866E-02	1000010010	5.07974E+00	-7.70455E-03	-4.00175E-04	4.55107E-04	-7.95448E-01	4.00175E-01	-4.55107E-01	1000010010	5.07974E+00	1.22505E-02	-1.04392E-02	1.18722E-02	-7.95448E-01	4.00175E-01	-4.55107E-01	PRIM
1.51402E-02	1000010010	2.27923E+01	-8.74507E-03	-7.97420E-04	5.51419E-04	2.45067E-01	7.97420E-01	-5.51419E-01	1000010010	2.27923E+01	-1.24554E-02	-1.28706E-02	8.90004E-03	2.45067E-01	7.97420E-01	-5.51419E-01	PRIM
2.20219E-02	1000010010	7.81477E+00	-7.98321E-03	2.82611E-04	8.08122E-04	-5.16787E-01	-2.82611E-01	-8.08122E-01	1000010010	7.81477E+00	3.39740E-03	6.50623E-03	1.86045E-02	-5.16787E-01	-2.82611E-01	-8.08122E-01	PRIM
1.82567E-02	1000010010	1.60767E+01	-8.36844E-03	6.79170E-04	-7.22094E-04	-1.31563E-01	-6.79170E-01	7.22094E-01	1000010010	1.60767E+01	-5.96653E-03	1.30785E-02	-1.39051E-02	-1.31563E-01	-6.79170E-01	7.22094E-01	PRIM
2.16251E-02	1000010010	6.24741E+00	-8.02129E-03	-1.80864E-04	8.59026E-04	-4.78757E-01	1.80882E-01	-8.59112E-01	1000010010	6.24741E+00	2.33189E-03	-4.09246E-03	1.94374E-02	-4.78757E-01	1.80882E-01	-8.59112E-01	PRIM
2.46816E-02	1000010010	9.36081E+00	-7.74003E-03	1.15376E-04	6.39633E-04	-7.59972E-01	-1.15376E-01	-6.39633E-01	1000010010	9.36081E+00	1.10173E-02	2.96304E-03	1.64268E-02	-7.59972E-01	-1.15376E-01	-6.39633E-01	PRIM
1.85132E-02	1000010010	5.49095E+00	-8.34019E-03	5.13275E-04	8.43213E-04	-1.59815E-01	-5.13275E-01	-8.43213E-01	1000010010	5.49095E+00	-5.38150E-03	1.00156E-02	1.64538E-02	-1.59815E-01	-5.13275E-01	-8.43213E-01	PRIM
2.50922E-02	1000010010	1.38137E+01	-7.70415E-03	-2.94671E-04	-5.28765E-04	-7.95929E-01	2.94700E-01	5.28818E-01	1000010010	1.38137E+01	1.22675E-02	-7.68935E-03	-1.37980E-02	-7.95929E-01	2.94700E-01	5.28818E-01	PRIM
2.24072E-02	1000010010	6.15234E+00	-7.94676E-03	-4.51202E-04	7.00243E-04	-5.53242E-01	4.51202E-01	-7.00243E-01	1000010010	6.15234E+00	4.44985E-03	-1.05614E-02	1.63907E-02	-5.53242E-01	4.51202E-01	-7.00243E-01	PRIM
2.07593E-02	1000010010	8.70338E+00	-8.10607E-03	-1.54678E-05	9.19009E-04	-3.93932E-01	1.54678E-02	-9.19009E-01	1000010010	8.70338E+00	7.17128E-05	-3.36570E-04	1.99970E-02	-3.93932E-01	1.54678E-02	-9.19009E-01	PRIM
1.16379E-02	1000010010	5.21300E+00	-9.28212E-03	6.12404E-04	1.15078E-04	7.82124E-01	-6.12404E-01	-1.15078E-01	1000010010	5.21300E+00	-1.83844E-02	7.73948E-03	1.45434E-03	7.82124E-01	-6.12404E-01	-1.15078E-01	PRIM
2.22485E-02	1000010010	5.18827E+00	-7.96178E-03	-4.83646E-04	-6.90079E-04	-5.38270E-01	4.83695E-01	6.90148E-01	1000010010	5.18827E+00	4.01390E-03	-1.12451E-02	-1.60448E-02	-5.38270E-01	4.83695E-01	6.90148E-01	PRIM
1.19446E-02	1000010010	1.39371E+01	-9.22788E-03	6.60936E-04	1.82068E-04	7.27957E-01	-6.61002E-01	-1.82086E-01	1000010010	1.39371E+01	-1.79230E-02	8.55631E-03	2.35700E-03	7.27957E-01	-6.61002E-01	-1.82086E-01	PRIM
1.26642E-02	1000010010	5.18659E+00	-9.10717E-03	-4.76892E-06	7.94554E-04	6.07174E-01	4.76892E-03	-7.94554E-01	1000010010	5.18659E+00	-1.67965E-02	-6.51633E-05	1.08569E-02	6.07174E-01	4.76892E-03	-7.94554E-01	PRIM
2.28400E-02	1000010010	1.78136E+01	-7.90635E-03	-6.22502E-04	5.09966E-04	-5.93655E-01	6.22502E-01	-5.09966E-01	1000010010	1.78136E+01	5.65274E-03	-1.48405E-02	1.21576E-02	-5.93655E-01	6.22502E-01	-5.09966E-01	PRIM
2.06881E-02	1000010010	1.30172E+01	-8.11322E-03	1.70226E-05	9.21907E-04	-3.86818E-01	-1.70243E-02	-9.21999E-01	1000010010	1.30172E+01	-1.10708E-04	3.69223E-04	1.99963E-02	-3.86818E-01	-1.70243E-02	-9.21999E-01	PRIM
1.16379E-02	1000010010	5.43478E+00	-9.28212E-03	6.12404E-04	1.15078E-04	7.82124E-01	-6.12404E-01	-1.15078E-01	1000010010	5.43478E+00	-1.83844E-02	7.73948E-03	1.45434E-03	7.82124E-01	-6.12404E-01	-1.15078E-01	PRIM
2.65008E-02	1000010010	5.25953E+00	-7.58345E-03	-2.60562E-04	-3.03071E-04	-9.16637E-01	2.60588E-01	3.03101E-01	1000010010	5.25953E+00	1.67082E-02	-7.16635E-03	-8.33550E-03	-9.16637E-01	2.60588E-01	3.03101E-01	PRIM
2.51292E-02	1000010010	2.73885E+01	-7.70092E-03	-3.18709E-04	-5.09609E-04	-7.99156E-01	3.18741E-01	5.09660E-01	1000010010	2.73885E+01	1.23813E-02	-8.32843E-03	-1.33170E-02	-7.99156E-01	3.18741E-01	5.09660E-01	PRIM
2.38279E-02	1000010010	1.27735E+01	-7.81606E-03	-3.27090E-04	-6.52099E-04	-6.83944E-01	3.27090E-01	6.52099E-01	1000010010	1.27735E+01	8.48091E-03	-8.12096E-03	-1.61903E-02	-6.83944E-01	3.27090E-01	6.52099E-01	PRIM
2.20219E-02	1000010010	5.93287E+00	-7.98321E-03	2.82611E-04	8.08122E-04	-5.16787E-01	-2.82611E-01	-8.08122E-01	1000010010	5.93287E+00	3.39740E-03	6.50623E-03	1.86045E-02	-5.16787E-01	-2.82611E-01	-8.08122E-01	PRIM
2.63593E-02	1000010010	1.32225E+01	-7.59541E-03	-4.13785E-04	1.01440E-04	-9.04685E-01	4.13827E-01	-1.01450E-01	1000010010	1.32225E+01	1.62514E-02	-1.13220E-02	2.77559E-03	-9.04685E-01	4.13827E-01	-1.01450E-01	PRIM
2.24622E-02	1000010010	6.10921E+00	-7.94160E-03	3.91813E-04	7.31210E-04	-5.58404E-01	-3.91813E-01	-7.31210E-01	1000010010	6.10921E+00	4.60136E-03	9.19278E-03	1.71558E-02	-5.58404E-01	-3.91813E-01	-7.31210E-01	PRIM
2.27277E-02	1000010010	5.46243E+00	-7.91685E-03	8.11009E-04	4.47141E-05	-5.83209E-01	-8.11090E-01	-4.47185E-02	1000010010	5.46243E+00	5.33815E-03	1.92452E-02	1.06106E-03	-5.83209E-01	-8.11090E-01	-4.47185E-02	PRIM
1.77913E-02	1000010010	5.83166E+00	-8.42061E-03	3.77138E-04	9.22748E-04	-7.93920E-02	-3.77138E-01	-9.22748E-01	1000010010	5.83166E+00	-7.00812E-03	7.08690E-03	1.73396E-02	-7.93920E-02	-3.77138E-01	-9.22748E-01	PRIM
1.82562E-02	1000010010	6.68474E+00	-8.36849E-03	-7.37989E-04	6.61874E-04	-1.31509E-01	7.37989E-01	-6.61874E-01	1000010010	6.68474E+00	-5.96764E-03	-1.42108E-02	1.27452E-02	-1.31509E-01	7.37989E-01	-6.61874E-01	PRIM
2.18366E-02	1000010010	1.05804E+01	-8.00090E-03	5.56751E-04	-6.64024E-04	-4.99099E-01	-5.56751E-01	6.64024E-01	1000010010	1.05804E+01	2.89773E-03	1.27143E-02	-1.51641E-02	-4.99099E-01	-5.56751E-01	6.64024E-01	PRIM
1.50938E-02	1000010010	7.59261E+00	-8.75125E-03	-4.03242E-05	9.67083E-04	2.51247E-01	4.03242E-02	-9.67083E-01	1000010010	7.59261E+00	-1.25435E-02	-6.48970E-04	1.55640E-02	2.51247E-01	4.03242E-02	-9.67083E-01	PRIM
2.15868E-02	1000010010	6.13746E+00	-8.02499E-03	8.25167E-04	3.05394E-04	-4.75057E-01	-8.25249E-01	-3.05425E-01	1000010010	6.13746E+00	2.22998E-03	1.86397E-02	6.89854E-03	-4.75057E-01	-8.25249E-01	-3.05425E-01	PRIM
2.05576E-02	1000010010	1.24328E+01	-8.12622E-03	-7.78030E-05	9.24250E-04	-3.73775E-01	7.78030E-02	-9.24250E-01	1000010010	1.24328E+01	-4.42289E-04	-1.67725E-03	1.99246E-02	-3.73775E-01	7.78030E-02	-9.24250E-01	PRIM
1.50642E-02	1000010010	7.62936E+02	-8.75519E-03	4.75537E-04	-8.41869E-04	2.55188E-01	-4.75537E-01	8.41869E-01	1000010010	7.62936E+02	-1.25994E-02	7.63915E-03	-1.35240E-02	2.55188E-01	-4.75537E-01	8.41869E-01	PRIM
2.38349E-02	1000010010	5.60723E+00	-7.81543E-03	2.34284E-04	-6.90271E-04	-6.84571E-01	-2.34284E-01	6.90271E-01	1000010010	5.60723E+00	8.50123E-03	5.81840E-03	-1.71428E-02	-6.84571E-01	-2.34284E-01	6.90271E-01	PRIM
2.10513E-02	1000010010	9.86798E+00	-8.07722E-03	1.53286E-04	-8.93061E-04	-4.22826E-01	-1.53302E-01	8.93150E-01	1000010010	9.86798E+00	8.23808E-04	3.38048E-03	-1.96950E-02	-4.22826E-01	-1.53302E-01	8.93150E-01	PRIM
2.01804E-02	1000010010	7.41808E+00	-8.16435E-03	2.23406E-04	9.15110E-04	-3.35655E-01	-2.23406E-01	-9.15110E-01	1000010010	7.41808E+00	-1.39071E-03	4.73183E-03	1.93824E-02	-3.35655E-01	-2.23406E-01	-9.15110E-01	PRIM
2.27277E-02	1000010010	5.38158E+00	-7.91685E-03	8.11009E-04	4.47141E-05	-5.83209E-01	-8.11090E-01	-4.47185E-02	1000010010	5.38158E+00	5.33815E-03	1.92452E-02	1.06106E-03	-5.83209E-01	-8.11090E-01	-4.47185E-02	PRIM
2.14622E-02	1000010010	5.52054E+00	-8.03706E-03	2.31379E-05	-8.85973E-04	-4.62990E-01	-2.31402E-02	8.86062E-01	1000010010	5.52054E+00	1.89971E-03	5.19776E-04	-1.99028E-02	-4.62990E-01	-2.31402E-02	8.86062E-01	PRIM
1.35407E-02	1000010010	8.41614E+00	-8.97052E-03	-8.63296E-04	-1.82017E-04	4.70569E-01	8.63382E-01	1.82036E-01	1000010010	8.41614E+00	-1.53424E-02	-1.25541E-02	-2.64691E-03	4.70569E-01	8.63382E-01	1.82036E-01	PRIM
1.47094E-02	1000010010	8.16795E+00	-8.80317E-03	8.07318E-04	5.06287E-04	3.03169E-01	-8.07318E-01	-5.06287E-01	1000010010	8.16795E+00	-1.32626E-02	1.26825E-02	7.95348E-03	3.03169E-01	-8.07318E-01	-5.06287E-01	PRIM
1.09633E-02	1000010010	1.14099E+01	-9.40774E-03	1.09475E-05	4.19142E-04	9.07835E-01	-1.09486E-02	-4.19184E-01	1000010010	1.14099E+01	-1.93606E-02	1.30981E-04	5.01480E-03	9.07835E-01	-1.09486E-02	-4.19184E-01	PRIM
2.24622E-02	1000010010	9.28027E+01	-7.94160E-03	3.91813E-04	7.31210E-04	-5.58404E-01	-3.91813E-01	-7.31210E-01	1000010010	9.28027E+01	4.60136E-03	9.19278E-03	1.71558E-02	-5.58404E-01	-3.91813E-01	-7.31210E-01	PRIM
2.00827E-02	1000010010	7.34361E+00	-8.17435E-03	-1.38766E-04	9.35144E-04	-3.25684E-01	1.38780E-01	-9.35238E-01	1000010010	7.34361E+00	-1.63372E-03	-2.92584E-03	1.97173E-02	-3.25684E-01	1.38780E-01	-9.35238E-01	PRIM
2.08942E-02	1000010010	2.20877E+01	-8.09268E-03	1.77200E-04	-8.95929E-04	-4.07323E-01	-1.77200E-01	8.95929E-01	1000010010	2.20877E+01	4.18002E-04	3.87964E-03	-1.96156E-02	-4.07323E-01	-1.77200E-01	8.95929E-01	PRIM
2.10938E-02	1000010010	1.29404E+01	-8.07303E-03	1.26806E-05	9.04068E-04	-4.27008E-01	-1.26819E-02	-9.04159E-01	1000010010	1.29404E+01	9.34191E-04	2.80190E-04	1.99762E-02	-4.27008E-01	-1.26819E-02	-9.04159E-01	PRIM
2.15703E-02	1000010010	6.35064E+00	-8.02659E-03	-2.75079E-05	8.80298E-04	-4.73459E-01	2.75106E-02	-8.80386E-01	1000010010	6.35064E+00	2.18606E-03	-6.20920E-04	1.98705E-02	-4.73459E-01	2.75106E-02	-8.80386E-01	PRIM
1.89997E-02	1000010010	6.17262E+00	-8.28754E-03	3.46700E-04	-9.13596E-04	-2.12463E-01	-3.46700E-01	9.13596E-01	1000010010	6.17262E+00	-4.25081E-03	6.93388E-03	-1.82716E-02	-2.12463E-01	-3.46700E-01	9.13596E-01	PRIM
2.74549E-02	1000010010	1.32813E+01	-7.50384E-03	8.26942E-05	2.48962E-05	-9.96263E-01	-8.27024E-02	-2.48987E-02	1000010010	1.32813E+01	1.98484E-02	2.35328E-03	7.08487E-04	-9.96263E-01	-8.27024E-02	-2.48987E-02	PRIM
1.50642E-02	1000010010	8.26148E+00	-8.75519E-03	4.75537E-04	-8.41869E-04	2.55188E-01	-4.75537E-01	8.41869E-01	1000010010	8.26148E+00	-1.25994E-02	7.63915E-03	-1.35240E-02	2.55188E-01	-4.75537E-01	8.41869E-01	PRIM
1.53192E-02	1000010010	2.30951E+01	-8.72144E-03	-9.57494E-04	1.84856E-04	2.21435E-01	9.57494E-01	-1.84856E-01	1000010010	2.30951E+01	-1.21137E-02	-1.56256E-02	3.01672E-03	2.21435E-01	9.57494E-01	-1.84856E-01	PRIM
1.31545E-02	1000010010	6.29545E+00	-9.02944E-03	1.16159E-04	8.40354E-04	5.29445E-01	-1.16159E-01	-8.40354E-01	1000010010	6.29545E+00	-1.59941E-02	1.64417E-03	1.18948E-02	5.29445E-01	-1.16159E-01	-8.40354E-01	PRIM
2.04372E-02	1000010010	1.83794E+01	-8.13834E-03	7.12479E-04	-6.01309E-04	-3.61665E-01	-7.12479E-01	6.01309E-01	1000010010	1.83794E+01	-7.46927E-04	1.52735E-02	-1.28904E-02	-3.61665E-01	-7.12479E-01	6.01309E-01	PRIM
1.49289E-02	1000010010	1.40515E+01	-8.77335E-03	9.41636E-04	-1.96470E-04	2.73351E-01	-9.41636E-01	1.96470E-01	1000010010	1.40515E+01	-1.28542E-02	1.49992E-02	-3.12955E-03	2.73351E-01	-9.41636E-01	1.96470E-01	PRIM
2.50866E-02	1000010010	5.90960E+00	-7.70455E-03	-4.00175E-04	4.55107E-04	-7.95448E-01	4.00175E-01	-4.55107E-01	1000010010	5.90960E+00	1.22505E-02	-1.04392E-02	1.18722E-02	-7.95448E-01	4.00175E-01	-4.55107E-01	PRIM
2.34470E-02	1000010010	8.44565E+00	-7.85057E-03	-6.83567E-04	-3.33123E-04	-6.49434E-01	6.83567E-01	3.33123E-01	1000010010	8.44565E+00	7.37670E-03	-1.67111E-02	-8.14384E-03	-6.49434E-01	6.83567E-01	3.33123E-01	PRIM
2.18366E-02	1000010010	5.16652E+00	-8.00090E-03	5.56751E-04	-6.64024E-04	-4.99099E-01	-5.56751E-01	6.64024E-01	1000010010	5.16652E+00	2.89773E-03	1.27143E-02	-1.51641E-02	-4.99099E-01	-5.56751E-01	6.64024E-01	PRIM
1.77913E-02	1000010010	1.13247E+01	-8.42061E-03	3.77138E-04	9.22748E-04	-7.93920E-02	-3.77138E-01	-9.22748E-01	1000010010	1.13247E+01	-7.00812E-03	7.08690E-03	1.73396E-02	-7.93920E-02	-3.77138E-01	-9.22748E-01	PRIM
2.63593E-02	1000010010	5.42908E+00	-7.59541E-03	-4.13785E-04	1.01440E-04	-9.04685E-01	4.13827E-01	-1.01450E-01	1000010010	5.42908E+00	1.62514E-02	-1.13220E-02	2.77559E-03	-9.04685E-01	4.13827E-01	-1.01450E-01	PRIM
1.50938E-02	1000010010	1.30998E+01	-8.75125E-03	-4.03242E-05	9.67083E-04	2.51247E-01	4.03242E-02	-9.67083E-01	1000010010	1.30998E+01	-1.25435E-02	-6.48970E-04	1.55640E-02	2.51247E-01	4.03242E-02	-9.67083E-01	PRIM
2.04372E-02	1000010010	5.21156E+00	-8.13834E-03	7.12479E-04	-6.01309E-04	-3.61665E-01	-7.12479E-01	6.01309E-01	1000010010	5.21156E+00	-7.46927E-04	1.52735E-02	-1.28904E-02	-3.61665E-01	-7.12479E-01	6.01309E-01	PRIM
1.48944E-02	1000010010	6.85548E+00	-8.77801E-03	7.40571E-04	-6.11772E-04	2.78010E-01	-7.40571E-01	6.11772E-01	1000010010	6.85548E+00	-1.29188E-02	1.17709E-02	-9.72372E-03	2.78010E-01	-7.40571E-01	6.11772E-01	PRIM
2.48056E-02	1000010010	1.66030E+01	-7.72913E-03	-4.07778E-04	-4.89358E-04	-7.70874E-01	4.07778E-01	4.89358E-01	1000010010	1.66030E+01	1.13929E-02	-1.05229E-02	-1.26282E-02	-7.70874E-01	4.07778E-01	4.89358E-01	PRIM
2.15703E-02	1000010010	6.33748E+00	-8.02659E-03	-2.75079E-05	8.80298E-04	-4.73459E-01	2.75106E-02	-8.80386E-01	1000010010	6.33748E+00	2.18606E-03	-6.20920E-04	1.98705E-02	-4.73459E-01	2.75106E-02	-8.80386E-01	PRIM
2.61905E-02	1000010010	7.93710E+00	-7.60971E-03	4.06907E-04	2.03965E-04	-8.90384E-01	-4.06948E-01	-2.03985E-01	1000010010	7.93710E+00	1.57099E-02	1.10651E-02	5.54644E-03	-8.90384E-01	-4.06948E-01	-2.03985E-01	PRIM
2.66837E-02	1000010010	7.94164E+00	-7.56807E-03	-8.97982E-05	-3.51053E-04	-9.32026E-01	8.98072E-02	3.51088E-01	1000010010	7.94164E+00	1.73018E-02	-2.48618E-03	-9.71939E-03	-9.32026E-01	8.98072E-02	3.51088E-01	PRIM
1.72424E-02	1000010010	1.67942E+01	-8.48376E-03	-9.88613E-04	-1.49601E-04	-1.62411E-02	9.88613E-01	1.49601E-01	1000010010	1.67942E+01	-8.20372E-03	-1.80347E-02	-2.72908E-03	-1.62411E-02	9.88613E-01	1.49601E-01	PRIM
1.51402E-02	1000010010	2.46762E+01	-8.74507E-03	-7.97420E-04	5.51419E-04	2.45067E-01	7.97420E-01	-5.51419E-01	1000010010	2.46762E+01	-1.24554E-02	-1.28706E-02	8.90004E-03	2.45067E-01	7.97420E-01	-5.51419E-01	PRIM
2.06097E-02	1000010010	3.18567E+01	-8.12101E-03	-7.18692E-05	9.22606E-04	-3.78990E-01	7.18692E-02	-9.22606E-01	1000010010	3.18567E+01	-3.10163E-04	-1.55307E-03	1.99372E-02	-3.78990E-01	7.18692E-02	-9.22606E-01	PRIM
1.14477E-02	1000010010	6.07027E+00	-9.31655E-03	-4.26657E-04	3.88609E-04	8.16628E-01	4.26699E-01	-3.88648E-01	1000010010	6.07027E+00	-1.86651E-02	-5.31140E-03	4.83774E-03	8.16628E-01	4.26699E-01	-3.88648E-01	PRIM
2.52577E-02	1000010010	1.01381E+01	-7.68976E-03	2.86761E-04	5.10958E-04	-8.10322E-01	-2.86790E-01	-5.11009E-01	1000010010	1.01381E+01	1.27771E-02	7.53040E-03	1.34179E-02	-8.10322E-01	-2.86790E-01	-5.11009E-01	PRIM
1.23023E-02	1000010010	5.58043E+00	-9.16684E-03	-2.49600E-04	7.02158E-04	6.66839E-01	2.49600E-01	-7.02158E-01	1000010010	5.58043E+00	-1.73705E-02	-3.32025E-03	9.34032E-03	6.66839E-01	2.49600E-01	-7.02158E-01	PRIM
1.50938E-02	1000010010	6.03464E+00	-8.75125E-03	-4.03242E-05	9.67083E-04	2.51247E-01	4.03242E-02	-9.67083E-01	1000010010	6.03464E+00	-1.25435E-02	-6.48970E-04	1.55640E-02	2.51247E-01	4.03242E-02	-9.67083E-01	PRIM
2.45076E-02	1000010010	1.42217E+01	-7.75547E-03	-5.12123E-05	-6.65467E-04	-7.44608E-01	5.12174E-02	6.65534E-01	1000010010	1.42217E+01	1.04931E-02	-1.30643E-03	-1.69761E-02	-7.44608E-01	5.12174E-02	6.65534E-01	PRIM
1.97747E-02	1000010010	1.05423E+01	-8.20598E-03	8.28950E-04	4.75810E-04	-2.94019E-01	-8.28950E-01	-4.75810E-01	1000010010	1.05423E+01	-2.39184E-03	1.72212E-02	9.88481E-03	-2.94019E-01	-8.28950E-01	-4.75810E-01	PRIM
2.03522E-02	1000010010	6.71437E+00	-8.14691E-03	-9.53711E-05	9.30715E-04	-3.53092E-01	9.53711E-02	-9.30715E-01	1000010010	6.71437E+00	-9.60702E-04	-2.03639E-03	1.98729E-02	-3.53092E-01	9.53711E-02	-9.30715E-01	PRIM
1.12004E-02	1000010010	7.33001E+00	-9.36249E-03	-4.97391E-04	9.22642E-05	8.62576E-01	4.97441E-01	-9.22734E-02	1000010010	7.33001E+00	-1.90237E-02	-6.06893E-03	1.12576E-03	8.62576E-01	4.97441E-01	-9.22734E-02	PRIM
2.11963E-02	1000010010	7.72891E+00	-8.06292E-03	1.69018E-05	8.99263E-04	-4.37083E-01	-1.69018E-02	-8.99263E-01	1000010010	7.72891E+00	1.20164E-03	3.75158E-04	1.99603E-02	-4.37083E-01	-1.69018E-02	-8.99263E-01	PRIM
2.38349E-02	1000010010	1.69434E+01	-7.81543E-03	2.34284E-04	-6.90271E-04	-6.84571E-01	-2.34284E-01	6.90271E-01	1000010010	1.69434E+01	8.50123E-03	5.81840E-03	-1.71428E-02	-6.84571E-01	-2.34284E-01	6.90271E-01	PRIM
2.25135E-02	1000010010	6.09045E+00	-7.93678E-03	-8.02066E-04	1.98684E-04	-5.63219E-01	8.02066E-01	-1.98684E-01	1000010010	6.09045E+00	4.74325E-03	-1.88594E-02	4.67177E-03	-5.63219E-01	8.02066E-01	-1.98684E-01	PRIM
1.86590E-02	1000010010	1.15544E+01	-8.32428E-03	7.21007E-04	-6.70276E-04	-1.75724E-01	-7.21007E-01	6.70276E-01	1000010010	1.15544E+01	-5.04544E-03	1.41743E-02	-1.31770E-02	-1.75724E-01	-7.21007E-01	6.70276E-01	PRIM
2.03522E-02	1000010010	2.03799E+01	-8.14691E-03	-9.53711E-05	9.30715E-04	-3.53092E-01	9.53711E-02	-9.30715E-01	1000010010	2.03799E+01	-9.60702E-04	-2.03639E-03	1.98729E-02	-3.53092E-01	9.53711E-02	-9.30715E-01	PRIM
1.99509E-02	1000010010	6.39089E+00	-8.18781E-03	2.64650E-04	9.12413E-04	-3.12191E-01	-2.64650E-01	-9.12413E-01	1000010010	6.39089E+00	-1.95932E-03	5.54467E-03	1.91159E-02	-3.12191E-01	-2.64650E-01	-9.12413E-01	PRIM
2.45076E-02	1000010010	8.69196E+00	-7.75547E-03	-5.12123E-05	-6.65467E-04	-7.44608E-01	5.12174E-02	6.65534E-01	1000010010	8.69196E+00	1.04931E-02	-1.30643E-03	-1.69761E-02	-7.44608E-01	5.12174E-02	6.65534E-01	PRIM
2.03585E-02	1000010010	1.79079E+01	-8.14627E-03	4.32247E-04	-8.29481E-04	-3.53728E-01	-4.32247E-01	8.29481E-01	1000010010	1.79079E+01	-9.44891E-04	9.23216E-03	-1.77165E-02	-3.53728E-01	-4.32247E-01	8.29481E-01	PRIM
2.69106E-02	1000010010	7.48986E+00	-7.54896E-03	3.08637E-04	1.61556E-05	-9.51043E-01	-3.08637E-01	-1.61556E-02	1000010010	7.48986E+00	1.80442E-02	8.61423E-03	4.50912E-04	-9.51043E-01	-3.08637E-01	-1.61556E-02	PRIM
2.08858E-02	1000010010	6.03469E+00	-8.09351E-03	-5.75011E-04	-7.10021E-04	-4.06487E-01	5.75011E-01	7.10021E-01	1000010010	6.03469E+00	3.96282E-04	-1.25846E-02	-1.55394E-02	-4.06487E-01	5.75011E-01	7.10021E-01	PRIM
1.83282E-02	1000010010	7.70966E+00	-8.36054E-03	6.37492E-04	7.57599E-04	-1.39470E-01	-6.37556E-01	-7.57675E-01	1000010010	7.70966E+00	-5.80431E-03	1.23228E-02	1.46444E-02	-1.39470E-01	-6.37556E-01	-7.57675E-01	PRIM
2.38963E-02	1000010010	6.78107E+00	-7.80990E-03	-5.58732E-04	-4.59976E-04	-6.90102E-01	5.58732E-01	4.59976E-01	1000010010	6.78107E+00	8.68099E-03	-1.39104E-02	-1.14517E-02	-6.90102E-01	5.58732E-01	4.59976E-01	PRIM
1.86590E-02	1000010010	5.48904E+00	-8.32428E-03	7.21007E-04	-6.70276E-04	-1.75724E-01	-7.21007E-01	6.70276E-01	1000010010	5.48904E+00	-5.04544E-03	1.41743E-02	-1.31770E-02	-1.75724E-01	-7.21007E-01	6.70276E-01	PRIM
2.28528E-02	1000010010	5.84462E+00	-7.90523E-03	-1.71981E-04	-7.85157E-04	-5.94829E-01	1.71999E-01	7.85236E-01	1000010010	5.84462E+00	5.68826E-03	-4.10263E-03	-1.87300E-02	-5.94829E-01	1.71999E-01	7.85236E-01	PRIM
1.79872E-02	1000010010	7.46469E+00	-8.39849E-03	5.05456E-04	-8.56861E-04	-1.01507E-01	-5.05456E-01	8.56861E-01	1000010010	7.46469E+00	-6.57267E-03	9.59720E-03	-1.62694E-02	-1.01507E-01	-5.05456E-01	8.56861E-01	PRIM
1.53192E-02	1000010010	1.61214E+01	-8.72144E-03	-9.57494E-04	1.84856E-04	2.21435E-01	9.57494E-01	-1.84856E-01	1000010010	1.61214E+01	-1.21137E-02	-1.56256E-02	3.01672E-03	2.21435E-01	9.57494E-01	-1.84856E-01	PRIM
1.50938E-02	1000010010	1.84074E+01	-8.75125E-03	-4.03242E-05	9.67083E-04	2.51247E-01	4.03242E-02	-9.67083E-01	1000010010	1.84074E+01	-1.25435E-02	-6.48970E-04	1.55640E-02	2.51247E-01	4.03242E-02	-9.67083E-01	PRIM
1.58239E-02	1000010010	2.11955E+01	-8.65632E-03	-9.56121E-04	-2.47784E-04	1.56318E-01	9.56121E-01	2.47784E-01	1000010010	2.11955E+01	-1.11299E-02	-1.60856E-02	-4.16868E-03	1.56318E-01	9.56121E-01	2.47784E-01	PRIM
2.22485E-02	1000010010	6.84059E+00	-7.96178E-03	-4.83646E-04	-6.90079E-04	-5.38270E-01	4.83695E-01	6.90148E-01	1000010010	6.84059E+00	4.01390E-03	-1.12451E-02	-1.60448E-02	-5.38270E-01	4.83695E-01	6.90148E-01	PRIM
2.16392E-02	1000010010	9.12200E+00	-8.01988E-03	-9.55996E-05	-8.71976E-04	-4.80123E-01	9.55996E-02	8.71976E-01	1000010010	9.12200E+00	2.36961E-03	-2.16430E-03	-1.97408E-02	-4.80123E-01	9.55996E-02	8.71976E-01	PRIM
2.20908E-02	1000010010	1.78091E+01	-7.97666E-03	-6.61305E-04	-5.37393E-04	-5.23340E-01	6.61305E-01	5.37393E-01	1000010010	1.78091E+01	3.58433E-03	-1.52700E-02	-1.24088E-02	-5.23340E-01	6.61305E-01	5.37393E-01	PRIM
2.50922E-02	1000010010	6.65015E+00	-7.70415E-03	-2.94671E-04	-5.28765E-04	-7.95929E-01	2.94700E-01	5.28818E-01	1000010010	6.65015E+00	1.22675E-02	-7.68935E-03	-1.37980E-02	-7.95929E-01	2.94700E-01	5.28818E-01	PRIM
2.63593E-02	1000010010	1.56414E+01	-7.59541E-03	-4.13785E-04	1.01440E-04	-9.04685E-01	4.13827E-01	-1.01450E-01	1000010010	1.56414E+01	1.62514E-02	-1.13220E-02	2.77559E-03	-9.04685E-01	4.13827E-01	-1.01450E-01	PRIM
1.82567E-02	1000010010	6.53917E+00	-8.36844E-03	6.79170E-04	-7.22094E-04	-1.31563E-01	-6.79170E-01	7.22094E-01	1000010010	6.53917E+00	-5.96653E-03	1.30785E-02	-1.39051E-02	-1.31563E-01	-6.79170E-01	7.22094E-01	PRIM
2.27335E-02	1000010010	6.65318E+00	-7.91631E-03	3.95862E-04	7.08802E-04	-5.83747E-01	-3.95902E-01	-7.08873E-01	1000010010	6.65318E+00	5.35430E-03	9.39608E-03	1.68239E-02	-5.83747E-01	-3.95902E-01	-7.08873E-01	PRIM
1.69870E-02	1000010010	6.00930E+00	-8.51379E-03	8.02080E-04	-5.97057E-04	1.37943E-02	-8.02080E-01	5.97057E-01	1000010010	6.00930E+00	-8.74812E-03	1.44270E-02	-1.07393E-02	1.37943E-02	-8.02080E-01	5.97057E-01	PRIM
1.99138E-02	1000010010	6.71996E+00	-8.19163E-03	2.01880E-05	-9.51051E-04	-3.08375E-01	-2.01880E-02	9.51051E-01	1000010010	6.71996E+00	-2.05071E-03	4.22208E-04	-1.98901E-02	-3.08375E-01	-2.01880E-02	9.51051E-01	PRIM
2.10439E-02	1000010010	4.73334E+01	-8.07790E-03	8.99772E-04	-1.10627E-04	-4.22104E-01	-8.99772E-01	1.10627E-01	1000010010	4.73334E+01	8.04805E-04	1.98344E-02	-2.43864E-03	-4.22104E-01	-8.99772E-01	1.10627E-01	PRIM
2.32145E-02	1000010010	5.08017E+00	-7.87189E-03	5.24361E-04	5.74734E-04	-6.28176E-01	-5.24413E-01	-5.74792E-01	1000010010	5.08017E+00	6.71088E-03	1.26983E-02	1.39182E-02	-6.28176E-01	-5.24413E-01	-5.74792E-01	PRIM
2.72560E-02	1000010010	1.07599E+01	-7.52030E-03	9.66241E-05	-1.75064E-04	-9.79800E-01	-9.66338E-02	1.75081E-01	1000010010	1.07599E+01	1.91852E-02	2.73048E-03	-4.94708E-03	-9.79800E-01	-9.66338E-02	1.75081E-01	PRIM
2.30226E-02	1000010010	5.50398E+00	-7.88946E-03	-6.88976E-05	7.88986E-04	-6.10537E-01	6.88976E-02	-7.88986E-01	1000010010	5.50398E+00	6.16665E-03	-1.65510E-03	1.89534E-02	-6.10537E-01	6.88976E-02	-7.88986E-01	PRIM
2.51292E-02	1000010010	4.58158E+01	-7.70092E-03	-3.18709E-04	-5.09609E-04	-7.99156E-01	3.18741E-01	5.09660E-01	1000010010	4.58158E+01	1.23813E-02	-8.32843E-03	-1.33170E-02	-7.99156E-01	3.18741E-01	5.09660E-01	PRIM
1.16061E-02	1000010010	8.97660E+00	-9.28784E-03	5.98170E-04	1.46611E-04	7.87844E-01	-5.98170E-01	-1.46611E-01	1000010010	8.97660E+00	-1.84316E-02	7.54057E-03	1.84819E-03	7.87844E-01	-5.98170E-01	-1.46611E-01	PRIM
2.50922E-02	1000010010	5.76703E+00	-7.70415E-03	-2.94671E-04	-5.28765E-04	-7.95929E-01	2.94700E-01	5.28818E-01	1000010010	5.76703E+00	1.22675E-02	-7.68935E-03	-1.37980E-02	-7.95929E-01	2.94700E-01	5.28818E-01	PRIM
1.86670E-02	1000010010	5.83060E+00	-8.32341E-03	6.81219E-05	9.81925E-04	-1.76586E-01	-6.81219E-02	-9.81925E-01	1000010010	5.83060E+00	-5.02709E-03	1.33975E-03	1.93115E-02	-1.76586E-01	-6.81219E-02	-9.81925E-01	PRIM
2.26392E-02	1000010010	7.91543E+00	-7.92509E-03	-9.71004E-05	-8.12314E-04	-5.74964E-01	9.71102E-02	8.12395E-01	1000010010	7.91543E+00	5.09165E-03	-2.29560E-03	-1.92043E-02	-5.74964E-01	9.71102E-02	8.12395E-01	PRIM
2.38782E-02	1000010010	6.09196E+01	-7.81153E-03	6.55080E-04	-3.11247E-04	-6.88474E-01	-6.55080E-01	3.11247E-01	1000010010	6.09196E+01	8.62801E-03	1.62972E-02	-7.74327E-03	-6.88474E-01	-6.55080E-01	3.11247E-01	PRIM
2.27277E-02	1000010010	1.57068E+01	-7.91685E-03	8.11009E-04	4.47141E-05	-5.83209E-01	-8.11090E-01	-4.47185E-02	1000010010	1.57068E+01	5.33815E-03	1.92452E-02	1.06106E-03	-5.83209E-01	-8.11090E-01	-4.47185E-02	PRIM
1.47094E-02	1000010010	6.71558E+00	-8.80317E-03	8.07318E-04	5.06287E-04	3.03169E-01	-8.07318E-01	-5.06287E-01	1000010010	6.71558E+00	-1.32626E-02	1.26825E-02	7.95348E-03	3.03169E-01	-8.07318E-01	-5.06287E-01	PRIM
2.12319E-02	1000010010	7.28779E+00	-8.05944E-03	-7.81594E-05	8.94314E-04	-4.40560E-01	7.81594E-02	-8.94314E-01	1000010010	7.28779E+00	1.29449E-03	-1.73763E-03	1.98823E-02	-4.40560E-01	7.81594E-02	-8.94314E-01	PRIM
1.97747E-02	1000010010	9.50349E+00	-8.20598E-03	8.28950E-04	4.75810E-04	-2.94019E-01	-8.28950E-01	-4.75810E-01	1000010010	9.50349E+00	-2.39184E-03	1.72212E-02	9.88481E-03	-2.94019E-01	-8.28950E-01	-4.75810E-01	PRIM
2.26542E-02	1000010010	1.51463E+01	-7.92363E-03	6.42795E-04	5.04590E-04	-5.76371E-01	-6.42795E-01	-5.04590E-01	1000010010	1.51463E+01	5.13359E-03	1.52048E-02	1.19357E-02	-5.76371E-01	-6.42795E-01	-5.04590E-01	PRIM
2.39628E-02	1000010010	2.14561E+01	-7.80393E-03	5.59999E-04	-4.49319E-04	-6.96070E-01	-5.59999E-01	4.49319E-01	1000010010	2.14561E+01	8.87583E-03	1.39791E-02	-1.12162E-02	-6.96070E-01	-5.59999E-01	4.49319E-01	PRIM
1.55351E-02	1000010010	1.81359E+01	-8.69331E-03	-3.63529E-04	9.11195E-04	1.93332E-01	3.63565E-01	-9.11286E-01	1000010010	1.81359E+01	-1.16967E-02	-6.01154E-03	1.50681E-02	1.93332E-01	3.63565E-01	-9.11286E-01	PRIM
2.03585E-02	1000010010	1.10714E+01	-8.14627E-03	4.32247E-04	-8.29481E-04	-3.53728E-01	-4.32247E-01	8.29481E-01	1000010010	1.10714E+01	-9.44891E-04	9.23216E-03	-1.77165E-02	-3.53728E-01	-4.32247E-01	8.29481E-01	PRIM
1.77294E-02	1000010010	8.73956E+00	-8.42764E-03	-3.60466E-04	-9.29961E-04	-7.23590E-02	3.60466E-01	9.29961E-01	1000010010	8.73956E+00	-7.14476E-03	-6.75130E-03	-1.74176E-02	-7.23590E-02	3.60466E-01	9.29961E-01	PRIM
1.94535E-02	1000010010	6.36258E+00	-8.23949E-03	2.77229E-04	-9.24704E-04	-2.60539E-01	-2.77256E-01	9.24796E-01	1000010010	6.36258E+00	-3.17109E-03	5.67084E-03	-1.89152E-02	-2.60539E-01	-2.77256E-01	9.24796E-01	PRIM
1.78746E-02	1000010010	3.14598E+01	-8.41118E-03	-5.26800E-04	8.45335E-04	-8.88250E-02	5.26800E-01	-8.45335E-01	1000010010	3.14598E+01	-6.82346E-03	-9.94315E-03	1.59554E-02	-8.88250E-02	5.26800E-01	-8.45335E-01	PRIM
2.08942E-02	1000010010	9.68555E+00	-8.09268E-03	1.77200E-04	-8.95929E-04	-4.07323E-01	-1.77200E-01	8.95929E-01	1000010010	9.68555E+00	4.18002E-04	3.87964E-03	-1.96156E-02	-4.07323E-01	-1.77200E-01	8.95929E-01	PRIM
1.82567E-02	1000010010	5.68815E+00	-8.36844E-03	6.79170E-04	-7.22094E-04	-1.31563E-01	-6.79170E-01	7.22094E-01	1000010010	5.68815E+00	-5.96653E-03	1.30785E-02	-1.39051E-02	-1.31563E-01	-6.79170E-01	7.22094E-01	PRIM
2.24622E-02	1000010010	2.12775E+01	-7.94160E-03	3.91813E-04	7.31210E-04	-5.58404E-01	-3.91813E-01	-7.31210E-01	1000010010	2.12775E+01	4.60136E-03	9.19278E-03	1.71558E-02	-5.58404E-01	-3.91813E-01	-7.31210E-01	PRIM
2.63593E-02	1000010010	1.05913E+01	-7.59541E-03	-4.13785E-04	1.01440E-04	-9.04685E-01	4.13827E-01	-1.01450E-01	1000010010	1.05913E+01	1.62514E-02	-1.13220E-02	2.77559E-03	-9.04685E-01	4.13827E-01	-1.01450E-01	PRIM
2.14622E-02	1000010010	8.80093E+00	-8.03706E-03	2.31379E-05	-8.85973E-04	-4.62990E-01	-2.31402E-02	8.86062E-01	1000010010	8.80093E+00	1.89971E-03	5.19776E-04	-1.99028E-02	-4.62990E-01	-2.31402E-02	8.86062E-01	PRIM
2.00491E-02	1000010010	7.67154E+00	-8.17774E-03	8.33876E-04	4.48107E-04	-3.22260E-01	-8.33876E-01	-4.48107E-01	1000010010	7.67154E+00	-1.71671E-03	1.75524E-02	9.43227E-03	-3.22260E-01	-8.33876E-01	-4.48107E-01	PRIM
2.14385E-02	1000010010	5.94813E+00	-8.03930E-03	8.11894E-05	-8.83836E-04	-4.60698E-01	-8.11894E-02	8.83836E-01	1000010010	5.94813E+00	1.83736E-03	1.82177E-03	-1.98319E-02	-4.60698E-01	-8.11894E-02	8.83836E-01	PRIM
2.28400E-02	1000010010	5.33866E+00	-7.90635E-03	-6.22502E-04	5.09966E-04	-5.93655E-01	6.22502E-01	-5.09966E-01	1000010010	5.33866E+00	5.65274E-03	-1.48405E-02	1.21576E-02	-5.93655E-01	6.22502E-01	-5.09966E-01	PRIM
2.34470E-02	1000010010	9.28169E+00	-7.85057E-03	-6.83567E-04	-3.33123E-04	-6.49434E-01	6.83567E-01	3.33123E-01	1000010010	9.28169E+00	7.37670E-03	-1.67111E-02	-8.14384E-03	-6.49434E-01	6.83567E-01	3.33123E-01	PRIM
2.51292E-02	1000010010	5.27905E+00	-7.70092E-03	-3.18709E-04	-5.09609E-04	-7.99156E-01	3.18741E-01	5.09660E-01	1000010010	5.27905E+00	1.23813E-02	-8.32843E-03	-1.33170E-02	-7.99156E-01	3.18741E-01	5.09660E-01	PRIM
1.99509E-02	1000010010	1.33573E+01	-8.18781E-03	2.64650E-04	9.12413E-04	-3.12191E-01	-2.64650E-01	-9.12413E-01	1000010010	1.33573E+01	-1.95932E-03	5.54467E-03	1.91159E-02	-3.12191E-01	-2.64650E-01	-9.12413E-01	PRIM
2.07871E-02	1000010010	6.53055E+00	-8.10331E-03	-1.60610E-04	9.03793E-04	-3.96690E-01	1.60610E-01	-9.03793E-01	1000010010	6.53055E+00	1.42708E-04	-3.49922E-03	1.96910E-02	-3.96690E-01	1.60610E-01	-9.03793E-01	PRIM
1.80832E-02	1000010010	6.95360E+00	-8.38774E-03	-1.52929E-04	-9.81840E-04	-1.12261E-01	1.52929E-01	9.81840E-01	1000010010	6.95360E+00	-6.35770E-03	-2.91838E-03	-1.87367E-02	-1.12261E-01	1.52929E-01	9.81840E-01	PRIM
2.58742E-02	1000010010	5.89743E+00	-7.63656E-03	4.97002E-04	8.63479E-05	-8.63442E-01	-4.97002E-01	-8.63479E-02	1000010010	5.89743E+00	1.47043E-02	1.33566E-02	2.32053E-03	-8.63442E-01	-4.97002E-01	-8.63479E-02	PRIM
1.16379E-02	1000010010	6.24063E+00	-9.28212E-03	6.12404E-04	1.15078E-04	7.82124E-01	-6.12404E-01	-1.15078E-01	1000010010	6.24063E+00	-1.83844E-02	7.73948E-03	1.45434E-03	7.82124E-01	-6.12404E-01	-1.15078E-01	PRIM
1.99509E-02	1000010010	9.56362E+00	-8.18781E-03	2.64650E-04	9.12413E-04	-3.12191E-01	-2.64650E-01	-9.12413E-01	1000010010	9.56362E+00	-1.95932E-03	5.54467E-03	1.91159E-02	-3.12191E-01	-2.64650E-01	-9.12413E-01	PRIM
2.50866E-02	1000010010	3.46545E+01	-7.70455E-03	-4.00175E-04	4.55107E-04	-7.95448E-01	4.00175E-01	-4.55107E-01	1000010010	3.46545E+01	1.22505E-02	-1.04392E-02	1.18722E-02	-7.95448E-01	4.00175E-01	-4.55107E-01	PRIM
1.91441E-02	1000010010	8.21397E+01	-8.27212E-03	-7.36599E-04	-6.36784E-04	-2.27877E-01	7.36599E-01	6.36784E-01	1000010010	8.21397E+01	-3.90961E-03	-1.48382E-02	-1.28275E-02	-2.27877E-01	7.36599E-01	6.36784E-01	PRIM
1.77913E-02	1000010010	1.06880E+01	-8.42061E-03	3.77138E-04	9.22748E-04	-7.93920E-02	-3.77138E-01	-9.22748E-01	1000010010	1.06880E+01	-7.00812E-03	7.08690E-03	1.73396E-02	-7.93920E-02	-3.77138E-01	-9.22748E-01	PRIM
2.01181E-02	1000010010	5.53115E+00	-8.17069E-03	-4.89581E-05	-9.42951E-04	-3.29313E-01	4.89581E-02	9.42951E-01	1000010010	5.53115E+00	-1.54552E-03	-1.03390E-03	-1.99134E-02	-3.29313E-01	4.89581E-02	9.42951E-01	PRIM
2.33002E-02	1000010010	1.33001E+01	-7.86396E-03	-4.15035E-04	6.50542E-04	-6.36035E-01	4.15035E-01	-6.50542E-01	1000010010	1.33001E+01	6.95576E-03	-1.00854E-02	1.58083E-02	-6.36035E-01	4.15035E-01	-6.50542E-01	PRIM
1.93448E-02	1000010010	9.22099E+00	-8.25088E-03	1.21577E-04	9.60812E-04	-2.49118E-01	-1.21577E-01	-9.60812E-01	1000010010	9.22099E+00	-3.43174E-03	2.47345E-03	1.95475E-02	-2.49118E-01	-1.21577E-01	-9.60812E-01	PRIM
2.01804E-02	1000010010	8.42965E+00	-8.16435E-03	2.23406E-04	9.15110E-04	-3.35655E-01	-2.23406E-01	-9.15110E-01	1000010010	8.42965E+00	-1.39071E-03	4.73183E-03	1.93824E-02	-3.35655E-01	-2.23406E-01	-9.15110E-01	PRIM
1.86670E-02	1000010010	6.34903E+00	-8.32341E-03	6.81219E-05	9.81925E-04	-1.76586E-01	-6.81219E-02	-9.81925E-01	1000010010	6.34903E+00	-5.02709E-03	1.33975E-03	1.93115E-02	-1.76586E-01	-6.81219E-02	-9.81925E-01	PRIM
1.64624E-02	1000010010	7.20192E+00	-8.57685E-03	-7.07493E-04	-7.02529E-04	7.68539E-02	7.07493E-01	7.02529E-01	1000010010	7.20192E+00	-9.84205E-03	-1.23545E-02	-1.22678E-02	7.68539E-02	7.07493E-01	7.02529E-01	PRIM
1.61887E-02	1000010010	5.12507E+00	-8.61053E-03	-8.68052E-04	4.84013E-04	1.10534E-01	8.68052E-01	-4.84013E-01	1000010010	5.12507E+00	-1.03999E-02	-1.49207E-02	8.31955E-03	1.10534E-01	8.68052E-01	-4.84013E-01	PRIM
1.95607E-02	1000010010	7.43094E+00	-8.22823E-03	-1.49743E-04	-9.50640E-04	-2.71773E-01	1.49743E-01	9.50640E-01	1000010010	7.43094E+00	-2.91215E-03	-3.07882E-03	-1.95458E-02	-2.71773E-01	1.49743E-01	9.50640E-01	PRIM
1.49289E-02	1000010010	9.98740E+00	-8.77335E-03	9.41636E-04	-1.96470E-04	2.73351E-01	-9.41636E-01	1.96470E-01	1000010010	9.98740E+00	-1.28542E-02	1.49992E-02	-3.12955E-03	2.73351E-01	-9.41636E-01	1.96470E-01	PRIM
2.11380E-02	1000010010	1.37216E+02	-8.06864E-03	5.68918E-05	9.00386E-04	-4.31357E-01	-5.68918E-02	-9.00386E-01	1000010010	1.37216E+02	1.04935E-03	1.25947E-03	1.99327E-02	-4.31357E-01	-5.68918E-02	-9.00386E-01	PRIM
2.27277E-02	1000010010	5.55285E+00	-7.91685E-03	8.11009E-04	4.47141E-05	-5.83209E-01	-8.11090E-01	-4.47185E-02	1000010010	5.55285E+00	5.33815E-03	1.92452E-02	1.06106E-03	-5.83209E-01	-8.11090E-01	-4.47185E-02	PRIM
