#	D	ID	E	X	Y	Z	Px	Py	Pz	ID0	E0	X0	Y0	Z0	P0x	P0y	P0z	tag
#
# D             Trajectory length [1 Mpc]
# ID/ID0/ID1    Particle type (PDG MC numbering scheme)
# E/E0/E1       Energy [1 EeV]
# X/X0/X1...    Position [1 Mpc]
# Px/P0x/P1x... Heading (unit vector of momentum)
# tag           Candidate tag can be given by the source feature (user defined tag) or by the following interaction process 
#	ES  	ElasticScattering 
#	EPP 	ElectronPairProduction 
#	EMPP	EMPairProduction
#	EMDP	EMDoublePairProduction
#	EMTP	EMTripletPairProduction 
#	EMIC	EMInverseComptonScattering
#	ND  	NuclearDecay
#	PD  	PhotoDisintegration
#	PPP  	PhotoPionProduction
#	SYN 	SynchrotronRadiation
#	PRIM/SEC	 primary / secondary particle
# no index = current, 0 = at source, 1 = at point of creation
#
# CRPropa version: 3.2-85-g7a40f1f1
#
1.90228E-02	1000010010	1.88749E+01	-4.41994E-04	-6.98816E-04	7.12945E-04	-5.80057E-02	6.98816E-01	-7.12945E-01	1000010010	1.88749E+01	6.61435E-04	-1.39922E-02	1.42751E-02	-5.80057E-02	6.98816E-01	-7.12945E-01	PRIM
1.87999E-02	1000010010	1.15953E+01	-8.89501E-04	8.25040E-04	-4.09388E-04	3.89501E-01	-8.25040E-01	4.09388E-01	1000010010	1.15953E+01	-8.21210E-03	1.63357E-02	-8.10586E-03	3.89501E-01	-8.25040E-01	4.09388E-01	PRIM
1.91470E-02	1000010010	6.05092E+00	-1.94608E-04	-7.36608E-04	6.03443E-04	-3.05392E-01	7.36608E-01	-6.03443E-01	1000010010	6.05092E+00	5.65274E-03	-1.48405E-02	1.21576E-02	-3.05392E-01	7.36608E-01	-6.03443E-01	PRIM
1.88713E-02	1000010010	4.51812E+01	-7.45656E-04	5.04025E-04	8.28017E-04	2.45656E-01	-5.04025E-01	-8.28017E-01	1000010010	4.51812E+01	-5.38150E-03	1.00156E-02	1.64538E-02	2.45656E-01	-5.04025E-01	-8.28017E-01	PRIM
1.89572E-02	1000010010	7.11526E+00	-5.73122E-04	2.77828E-04	9.57844E-04	7.31222E-02	-2.77828E-01	-9.57844E-01	1000010010	7.11526E+00	-1.95932E-03	5.54467E-03	1.91159E-02	7.31222E-02	-2.77828E-01	-9.57844E-01	PRIM
1.89083E-02	1000010010	5.07596E+00	-6.71266E-04	-7.45325E-04	-6.44328E-04	1.71266E-01	7.45325E-01	6.44328E-01	1000010010	5.07596E+00	-3.90961E-03	-1.48382E-02	-1.28275E-02	1.71266E-01	7.45325E-01	6.44328E-01	PRIM
1.91781E-02	1000010010	6.40573E+00	-1.33079E-04	-3.52737E-04	-8.60782E-04	-3.66921E-01	3.52737E-01	8.60782E-01	1000010010	6.40573E+00	6.90375E-03	-7.11755E-03	-1.73689E-02	-3.66921E-01	3.52737E-01	8.60782E-01	PRIM
1.92171E-02	1000010010	5.46131E+00	-5.57766E-05	-4.01688E-04	-8.00820E-04	-4.44223E-01	4.01688E-01	8.00820E-01	1000010010	5.46131E+00	8.48091E-03	-8.12096E-03	-1.61903E-02	-4.44223E-01	4.01688E-01	8.00820E-01	PRIM
1.94488E-02	1000010010	6.69761E+00	4.00054E-04	4.25990E-04	9.18472E-05	-9.00054E-01	-4.25990E-01	-9.18472E-02	1000010010	6.69761E+00	1.79051E-02	8.71101E-03	1.87817E-03	-9.00054E-01	-4.25990E-01	-9.18472E-02	PRIM
1.91172E-02	1000010010	5.61692E+00	-2.53949E-04	-5.24994E-04	8.14764E-04	-2.46051E-01	5.24994E-01	-8.14764E-01	1000010010	5.61692E+00	4.44985E-03	-1.05614E-02	1.63907E-02	-2.46051E-01	5.24994E-01	-8.14764E-01	PRIM
1.86824E-02	1000010010	5.15746E+00	-1.12768E-03	7.62063E-04	-1.59002E-04	6.27677E-01	-7.62063E-01	1.59002E-01	1000010010	5.15746E+00	-1.28542E-02	1.49992E-02	-3.12955E-03	6.27677E-01	-7.62063E-01	1.59002E-01	PRIM
1.90167E-02	1000010010	5.41570E+00	-4.54138E-04	1.93820E-04	-9.79964E-04	-4.58618E-02	-1.93820E-01	9.79964E-01	1000010010	5.41570E+00	4.18002E-04	3.87964E-03	-1.96156E-02	-4.58618E-02	-1.93820E-01	9.79964E-01	PRIM
1.87093E-02	1000010010	2.57272E+01	-1.07291E-03	-5.10615E-04	6.41132E-04	5.72907E-01	5.10615E-01	-6.41132E-01	1000010010	2.57272E+01	-1.17916E-02	-1.00639E-02	1.26363E-02	5.72907E-01	5.10615E-01	-6.41132E-01	PRIM
1.88716E-02	1000010010	1.01552E+01	-7.45008E-04	-2.45626E-04	-9.37891E-04	2.45008E-01	2.45626E-01	9.37891E-01	1000010010	1.01552E+01	-5.36871E-03	-4.88099E-03	-1.86374E-02	2.45008E-01	2.45626E-01	9.37891E-01	PRIM
1.92220E-02	1000010010	7.74524E+00	-4.59908E-05	-6.87882E-04	-5.66299E-04	-4.54009E-01	6.87882E-01	5.66299E-01	1000010010	7.74524E+00	8.68099E-03	-1.39104E-02	-1.14517E-02	-4.54009E-01	6.87882E-01	5.66299E-01	PRIM
1.85256E-02	1000010010	2.61058E+01	-1.44746E-03	2.00665E-04	-2.49096E-04	9.47462E-01	-2.00665E-01	2.49096E-01	1000010010	2.61058E+01	-1.89998E-02	3.91812E-03	-4.86375E-03	9.47462E-01	-2.00665E-01	2.49096E-01	PRIM
1.91172E-02	1000010010	6.72256E+00	-2.53949E-04	-5.24994E-04	8.14764E-04	-2.46051E-01	5.24994E-01	-8.14764E-01	1000010010	6.72256E+00	4.44985E-03	-1.05614E-02	1.63907E-02	-2.46051E-01	5.24994E-01	-8.14764E-01	PRIM
1.88340E-02	1000010010	6.25774E+00	-8.20772E-04	-6.64873E-04	-6.74574E-04	3.20772E-01	6.64873E-01	6.74574E-01	1000010010	6.25774E+00	-6.86219E-03	-1.31871E-02	-1.33795E-02	3.20772E-01	6.64873E-01	6.74574E-01	PRIM
1.90619E-02	1000010010	1.30531E+01	-3.63922E-04	9.29108E-04	3.43863E-04	-1.36078E-01	-9.29108E-01	-3.43863E-01	1000010010	1.30531E+01	2.22998E-03	1.86397E-02	6.89854E-03	-1.36078E-01	-9.29108E-01	-3.43863E-01	PRIM
1.90415E-02	1000010010	6.07129E+00	-4.04565E-04	-6.47735E-04	-7.55864E-04	-9.54352E-02	6.47735E-01	7.55864E-01	1000010010	6.07129E+00	1.41267E-03	-1.29816E-02	-1.51487E-02	-9.54352E-02	6.47735E-01	7.55864E-01	PRIM
1.90363E-02	1000010010	1.37222E+01	-4.15072E-04	1.87239E-05	9.96211E-04	-8.49279E-02	-1.87239E-02	-9.96211E-01	1000010010	1.37222E+01	1.20164E-03	3.75158E-04	1.99603E-02	-8.49279E-02	-1.87239E-02	-9.96211E-01	PRIM
1.85342E-02	1000010010	5.50095E+00	-1.42991E-03	-2.71902E-04	2.47655E-04	9.29912E-01	2.71902E-01	-2.47655E-01	1000010010	5.50095E+00	-1.86651E-02	-5.31140E-03	4.83774E-03	9.29912E-01	2.71902E-01	-2.47655E-01	PRIM
1.91898E-02	1000010010	2.61926E+01	-1.09787E-04	9.84600E-05	9.15445E-04	-3.90213E-01	-9.84600E-02	-9.15445E-01	1000010010	2.61926E+01	7.37833E-03	1.98789E-03	1.84827E-02	-3.90213E-01	-9.84600E-02	-9.15445E-01	PRIM
1.90139E-02	1000010010	9.62047E+00	-4.59806E-04	5.82790E-04	-8.11628E-04	-4.01943E-02	-5.82790E-01	8.11628E-01	1000010010	9.62047E+00	3.04442E-04	1.16639E-02	-1.62438E-02	-4.01943E-02	-5.82790E-01	8.11628E-01	PRIM
1.92846E-02	1000010010	1.33671E+01	7.74482E-05	-4.55799E-04	-6.77349E-04	-5.77448E-01	4.55799E-01	6.77349E-01	1000010010	1.33671E+01	1.12133E-02	-9.24567E-03	-1.37397E-02	-5.77448E-01	4.55799E-01	6.77349E-01	PRIM
1.91172E-02	1000010010	1.43505E+01	-2.53949E-04	-5.24994E-04	8.14764E-04	-2.46051E-01	5.24994E-01	-8.14764E-01	1000010010	1.43505E+01	4.44985E-03	-1.05614E-02	1.63907E-02	-2.46051E-01	5.24994E-01	-8.14764E-01	PRIM
1.87118E-02	1000010010	1.89131E+01	-1.06802E-03	-3.04972E-04	7.64422E-04	5.68024E-01	3.04972E-01	-7.64422E-01	1000010010	1.89131E+01	-1.16967E-02	-6.01154E-03	1.50681E-02	5.68024E-01	3.04972E-01	-7.64422E-01	PRIM
1.89083E-02	1000010010	1.11431E+01	-6.71266E-04	-7.45325E-04	-6.44328E-04	1.71266E-01	7.45325E-01	6.44328E-01	1000010010	1.11431E+01	-3.90961E-03	-1.48382E-02	-1.28275E-02	1.71266E-01	7.45325E-01	6.44328E-01	PRIM
1.91063E-02	1000010010	6.10621E+00	-2.75498E-04	-5.59283E-04	-7.97999E-04	-2.24502E-01	5.59283E-01	7.97999E-01	1000010010	6.10621E+00	4.01390E-03	-1.12451E-02	-1.60448E-02	-2.24502E-01	5.59283E-01	7.97999E-01	PRIM
1.88269E-02	1000010010	6.81291E+00	-8.35139E-04	-3.40513E-04	-8.78483E-04	3.35139E-01	3.40513E-01	8.78483E-01	1000010010	6.81291E+00	-7.14476E-03	-6.75130E-03	-1.74176E-02	3.35139E-01	3.40513E-01	8.78483E-01	PRIM
1.88798E-02	1000010010	6.00759E+00	-7.28637E-04	6.84709E-04	6.92025E-04	2.28637E-01	-6.84709E-01	-6.92025E-01	1000010010	6.00759E+00	-5.04525E-03	1.36118E-02	1.37573E-02	2.28637E-01	-6.84709E-01	-6.92025E-01	PRIM
1.89562E-02	1000010010	5.07976E+00	-5.75072E-04	-3.29742E-05	9.96633E-04	7.50716E-02	3.29742E-02	-9.96633E-01	1000010010	5.07976E+00	-1.99815E-03	-6.58041E-04	1.98891E-02	7.50716E-02	3.29742E-02	-9.96633E-01	PRIM
1.88802E-02	1000010010	6.66332E+00	-7.27718E-04	6.73911E-05	9.71392E-04	2.27718E-01	-6.73911E-02	-9.71392E-01	1000010010	6.66332E+00	-5.02709E-03	1.33975E-03	1.93115E-02	2.27718E-01	-6.73911E-02	-9.71392E-01	PRIM
1.89952E-02	1000010010	3.26006E+01	-4.97114E-04	-8.38826E-05	9.96471E-04	-2.88625E-03	8.38826E-02	-9.96471E-01	1000010010	3.26006E+01	-4.42289E-04	-1.67725E-03	1.99246E-02	-2.88625E-03	8.38826E-02	-9.96471E-01	PRIM
1.85414E-02	1000010010	6.08240E+00	-1.41521E-03	3.96056E-04	7.44237E-05	9.15205E-01	-3.96056E-01	-7.44237E-02	1000010010	6.08240E+00	-1.83844E-02	7.73948E-03	1.45434E-03	9.15205E-01	-3.96056E-01	-7.44237E-02	PRIM
1.88269E-02	1000010010	7.12222E+00	-8.35139E-04	-3.40513E-04	-8.78483E-04	3.35139E-01	3.40513E-01	8.78483E-01	1000010010	7.12222E+00	-7.14476E-03	-6.75130E-03	-1.74176E-02	3.35139E-01	3.40513E-01	8.78483E-01	PRIM
1.91080E-02	1000010010	6.92765E+00	-2.72060E-04	3.42148E-04	9.11580E-04	-2.27940E-01	-3.42148E-01	-9.11580E-01	1000010010	6.92765E+00	4.08343E-03	6.87992E-03	1.83301E-02	-2.27940E-01	-3.42148E-01	-9.11580E-01	PRIM
1.88457E-02	1000010010	5.56198E+00	-7.97351E-04	2.73387E-04	9.14681E-04	2.97381E-01	-2.73414E-01	-9.14773E-01	1000010010	5.56198E+00	-6.40171E-03	5.42607E-03	1.81542E-02	2.97381E-01	-2.73414E-01	-9.14773E-01	PRIM
1.88713E-02	1000010010	5.06425E+00	-7.45656E-04	5.04025E-04	8.28017E-04	2.45656E-01	-5.04025E-01	-8.28017E-01	1000010010	5.06425E+00	-5.38150E-03	1.00156E-02	1.64538E-02	2.45656E-01	-5.04025E-01	-8.28017E-01	PRIM
1.90167E-02	1000010010	7.36960E+00	-4.54138E-04	1.93820E-04	-9.79964E-04	-4.58618E-02	-1.93820E-01	9.79964E-01	1000010010	7.36960E+00	4.18002E-04	3.87964E-03	-1.96156E-02	-4.58618E-02	-1.93820E-01	9.79964E-01	PRIM
1.89715E-02	1000010010	1.15076E+01	-5.44599E-04	2.36929E-04	9.70503E-04	4.45992E-02	-2.36929E-01	-9.70503E-01	1000010010	1.15076E+01	-1.39071E-03	4.73183E-03	1.93824E-02	4.45992E-02	-2.36929E-01	-9.70503E-01	PRIM
1.92842E-02	1000010010	7.79636E+00	7.68127E-05	8.16823E-04	9.33826E-06	-5.76813E-01	-8.16823E-01	-9.33826E-03	1000010010	7.79636E+00	1.12002E-02	1.65686E-02	1.89419E-04	-5.76813E-01	-8.16823E-01	-9.33826E-03	PRIM
1.86808E-02	1000010010	9.10417E+00	-1.13095E-03	5.98033E-04	-4.94024E-04	6.31013E-01	-5.98093E-01	4.94073E-01	1000010010	9.10417E+00	-1.29188E-02	1.17709E-02	-9.72372E-03	6.31013E-01	-5.98093E-01	4.94073E-01	PRIM
1.91470E-02	1000010010	6.24847E+00	-1.94608E-04	-7.36608E-04	6.03443E-04	-3.05392E-01	7.36608E-01	-6.03443E-01	1000010010	6.24847E+00	5.65274E-03	-1.48405E-02	1.21576E-02	-3.05392E-01	7.36608E-01	-6.03443E-01	PRIM
1.86551E-02	1000010010	7.10537E+00	-1.18331E-03	7.02965E-04	-1.96777E-04	6.83383E-01	-7.03036E-01	1.96797E-01	1000010010	7.10537E+00	-1.39319E-02	1.38181E-02	-3.86804E-03	6.83383E-01	-7.03036E-01	1.96797E-01	PRIM
1.88113E-02	1000010010	8.04324E+00	-8.66537E-04	6.79301E-05	9.27920E-04	3.66537E-01	-6.79301E-02	-9.27920E-01	1000010010	8.04324E+00	-7.76158E-03	1.34578E-03	1.83833E-02	3.66537E-01	-6.79301E-02	-9.27920E-01	PRIM
1.88064E-02	1000010010	1.44984E+01	-8.76484E-04	9.01968E-04	-2.11455E-04	3.76484E-01	-9.01968E-01	2.11455E-01	1000010010	1.44984E+01	-7.95680E-03	1.78647E-02	-4.18816E-03	3.76484E-01	-9.01968E-01	2.11455E-01	PRIM
1.92842E-02	1000010010	1.19093E+01	7.68127E-05	8.16823E-04	9.33826E-06	-5.76813E-01	-8.16823E-01	-9.33826E-03	1000010010	1.19093E+01	1.12002E-02	1.65686E-02	1.89419E-04	-5.76813E-01	-8.16823E-01	-9.33826E-03	PRIM
1.88716E-02	1000010010	9.84980E+00	-7.45008E-04	-2.45626E-04	-9.37891E-04	2.45008E-01	2.45626E-01	9.37891E-01	1000010010	9.84980E+00	-5.36871E-03	-4.88099E-03	-1.86374E-02	2.45008E-01	2.45626E-01	9.37891E-01	PRIM
1.85342E-02	1000010010	6.18526E+00	-1.42991E-03	-2.71902E-04	2.47655E-04	9.29912E-01	2.71902E-01	-2.47655E-01	1000010010	6.18526E+00	-1.86651E-02	-5.31140E-03	4.83774E-03	9.29912E-01	2.71902E-01	-2.47655E-01	PRIM
1.93133E-02	1000010010	6.84270E+00	1.34129E-04	-4.09998E-04	-6.55578E-04	-6.34129E-01	4.09998E-01	6.55578E-01	1000010010	6.84270E+00	1.23813E-02	-8.32843E-03	-1.33170E-02	-6.34129E-01	4.09998E-01	6.55578E-01	PRIM
1.92208E-02	1000010010	2.42364E+01	-4.86270E-05	8.05885E-04	-3.82899E-04	-4.51418E-01	-8.05966E-01	3.82937E-01	1000010010	2.42364E+01	8.62801E-03	1.62972E-02	-7.74327E-03	-4.51418E-01	-8.05966E-01	3.82937E-01	PRIM
1.89083E-02	1000010010	1.85610E+01	-6.71266E-04	-7.45325E-04	-6.44328E-04	1.71266E-01	7.45325E-01	6.44328E-01	1000010010	1.85610E+01	-3.90961E-03	-1.48382E-02	-1.28275E-02	1.71266E-01	7.45325E-01	6.44328E-01	PRIM
1.88565E-02	1000010010	6.26750E+00	-7.75357E-04	-7.15675E-04	6.41862E-04	2.75357E-01	7.15675E-01	-6.41862E-01	1000010010	6.26750E+00	-5.96764E-03	-1.42108E-02	1.27452E-02	2.75357E-01	7.15675E-01	-6.41862E-01	PRIM
1.85674E-02	1000010010	5.11224E+00	-1.36209E-03	-1.69667E-04	4.77295E-04	8.62178E-01	1.69684E-01	-4.77343E-01	1000010010	5.11224E+00	-1.73705E-02	-3.32025E-03	9.34032E-03	8.62178E-01	1.69684E-01	-4.77343E-01	PRIM
1.88067E-02	1000010010	6.70908E+00	-8.75859E-04	6.03007E-04	-7.03642E-04	3.75859E-01	-6.03007E-01	7.03642E-01	1000010010	6.70908E+00	-7.94452E-03	1.19436E-02	-1.39368E-02	3.75859E-01	-6.03007E-01	7.03642E-01	PRIM
1.86823E-02	1000010010	6.50058E+00	-1.12774E-03	-3.11457E-04	7.13402E-04	6.27735E-01	3.11457E-01	-7.13402E-01	1000010010	6.50058E+00	-1.28553E-02	-6.13020E-03	1.40414E-02	6.27735E-01	3.11457E-01	-7.13402E-01	PRIM
1.92890E-02	1000010010	1.88656E+01	8.61728E-05	-5.18653E-04	-6.22415E-04	-5.86173E-01	5.18653E-01	6.22415E-01	1000010010	1.88656E+01	1.13929E-02	-1.05229E-02	-1.26282E-02	-5.86173E-01	5.18653E-01	6.22415E-01	PRIM
1.94522E-02	1000010010	5.51571E+00	4.06706E-04	4.21187E-04	2.20470E-05	-9.06706E-01	-4.21187E-01	-2.20470E-02	1000010010	5.51571E+00	1.80442E-02	8.61423E-03	4.50912E-04	-9.06706E-01	-4.21187E-01	-2.20470E-02	PRIM
1.90164E-02	1000010010	6.01958E+00	-4.54659E-04	5.60725E-04	-8.26760E-04	-4.53408E-02	-5.60725E-01	8.26760E-01	1000010010	6.01958E+00	4.07560E-04	1.12237E-02	-1.65488E-02	-4.53408E-02	-5.60725E-01	8.26760E-01	PRIM
1.89676E-02	1000010010	5.26644E+00	-5.52361E-04	-5.17792E-05	-9.97285E-04	5.23609E-02	5.17792E-02	9.97285E-01	1000010010	5.26644E+00	-1.54552E-03	-1.03390E-03	-1.99134E-02	5.23609E-02	5.17792E-02	9.97285E-01	PRIM
1.85256E-02	1000010010	6.19796E+00	-1.44746E-03	2.00665E-04	-2.49096E-04	9.47462E-01	-2.00665E-01	2.49096E-01	1000010010	6.19796E+00	-1.89998E-02	3.91812E-03	-4.86375E-03	9.47462E-01	-2.00665E-01	2.49096E-01	PRIM
1.86925E-02	1000010010	1.51751E+01	-1.10711E-03	-6.53577E-04	4.51951E-04	6.07106E-01	6.53577E-01	-4.51951E-01	1000010010	1.51751E+01	-1.24554E-02	-1.28706E-02	8.90004E-03	6.07106E-01	6.53577E-01	-4.51951E-01	PRIM
1.86109E-02	1000010010	1.01206E+01	-1.27329E-03	-3.45636E-04	5.31372E-04	7.73369E-01	3.45670E-01	-5.31425E-01	1000010010	1.01206E+01	-1.56664E-02	-6.77887E-03	1.04217E-02	7.73369E-01	3.45670E-01	-5.31425E-01	PRIM
1.88064E-02	1000010010	4.18010E+02	-8.76484E-04	9.01968E-04	-2.11455E-04	3.76484E-01	-9.01968E-01	2.11455E-01	1000010010	4.18010E+02	-7.95680E-03	1.78647E-02	-4.18816E-03	3.76484E-01	-9.01968E-01	2.11455E-01	PRIM
1.87418E-02	1000010010	1.37139E+02	-1.00707E-03	-7.51639E-04	-4.21809E-04	5.07067E-01	7.51639E-01	4.21809E-01	1000010010	1.37139E+02	-1.05104E-02	-1.48387E-02	-8.32727E-03	5.07067E-01	7.51639E-01	4.21809E-01	PRIM
1.88503E-02	1000010010	6.51126E+00	-7.87860E-04	-7.15537E-04	-6.36509E-04	2.87860E-01	7.15537E-01	6.36509E-01	1000010010	6.51126E+00	-6.21411E-03	-1.42037E-02	-1.26349E-02	2.87860E-01	7.15537E-01	6.36509E-01	PRIM
1.88064E-02	1000010010	1.66909E+01	-8.76484E-04	9.01968E-04	-2.11455E-04	3.76484E-01	-9.01968E-01	2.11455E-01	1000010010	1.66909E+01	-7.95680E-03	1.78647E-02	-4.18816E-03	3.76484E-01	-9.01968E-01	2.11455E-01	PRIM
1.88725E-02	1000010010	9.04476E+00	-7.43291E-04	-3.96017E-04	8.85427E-04	2.43291E-01	3.96017E-01	-8.85427E-01	1000010010	9.04476E+00	-5.33479E-03	-7.86983E-03	1.75956E-02	2.43291E-01	3.96017E-01	-8.85427E-01	PRIM
1.94522E-02	1000010010	1.20816E+01	4.06706E-04	4.21187E-04	2.20470E-05	-9.06706E-01	-4.21187E-01	-2.20470E-02	1000010010	1.20816E+01	1.80442E-02	8.61423E-03	4.50912E-04	-9.06706E-01	-4.21187E-01	-2.20470E-02	PRIM
1.85414E-02	1000010010	5.55346E+00	-1.41521E-03	3.96056E-04	7.44237E-05	9.15205E-01	-3.96056E-01	-7.44237E-02	1000010010	5.55346E+00	-1.83844E-02	7.73948E-03	1.45434E-03	9.15205E-01	-3.96056E-01	-7.44237E-02	PRIM
1.93753E-02	1000010010	5.62409E+00	2.55977E-04	-6.04151E-05	-6.51804E-04	-7.55977E-01	6.04151E-02	6.51804E-01	1000010010	5.62409E+00	1.49033E-02	-1.23098E-03	-1.32807E-02	-7.55977E-01	6.04151E-02	6.51804E-01	PRIM
1.88607E-02	1000010010	9.07903E+00	-7.67077E-04	6.20461E-04	7.37359E-04	2.67077E-01	-6.20461E-01	-7.37359E-01	1000010010	9.07903E+00	-5.80431E-03	1.23228E-02	1.46444E-02	2.67077E-01	-6.20461E-01	-7.37359E-01	PRIM
1.89705E-02	1000010010	1.27505E+02	-5.46465E-04	5.12454E-06	9.98907E-04	4.64651E-02	-5.12454E-03	-9.98907E-01	1000010010	1.27505E+02	-1.42793E-03	1.02340E-04	1.99487E-02	4.64651E-02	-5.12454E-03	-9.98907E-01	PRIM
1.90517E-02	1000010010	7.87859E+00	-3.84334E-04	-2.05130E-04	9.71876E-04	-1.15666E-01	2.05130E-01	-9.71876E-01	1000010010	7.87859E+00	1.81930E-03	-4.11321E-03	1.94877E-02	-1.15666E-01	2.05130E-01	-9.71876E-01	PRIM
1.93232E-02	1000010010	5.92506E+00	1.53236E-04	3.70498E-04	6.60163E-04	-6.53301E-01	-3.70535E-01	-6.60229E-01	1000010010	5.92506E+00	1.27771E-02	7.53040E-03	1.34179E-02	-6.53301E-01	-3.70535E-01	-6.60229E-01	PRIM
1.90139E-02	1000010010	6.14426E+00	-4.59806E-04	5.82790E-04	-8.11628E-04	-4.01943E-02	-5.82790E-01	8.11628E-01	1000010010	6.14426E+00	3.04442E-04	1.16639E-02	-1.62438E-02	-4.01943E-02	-5.82790E-01	8.11628E-01	PRIM
1.88002E-02	1000010010	9.23017E+00	-8.89074E-04	-9.10837E-04	-1.37831E-04	3.89074E-01	9.10837E-01	1.37831E-01	1000010010	9.23017E+00	-8.20372E-03	-1.80347E-02	-2.72908E-03	3.89074E-01	9.10837E-01	1.37831E-01	PRIM
1.86089E-02	1000010010	8.19190E+01	-1.27744E-03	-6.14119E-04	-1.35079E-04	7.77517E-01	6.14180E-01	1.35093E-01	1000010010	8.19190E+01	-1.57462E-02	-1.20433E-02	-2.64901E-03	7.77517E-01	6.14180E-01	1.35093E-01	PRIM
1.92646E-02	1000010010	2.02168E+01	3.80643E-05	-8.41368E-04	-5.08610E-05	-5.38064E-01	8.41368E-01	5.08610E-02	1000010010	2.02168E+01	1.04037E-02	-1.70500E-02	-1.03068E-03	-5.38064E-01	8.41368E-01	5.08610E-02	PRIM
1.88002E-02	1000010010	5.22350E+00	-8.89074E-04	-9.10837E-04	-1.37831E-04	3.89074E-01	9.10837E-01	1.37831E-01	1000010010	5.22350E+00	-8.20372E-03	-1.80347E-02	-2.72908E-03	3.89074E-01	9.10837E-01	1.37831E-01	PRIM
1.90167E-02	1000010010	8.50517E+00	-4.54138E-04	1.93820E-04	-9.79964E-04	-4.58618E-02	-1.93820E-01	9.79964E-01	1000010010	8.50517E+00	4.18002E-04	3.87964E-03	-1.96156E-02	-4.58618E-02	-1.93820E-01	9.79964E-01	PRIM
1.86925E-02	1000010010	1.11005E+01	-1.10711E-03	-6.53577E-04	4.51951E-04	6.07106E-01	6.53577E-01	-4.51951E-01	1000010010	1.11005E+01	-1.24554E-02	-1.28706E-02	8.90004E-03	6.07106E-01	6.53577E-01	-4.51951E-01	PRIM
1.89336E-02	1000010010	4.36977E+01	-6.20451E-04	-1.60039E-04	9.79734E-04	1.20451E-01	1.60039E-01	-9.79734E-01	1000010010	4.36977E+01	-2.90103E-03	-3.19015E-03	1.95296E-02	1.20451E-01	1.60039E-01	-9.79734E-01	PRIM
1.86109E-02	1000010010	5.07455E+00	-1.27329E-03	-3.45636E-04	5.31372E-04	7.73369E-01	3.45670E-01	-5.31425E-01	1000010010	5.07455E+00	-1.56664E-02	-6.77887E-03	1.04217E-02	7.73369E-01	3.45670E-01	-5.31425E-01	PRIM
1.94472E-02	1000010010	8.71639E+00	3.96545E-04	3.28544E-04	-2.96759E-04	-8.96635E-01	-3.28576E-01	2.96789E-01	1000010010	8.71639E+00	1.78336E-02	6.71843E-03	-6.06847E-03	-8.96635E-01	-3.28576E-01	2.96789E-01	PRIM
1.94342E-02	1000010010	4.39189E+01	3.71095E-04	-1.21656E-04	-4.75598E-04	-8.71182E-01	1.21668E-01	4.75646E-01	1000010010	4.39189E+01	1.73018E-02	-2.48618E-03	-9.71939E-03	-8.71182E-01	1.21668E-01	4.75646E-01	PRIM
1.85533E-02	1000010010	5.58910E+00	-1.39097E-03	4.37548E-04	1.20531E-04	8.91057E-01	-4.37592E-01	-1.20543E-01	1000010010	5.58910E+00	-1.79230E-02	8.55631E-03	2.35700E-03	8.91057E-01	-4.37592E-01	-1.20543E-01	PRIM
1.86025E-02	1000010010	7.80121E+00	-1.29034E-03	8.38674E-05	6.06743E-04	7.90414E-01	-8.38758E-02	-6.06803E-01	1000010010	7.80121E+00	-1.59941E-02	1.64417E-03	1.18948E-02	7.90414E-01	-8.38758E-02	-6.06803E-01	PRIM
1.90268E-02	1000010010	1.55651E+01	-4.33898E-04	1.68798E-04	-9.83432E-04	-6.61017E-02	-1.68798E-01	9.83432E-01	1000010010	1.55651E+01	8.23808E-04	3.38048E-03	-1.96950E-02	-6.61017E-02	-1.68798E-01	9.83432E-01	PRIM
1.88551E-02	1000010010	6.48992E+00	-7.78248E-04	4.86530E-04	-8.28171E-04	2.78248E-01	-4.86530E-01	8.28171E-01	1000010010	6.48992E+00	-6.02465E-03	9.66010E-03	-1.64434E-02	2.78248E-01	-4.86530E-01	8.28171E-01	PRIM
1.88503E-02	1000010010	1.99410E+01	-7.87860E-04	-7.15537E-04	-6.36509E-04	2.87860E-01	7.15537E-01	6.36509E-01	1000010010	1.99410E+01	-6.21411E-03	-1.42037E-02	-1.26349E-02	2.87860E-01	7.15537E-01	6.36509E-01	PRIM
1.92668E-02	1000010010	6.67196E+00	4.24193E-05	-6.44615E-05	-8.37631E-04	-5.42419E-01	6.44615E-02	8.37631E-01	1000010010	6.67196E+00	1.04931E-02	-1.30643E-03	-1.69761E-02	-5.42419E-01	6.44615E-02	8.37631E-01	PRIM
1.91781E-02	1000010010	1.17242E+01	-1.33079E-04	-3.52737E-04	-8.60782E-04	-3.66921E-01	3.52737E-01	8.60782E-01	1000010010	1.17242E+01	6.90375E-03	-7.11755E-03	-1.73689E-02	-3.66921E-01	3.52737E-01	8.60782E-01	PRIM
1.90179E-02	1000010010	1.51367E+01	-4.51755E-04	8.31718E-04	5.53098E-04	-4.82447E-02	-8.31718E-01	-5.53098E-01	1000010010	1.51367E+01	4.65756E-04	1.66492E-02	1.10718E-02	-4.82447E-02	-8.31718E-01	-5.53098E-01	PRIM
1.86089E-02	1000010010	5.81458E+00	-1.27744E-03	-6.14119E-04	-1.35079E-04	7.77517E-01	6.14180E-01	1.35093E-01	1000010010	5.81458E+00	-1.57462E-02	-1.20433E-02	-2.64901E-03	7.77517E-01	6.14180E-01	1.35093E-01	PRIM
1.87864E-02	1000010010	7.16790E+00	-9.16858E-04	7.29138E-04	-5.42760E-04	4.16858E-01	-7.29138E-01	5.42760E-01	1000010010	7.16790E+00	-8.74812E-03	1.44270E-02	-1.07393E-02	4.16858E-01	-7.29138E-01	5.42760E-01	PRIM
1.87779E-02	1000010010	1.80199E+01	-9.34238E-04	-8.52236E-04	-2.91430E-04	4.34281E-01	8.52321E-01	2.91459E-01	1000010010	1.80199E+01	-9.08912E-03	-1.68570E-02	-5.76441E-03	4.34281E-01	8.52321E-01	2.91459E-01	PRIM
1.92335E-02	1000010010	1.05668E+01	-2.33171E-05	-7.88270E-04	-3.89106E-04	-4.76683E-01	7.88270E-01	3.89106E-01	1000010010	1.05668E+01	9.14497E-03	-1.59495E-02	-7.87297E-03	-4.76683E-01	7.88270E-01	3.89106E-01	PRIM
1.91094E-02	1000010010	3.80148E+01	-2.69375E-04	-8.56386E-04	-4.61968E-04	-2.30625E-01	8.56386E-01	4.61968E-01	1000010010	3.80148E+01	4.13773E-03	-1.72214E-02	-9.28990E-03	-2.30625E-01	8.56386E-01	4.61968E-01	PRIM
1.88503E-02	1000010010	7.19451E+00	-7.87860E-04	-7.15537E-04	-6.36509E-04	2.87860E-01	7.15537E-01	6.36509E-01	1000010010	7.19451E+00	-6.21411E-03	-1.42037E-02	-1.26349E-02	2.87860E-01	7.15537E-01	6.36509E-01	PRIM
1.89978E-02	1000010010	2.39279E+01	-4.91889E-04	4.73761E-04	8.80616E-04	-8.11123E-03	-4.73761E-01	-8.80616E-01	1000010010	2.39279E+01	-3.37793E-04	9.47418E-03	1.76104E-02	-8.11123E-03	-4.73761E-01	-8.80616E-01	PRIM
1.88002E-02	1000010010	7.86130E+00	-8.89074E-04	-9.10837E-04	-1.37831E-04	3.89074E-01	9.10837E-01	1.37831E-01	1000010010	7.86130E+00	-8.20372E-03	-1.80347E-02	-2.72908E-03	3.89074E-01	9.10837E-01	1.37831E-01	PRIM
1.93101E-02	1000010010	2.18219E+02	1.27791E-04	-5.13990E-04	5.84545E-04	-6.27791E-01	5.13990E-01	-5.84545E-01	1000010010	2.18219E+02	1.22505E-02	-1.04392E-02	1.18722E-02	-6.27791E-01	5.13990E-01	-5.84545E-01	PRIM
1.89708E-02	1000010010	1.16137E+01	-5.45830E-04	-3.35863E-04	9.40795E-04	4.58298E-02	3.35863E-01	-9.40795E-01	1000010010	1.16137E+01	-1.41526E-03	-6.70747E-03	1.87885E-02	4.58298E-02	3.35863E-01	-9.40795E-01	PRIM
1.90325E-02	1000010010	6.85834E+00	-4.22658E-04	6.28714E-05	9.95020E-04	-7.73422E-02	-6.28714E-02	-9.95020E-01	1000010010	6.85834E+00	1.04935E-03	1.25947E-03	1.99327E-02	-7.73422E-02	-6.28714E-02	-9.95020E-01	PRIM
1.86025E-02	1000010010	2.26553E+01	-1.29034E-03	8.38674E-05	6.06743E-04	7.90414E-01	-8.38758E-02	-6.06803E-01	1000010010	2.26553E+01	-1.59941E-02	1.64417E-03	1.18948E-02	7.90414E-01	-8.38758E-02	-6.06803E-01	PRIM
1.85947E-02	1000010010	9.25498E+00	-1.30626E-03	-2.66623E-04	5.27876E-04	8.06343E-01	2.66649E-01	-5.27928E-01	1000010010	9.25498E+00	-1.63000E-02	-5.22490E-03	1.03446E-02	8.06343E-01	2.66649E-01	-5.27928E-01	PRIM
1.90619E-02	1000010010	5.56387E+00	-3.63922E-04	9.29108E-04	3.43863E-04	-1.36078E-01	-9.29108E-01	-3.43863E-01	1000010010	5.56387E+00	2.22998E-03	1.86397E-02	6.89854E-03	-1.36078E-01	-9.29108E-01	-3.43863E-01	PRIM
1.85338E-02	1000010010	8.50619E+00	-1.43067E-03	-7.62592E-05	3.57823E-04	9.30670E-01	7.62592E-02	-3.57823E-01	1000010010	8.50619E+00	-1.86796E-02	-1.48963E-03	6.98966E-03	9.30670E-01	7.62592E-02	-3.57823E-01	PRIM
1.89876E-02	1000010010	6.50395E+00	-5.12354E-04	7.64151E-04	-6.44919E-04	1.23540E-02	-7.64151E-01	6.44919E-01	1000010010	6.50395E+00	-7.46927E-04	1.52735E-02	-1.28904E-02	1.23540E-02	-7.64151E-01	6.44919E-01	PRIM
1.91396E-02	1000010010	8.35961E+00	-2.09314E-04	4.66547E-04	8.35366E-04	-2.90686E-01	-4.66547E-01	-8.35366E-01	1000010010	8.35961E+00	5.35430E-03	9.39608E-03	1.68239E-02	-2.90686E-01	-4.66547E-01	-8.35366E-01	PRIM
1.88002E-02	1000010010	6.76410E+00	-8.89074E-04	-9.10837E-04	-1.37831E-04	3.89074E-01	9.10837E-01	1.37831E-01	1000010010	6.76410E+00	-8.20372E-03	-1.80347E-02	-2.72908E-03	3.89074E-01	9.10837E-01	1.37831E-01	PRIM
1.87828E-02	1000010010	6.83750E+00	-9.24233E-04	-2.16552E-04	8.79279E-04	4.24233E-01	2.16552E-01	-8.79279E-01	1000010010	6.83750E+00	-8.89251E-03	-4.28399E-03	1.73946E-02	4.24233E-01	2.16552E-01	-8.79279E-01	PRIM
1.89654E-02	1000010010	2.24072E+01	-5.56784E-04	-1.46546E-04	9.87573E-04	5.67842E-02	1.46546E-01	-9.87573E-01	1000010010	2.24072E+01	-1.63372E-03	-2.92584E-03	1.97173E-02	5.67842E-02	1.46546E-01	-9.87573E-01	PRIM
1.90098E-02	1000010010	5.91128E+00	-4.67880E-04	-1.74875E-04	9.84067E-04	-3.21196E-02	1.74875E-01	-9.84067E-01	1000010010	5.91128E+00	1.42708E-04	-3.49922E-03	1.96910E-02	-3.21196E-02	1.74875E-01	-9.84067E-01	PRIM
1.93145E-02	1000010010	3.42416E+01	1.36535E-04	4.89157E-04	-5.96279E-04	-6.36535E-01	-4.89157E-01	5.96279E-01	1000010010	3.42416E+01	1.24309E-02	9.93700E-03	-1.21131E-02	-6.36535E-01	-4.89157E-01	5.96279E-01	PRIM
1.92797E-02	1000010010	5.38105E+00	6.79216E-05	1.46108E-04	8.10011E-04	-5.67922E-01	-1.46108E-01	-8.10011E-01	1000010010	5.38105E+00	1.10173E-02	2.96304E-03	1.64268E-02	-5.67922E-01	-1.46108E-01	-8.10011E-01	PRIM
1.87118E-02	1000010010	3.63890E+01	-1.06802E-03	-3.04972E-04	7.64422E-04	5.68024E-01	3.04972E-01	-7.64422E-01	1000010010	3.63890E+01	-1.16967E-02	-6.01154E-03	1.50681E-02	5.68024E-01	3.04972E-01	-7.64422E-01	PRIM
1.89736E-02	1000010010	5.44607E+00	-5.40272E-04	-2.99060E-04	-9.53384E-04	4.02718E-02	2.99060E-01	9.53384E-01	1000010010	5.44607E+00	-1.30437E-03	-5.97331E-03	-1.90425E-02	4.02718E-02	2.99060E-01	9.53384E-01	PRIM
1.87418E-02	1000010010	5.86335E+00	-1.00707E-03	-7.51639E-04	-4.21809E-04	5.07067E-01	7.51639E-01	4.21809E-01	1000010010	5.86335E+00	-1.05104E-02	-1.48387E-02	-8.32727E-03	5.07067E-01	7.51639E-01	4.21809E-01	PRIM
1.91244E-02	1000010010	5.92323E+00	-2.39459E-04	-9.37138E-04	2.32144E-04	-2.60541E-01	9.37138E-01	-2.32144E-01	1000010010	5.92323E+00	4.74325E-03	-1.88594E-02	4.67177E-03	-2.60541E-01	9.37138E-01	-2.32144E-01	PRIM
1.94219E-02	1000010010	8.96368E+00	3.47379E-04	5.16480E-04	1.23280E-04	-8.47379E-01	-5.16480E-01	-1.23280E-01	1000010010	8.96368E+00	1.68051E-02	1.05475E-02	2.51761E-03	-8.47379E-01	-5.16480E-01	-1.23280E-01	PRIM
1.88073E-02	1000010010	5.18435E+00	-8.74580E-04	8.35656E-04	4.01707E-04	3.74580E-01	-8.35656E-01	-4.01707E-01	1000010010	5.18435E+00	-7.91944E-03	1.65521E-02	7.95675E-03	3.74580E-01	-8.35656E-01	-4.01707E-01	PRIM
1.92646E-02	1000010010	1.90856E+01	3.80643E-05	-8.41368E-04	-5.08610E-05	-5.38064E-01	8.41368E-01	5.08610E-02	1000010010	1.90856E+01	1.04037E-02	-1.70500E-02	-1.03068E-03	-5.38064E-01	8.41368E-01	5.08610E-02	PRIM
1.92842E-02	1000010010	5.68191E+00	7.68127E-05	8.16823E-04	9.33826E-06	-5.76813E-01	-8.16823E-01	-9.33826E-03	1000010010	5.68191E+00	1.12002E-02	1.65686E-02	1.89419E-04	-5.76813E-01	-8.16823E-01	-9.33826E-03	PRIM
1.88064E-02	1000010010	6.43522E+00	-8.76484E-04	9.01968E-04	-2.11455E-04	3.76484E-01	-9.01968E-01	2.11455E-01	1000010010	6.43522E+00	-7.95680E-03	1.78647E-02	-4.18816E-03	3.76484E-01	-9.01968E-01	2.11455E-01	PRIM
1.85533E-02	1000010010	5.62421E+00	-1.39097E-03	4.37548E-04	1.20531E-04	8.91057E-01	-4.37592E-01	-1.20543E-01	1000010010	5.62421E+00	-1.79230E-02	8.55631E-03	2.35700E-03	8.91057E-01	-4.37592E-01	-1.20543E-01	PRIM
1.88914E-02	1000010010	2.40801E+01	-7.05378E-04	8.00103E-05	9.75304E-04	2.05399E-01	-8.00183E-02	-9.75402E-01	1000010010	2.40801E+01	-4.58565E-03	1.59167E-03	1.94020E-02	2.05399E-01	-8.00183E-02	-9.75402E-01	PRIM
1.90724E-02	1000010010	9.83367E+00	-3.43018E-04	3.21583E-04	9.33778E-04	-1.56982E-01	-3.21583E-01	-9.33778E-01	1000010010	9.83367E+00	2.65100E-03	6.45494E-03	1.87432E-02	-1.56982E-01	-3.21583E-01	-9.33778E-01	PRIM
1.88445E-02	1000010010	1.78028E+02	-7.99701E-04	-1.19272E-04	-9.46548E-04	2.99701E-01	1.19272E-01	9.46548E-01	1000010010	1.78028E+02	-6.44741E-03	-2.36689E-03	-1.87837E-02	2.99701E-01	1.19272E-01	9.46548E-01	PRIM
1.90162E-02	1000010010	7.65777E+00	-4.55222E-04	-6.28720E-04	-7.76341E-04	-4.47779E-02	6.28720E-01	7.76341E-01	1000010010	7.65777E+00	3.96282E-04	-1.25846E-02	-1.55394E-02	-4.47779E-02	6.28720E-01	7.76341E-01	PRIM
1.89633E-02	1000010010	9.24491E+00	-5.60947E-04	8.79231E-04	4.72481E-04	6.09475E-02	-8.79231E-01	-4.72481E-01	1000010010	9.24491E+00	-1.71671E-03	1.75524E-02	9.43227E-03	6.09475E-02	-8.79231E-01	-4.72481E-01	PRIM
1.92668E-02	1000010010	1.88845E+01	4.24193E-05	-6.44615E-05	-8.37631E-04	-5.42419E-01	6.44615E-02	8.37631E-01	1000010010	1.88845E+01	1.04931E-02	-1.30643E-03	-1.69761E-02	-5.42419E-01	6.44615E-02	8.37631E-01	PRIM
1.89488E-02	1000010010	5.39776E+00	-5.90006E-04	-7.17432E-04	6.90790E-04	9.00059E-02	7.17432E-01	-6.90790E-01	1000010010	5.39776E+00	-2.29551E-03	-1.43119E-02	1.37804E-02	9.00059E-02	7.17432E-01	-6.90790E-01	PRIM
1.94522E-02	1000010010	8.77226E+00	4.06706E-04	4.21187E-04	2.20470E-05	-9.06706E-01	-4.21187E-01	-2.20470E-02	1000010010	8.77226E+00	1.80442E-02	8.61423E-03	4.50912E-04	-9.06706E-01	-4.21187E-01	-2.20470E-02	PRIM
1.89826E-02	1000010010	7.12079E+00	-5.22264E-04	4.62010E-04	-8.86595E-04	2.22639E-02	-4.62010E-01	8.86595E-01	1000010010	7.12079E+00	-9.44891E-04	9.23216E-03	-1.77165E-02	2.22639E-02	-4.62010E-01	8.86595E-01	PRIM
1.93145E-02	1000010010	7.72409E+00	1.36535E-04	4.89157E-04	-5.96279E-04	-6.36535E-01	-4.89157E-01	5.96279E-01	1000010010	7.72409E+00	1.24309E-02	9.93700E-03	-1.21131E-02	-6.36535E-01	-4.89157E-01	5.96279E-01	PRIM
1.85369E-02	1000010010	5.64580E+00	-1.42431E-03	1.26935E-04	-3.59913E-04	9.24311E-01	-1.26935E-01	3.59913E-01	1000010010	5.64580E+00	-1.85582E-02	2.47991E-03	-7.03160E-03	9.24311E-01	-1.26935E-01	3.59913E-01	PRIM
1.86925E-02	1000010010	5.39784E+01	-1.10711E-03	-6.53577E-04	4.51951E-04	6.07106E-01	6.53577E-01	-4.51951E-01	1000010010	5.39784E+01	-1.24554E-02	-1.28706E-02	8.90004E-03	6.07106E-01	6.53577E-01	-4.51951E-01	PRIM
1.91396E-02	1000010010	3.51393E+01	-2.09314E-04	4.66547E-04	8.35366E-04	-2.90686E-01	-4.66547E-01	-8.35366E-01	1000010010	3.51393E+01	5.35430E-03	9.39608E-03	1.68239E-02	-2.90686E-01	-4.66547E-01	-8.35366E-01	PRIM
1.87828E-02	1000010010	9.39801E+00	-9.24233E-04	-2.16552E-04	8.79279E-04	4.24233E-01	2.16552E-01	-8.79279E-01	1000010010	9.39801E+00	-8.89251E-03	-4.28399E-03	1.73946E-02	4.24233E-01	2.16552E-01	-8.79279E-01	PRIM
1.90179E-02	1000010010	5.77268E+00	-4.51755E-04	8.31718E-04	5.53098E-04	-4.82447E-02	-8.31718E-01	-5.53098E-01	1000010010	5.77268E+00	4.65756E-04	1.66492E-02	1.10718E-02	-4.82447E-02	-8.31718E-01	-5.53098E-01	PRIM
1.92646E-02	1000010010	1.72283E+01	3.80643E-05	-8.41368E-04	-5.08610E-05	-5.38064E-01	8.41368E-01	5.08610E-02	1000010010	1.72283E+01	1.04037E-02	-1.70500E-02	-1.03068E-03	-5.38064E-01	8.41368E-01	5.08610E-02	PRIM
1.90415E-02	1000010010	7.38900E+00	-4.04565E-04	-6.47735E-04	-7.55864E-04	-9.54352E-02	6.47735E-01	7.55864E-01	1000010010	7.38900E+00	1.41267E-03	-1.29816E-02	-1.51487E-02	-9.54352E-02	6.47735E-01	7.55864E-01	PRIM
1.88303E-02	1000010010	6.76390E+00	-8.28190E-04	3.57377E-04	8.74398E-04	3.28190E-01	-3.57377E-01	-8.74398E-01	1000010010	6.76390E+00	-7.00812E-03	7.08690E-03	1.73396E-02	3.28190E-01	-3.57377E-01	-8.74398E-01	PRIM
1.92130E-02	1000010010	2.13980E+01	-6.38875E-05	-6.84478E-04	-5.84206E-04	-4.36113E-01	6.84478E-01	5.84206E-01	1000010010	2.13980E+01	8.31514E-03	-1.38353E-02	-1.18085E-02	-4.36113E-01	6.84478E-01	5.84206E-01	PRIM
1.90264E-02	1000010010	8.98091E+00	-4.34846E-04	9.90417E-04	-1.21771E-04	-6.51544E-02	-9.90417E-01	1.21771E-01	1000010010	8.98091E+00	8.04805E-04	1.98344E-02	-2.43864E-03	-6.51544E-02	-9.90417E-01	1.21771E-01	PRIM
1.88914E-02	1000010010	5.76898E+00	-7.05378E-04	8.00103E-05	9.75304E-04	2.05399E-01	-8.00183E-02	-9.75402E-01	1000010010	5.76898E+00	-4.58565E-03	1.59167E-03	1.94020E-02	2.05399E-01	-8.00183E-02	-9.75402E-01	PRIM
1.90856E-02	1000010010	1.94853E+01	-3.16753E-04	3.05473E-04	9.34402E-04	-1.83247E-01	-3.05473E-01	-9.34402E-01	1000010010	1.94853E+01	3.18063E-03	6.13561E-03	1.87680E-02	-1.83247E-01	-3.05473E-01	-9.34402E-01	PRIM
1.89464E-02	1000010010	5.70315E+00	-5.94846E-04	8.63375E-04	4.95569E-04	9.48463E-02	-8.63375E-01	-4.95569E-01	1000010010	5.70315E+00	-2.39184E-03	1.72212E-02	9.88481E-03	9.48463E-02	-8.63375E-01	-4.95569E-01	PRIM
1.87836E-02	1000010010	1.77269E+01	-9.22770E-04	-7.52217E-04	5.05208E-04	4.22813E-01	7.52292E-01	-5.05258E-01	1000010010	1.77269E+01	-8.86470E-03	-1.48829E-02	9.99575E-03	4.22813E-01	7.52292E-01	-5.05258E-01	PRIM
1.92171E-02	1000010010	6.93801E+00	-5.57766E-05	-4.01688E-04	-8.00820E-04	-4.44223E-01	4.01688E-01	8.00820E-01	1000010010	6.93801E+00	8.48091E-03	-8.12096E-03	-1.61903E-02	-4.44223E-01	4.01688E-01	8.00820E-01	PRIM
1.86823E-02	1000010010	1.59157E+01	-1.12774E-03	-3.11457E-04	7.13402E-04	6.27735E-01	3.11457E-01	-7.13402E-01	1000010010	1.59157E+01	-1.28553E-02	-6.13020E-03	1.40414E-02	6.27735E-01	3.11457E-01	-7.13402E-01	PRIM
1.93604E-02	1000010010	7.52847E+00	2.26720E-04	6.45978E-04	-2.33644E-04	-7.26720E-01	-6.45978E-01	2.33644E-01	1000010010	7.52847E+00	1.42963E-02	1.31524E-02	-4.75709E-03	-7.26720E-01	-6.45978E-01	2.33644E-01	PRIM
1.89985E-02	1000010010	2.22167E+01	-4.90507E-04	-7.76593E-05	9.96935E-04	-9.49257E-03	7.76593E-02	-9.96935E-01	1000010010	2.22167E+01	-3.10163E-04	-1.55307E-03	1.99372E-02	-9.49257E-03	7.76593E-02	-9.96935E-01	PRIM
1.87779E-02	1000010010	1.14132E+01	-9.34238E-04	-8.52236E-04	-2.91430E-04	4.34281E-01	8.52321E-01	2.91459E-01	1000010010	1.14132E+01	-9.08912E-03	-1.68570E-02	-5.76441E-03	4.34281E-01	8.52321E-01	2.91459E-01	PRIM
1.92890E-02	1000010010	1.83790E+01	8.61728E-05	-5.18653E-04	-6.22415E-04	-5.86173E-01	5.18653E-01	6.22415E-01	1000010010	1.83790E+01	1.13929E-02	-1.05229E-02	-1.26282E-02	-5.86173E-01	5.18653E-01	6.22415E-01	PRIM
1.89083E-02	1000010010	8.23870E+00	-6.71266E-04	-7.45325E-04	-6.44328E-04	1.71266E-01	7.45325E-01	6.44328E-01	1000010010	8.23870E+00	-3.90961E-03	-1.48382E-02	-1.28275E-02	1.71266E-01	7.45325E-01	6.44328E-01	PRIM
1.92171E-02	1000010010	5.77281E+00	-5.57766E-05	-4.01688E-04	-8.00820E-04	-4.44223E-01	4.01688E-01	8.00820E-01	1000010010	5.77281E+00	8.48091E-03	-8.12096E-03	-1.61903E-02	-4.44223E-01	4.01688E-01	8.00820E-01	PRIM
1.94963E-02	1000010010	2.87158E+01	4.92785E-04	1.14815E-04	3.45666E-05	-9.92785E-01	-1.14815E-01	-3.45666E-02	1000010010	2.87158E+01	1.98484E-02	2.35328E-03	7.08487E-04	-9.92785E-01	-1.14815E-01	-3.45666E-02	PRIM
1.87446E-02	1000010010	5.49234E+00	-1.00140E-03	-7.55683E-04	4.21358E-04	5.01399E-01	7.55683E-01	-4.21358E-01	1000010010	5.49234E+00	-1.03999E-02	-1.49207E-02	8.31955E-03	5.01399E-01	7.55683E-01	-4.21358E-01	PRIM
1.94196E-02	1000010010	1.32614E+01	3.42730E-04	-3.50955E-04	-4.08212E-04	-8.42730E-01	3.50955E-01	4.08212E-01	1000010010	1.32614E+01	1.67082E-02	-7.16635E-03	-8.33550E-03	-8.42730E-01	3.50955E-01	4.08212E-01	PRIM
1.85414E-02	1000010010	1.32971E+01	-1.41521E-03	3.96056E-04	7.44237E-05	9.15205E-01	-3.96056E-01	-7.44237E-02	1000010010	1.32971E+01	-1.83844E-02	7.73948E-03	1.45434E-03	9.15205E-01	-3.96056E-01	-7.44237E-02	PRIM
1.90445E-02	1000010010	9.23815E+00	-3.98691E-04	-9.40475E-04	-3.24412E-04	-1.01309E-01	9.40475E-01	3.24412E-01	1000010010	9.23815E+00	1.53069E-03	-1.88513E-02	-6.50266E-03	-1.01309E-01	9.40475E-01	3.24412E-01	PRIM
1.91172E-02	1000010010	1.33556E+01	-2.53949E-04	-5.24994E-04	8.14764E-04	-2.46051E-01	5.24994E-01	-8.14764E-01	1000010010	1.33556E+01	4.44985E-03	-1.05614E-02	1.63907E-02	-2.46051E-01	5.24994E-01	-8.14764E-01	PRIM
1.90228E-02	1000010010	9.03268E+00	-4.41994E-04	-6.98816E-04	7.12945E-04	-5.80057E-02	6.98816E-01	-7.12945E-01	1000010010	9.03268E+00	6.61435E-04	-1.39922E-02	1.42751E-02	-5.80057E-02	6.98816E-01	-7.12945E-01	PRIM
1.89978E-02	1000010010	1.97963E+01	-4.91889E-04	4.73761E-04	8.80616E-04	-8.11123E-03	-4.73761E-01	-8.80616E-01	1000010010	1.97963E+01	-3.37793E-04	9.47418E-03	1.76104E-02	-8.11123E-03	-4.73761E-01	-8.80616E-01	PRIM
1.92335E-02	1000010010	8.67205E+00	-2.33171E-05	-7.88270E-04	-3.89106E-04	-4.76683E-01	7.88270E-01	3.89106E-01	1000010010	8.67205E+00	9.14497E-03	-1.59495E-02	-7.87297E-03	-4.76683E-01	7.88270E-01	3.89106E-01	PRIM
1.85164E-02	1000010010	1.08792E+01	-1.46640E-03	6.71134E-06	2.56953E-04	9.66401E-01	-6.71134E-03	-2.56953E-01	1000010010	1.08792E+01	-1.93606E-02	1.30981E-04	5.01480E-03	9.66401E-01	-6.71134E-03	-2.56953E-01	PRIM
1.90999E-02	1000010010	1.16756E+01	-2.88247E-04	-9.69225E-04	1.25550E-04	-2.11753E-01	9.69225E-01	-1.25550E-01	1000010010	1.16756E+01	3.75622E-03	-1.94813E-02	2.52354E-03	-2.11753E-01	9.69225E-01	-1.25550E-01	PRIM
1.85402E-02	1000010010	2.05232E+01	-1.41768E-03	3.85901E-04	9.45842E-05	9.17679E-01	-3.85901E-01	-9.45842E-02	1000010010	2.05232E+01	-1.84316E-02	7.54057E-03	1.84819E-03	9.17679E-01	-3.85901E-01	-9.45842E-02	PRIM
1.88413E-02	1000010010	1.58262E+01	-8.06062E-04	4.83698E-04	-8.19977E-04	3.06062E-01	-4.83698E-01	8.19977E-01	1000010010	1.58262E+01	-6.57267E-03	9.59720E-03	-1.62694E-02	3.06062E-01	-4.83698E-01	8.19977E-01	PRIM
1.87864E-02	1000010010	8.02666E+00	-9.16858E-04	7.29138E-04	-5.42760E-04	4.16858E-01	-7.29138E-01	5.42760E-01	1000010010	8.02666E+00	-8.74812E-03	1.44270E-02	-1.07393E-02	4.16858E-01	-7.29138E-01	5.42760E-01	PRIM
1.91392E-02	1000010010	2.53112E+01	-2.10110E-04	9.55609E-04	5.26864E-05	-2.89890E-01	-9.55609E-01	-5.26864E-02	1000010010	2.53112E+01	5.33815E-03	1.92452E-02	1.06106E-03	-2.89890E-01	-9.55609E-01	-5.26864E-02	PRIM
1.90164E-02	1000010010	6.19208E+00	-4.54659E-04	5.60725E-04	-8.26760E-04	-4.53408E-02	-5.60725E-01	8.26760E-01	1000010010	6.19208E+00	4.07560E-04	1.12237E-02	-1.65488E-02	-4.53408E-02	-5.60725E-01	8.26760E-01	PRIM
1.89705E-02	1000010010	3.75045E+01	-5.46465E-04	5.12454E-06	9.98907E-04	4.64651E-02	-5.12454E-03	-9.98907E-01	1000010010	3.75045E+01	-1.42793E-03	1.02340E-04	1.99487E-02	4.64651E-02	-5.12454E-03	-9.98907E-01	PRIM
1.91898E-02	1000010010	2.07726E+01	-1.09787E-04	9.84600E-05	9.15445E-04	-3.90213E-01	-9.84600E-02	-9.15445E-01	1000010010	2.07726E+01	7.37833E-03	1.98789E-03	1.84827E-02	-3.90213E-01	-9.84600E-02	-9.15445E-01	PRIM
1.87446E-02	1000010010	7.32955E+00	-1.00140E-03	-7.55683E-04	4.21358E-04	5.01399E-01	7.55683E-01	-4.21358E-01	1000010010	7.32955E+00	-1.03999E-02	-1.49207E-02	8.31955E-03	5.01399E-01	7.55683E-01	-4.21358E-01	PRIM
1.90179E-02	1000010010	7.00047E+00	-4.51755E-04	8.31718E-04	5.53098E-04	-4.82447E-02	-8.31718E-01	-5.53098E-01	1000010010	7.00047E+00	4.65756E-04	1.66492E-02	1.10718E-02	-4.82447E-02	-8.31718E-01	-5.53098E-01	PRIM
1.88713E-02	1000010010	5.52835E+00	-7.45656E-04	5.04025E-04	8.28017E-04	2.45656E-01	-5.04025E-01	-8.28017E-01	1000010010	5.52835E+00	-5.38150E-03	1.00156E-02	1.64538E-02	2.45656E-01	-5.04025E-01	-8.28017E-01	PRIM
1.90910E-02	1000010010	6.60495E+00	-3.06012E-04	3.23838E-04	9.26012E-04	-1.93988E-01	-3.23838E-01	-9.26012E-01	1000010010	6.60495E+00	3.39740E-03	6.50623E-03	1.86045E-02	-1.93988E-01	-3.23838E-01	-9.26012E-01	PRIM
1.90363E-02	1000010010	5.63659E+00	-4.15072E-04	1.87239E-05	9.96211E-04	-8.49279E-02	-1.87239E-02	-9.96211E-01	1000010010	5.63659E+00	1.20164E-03	3.75158E-04	1.99603E-02	-8.49279E-02	-1.87239E-02	-9.96211E-01	PRIM
1.93704E-02	1000010010	6.68359E+00	2.46393E-04	6.55683E-04	1.13917E-04	-7.46393E-01	-6.55683E-01	-1.13917E-01	1000010010	6.68359E+00	1.47043E-02	1.33566E-02	2.32053E-03	-7.46393E-01	-6.55683E-01	-1.13917E-01	PRIM
1.89876E-02	1000010010	5.07736E+00	-5.12354E-04	7.64151E-04	-6.44919E-04	1.23540E-02	-7.64151E-01	6.44919E-01	1000010010	5.07736E+00	-7.46927E-04	1.52735E-02	-1.28904E-02	1.23540E-02	-7.64151E-01	6.44919E-01	PRIM
1.86720E-02	1000010010	8.16971E+00	-1.14877E-03	6.44697E-04	4.04305E-04	6.48770E-01	-6.44697E-01	-4.04305E-01	1000010010	8.16971E+00	-1.32626E-02	1.26825E-02	7.95348E-03	6.48770E-01	-6.44697E-01	-4.04305E-01	PRIM
1.90098E-02	1000010010	6.77877E+00	-4.67880E-04	-1.74875E-04	9.84067E-04	-3.21196E-02	1.74875E-01	-9.84067E-01	1000010010	6.77877E+00	1.42708E-04	-3.49922E-03	1.96910E-02	-3.21196E-02	1.74875E-01	-9.84067E-01	PRIM
1.93604E-02	1000010010	5.35987E+01	2.26720E-04	6.45978E-04	-2.33644E-04	-7.26720E-01	-6.45978E-01	2.33644E-01	1000010010	5.35987E+01	1.42963E-02	1.31524E-02	-4.75709E-03	-7.26720E-01	-6.45978E-01	2.33644E-01	PRIM
1.87828E-02	1000010010	7.97701E+00	-9.24233E-04	-2.16552E-04	8.79279E-04	4.24233E-01	2.16552E-01	-8.79279E-01	1000010010	7.97701E+00	-8.89251E-03	-4.28399E-03	1.73946E-02	4.24233E-01	2.16552E-01	-8.79279E-01	PRIM
1.89876E-02	1000010010	7.40925E+01	-5.12354E-04	7.64151E-04	-6.44919E-04	1.23540E-02	-7.64151E-01	6.44919E-01	1000010010	7.40925E+01	-7.46927E-04	1.52735E-02	-1.28904E-02	1.23540E-02	-7.64151E-01	6.44919E-01	PRIM
1.88457E-02	1000010010	2.13824E+01	-7.97351E-04	2.73387E-04	9.14681E-04	2.97381E-01	-2.73414E-01	-9.14773E-01	1000010010	2.13824E+01	-6.40171E-03	5.42607E-03	1.81542E-02	2.97381E-01	-2.73414E-01	-9.14773E-01	PRIM
1.93308E-02	1000010010	7.29547E+01	1.68490E-04	-7.19484E-04	1.88319E-04	-6.68490E-01	7.19484E-01	-1.88319E-01	1000010010	7.29547E+01	1.30909E-02	-1.46277E-02	3.82868E-03	-6.68490E-01	7.19484E-01	-1.88319E-01	PRIM
1.88067E-02	1000010010	3.15230E+01	-8.75859E-04	6.03007E-04	-7.03642E-04	3.75859E-01	-6.03007E-01	7.03642E-01	1000010010	3.15230E+01	-7.94452E-03	1.19436E-02	-1.39368E-02	3.75859E-01	-6.03007E-01	7.03642E-01	PRIM
1.86551E-02	1000010010	5.69909E+00	-1.18331E-03	7.02965E-04	-1.96777E-04	6.83383E-01	-7.03036E-01	1.96797E-01	1000010010	5.69909E+00	-1.39319E-02	1.38181E-02	-3.86804E-03	6.83383E-01	-7.03036E-01	1.96797E-01	PRIM
1.90098E-02	1000010010	9.35142E+00	-4.67880E-04	-1.74875E-04	9.84067E-04	-3.21196E-02	1.74875E-01	-9.84067E-01	1000010010	9.35142E+00	1.42708E-04	-3.49922E-03	1.96910E-02	-3.21196E-02	1.74875E-01	-9.84067E-01	PRIM
1.90644E-02	1000010010	5.38651E+00	-3.58860E-04	-2.03966E-04	9.68751E-04	-1.41140E-01	2.03966E-01	-9.68751E-01	1000010010	5.38651E+00	2.33189E-03	-4.09246E-03	1.94374E-02	-1.41140E-01	2.03966E-01	-9.68751E-01	PRIM
1.88445E-02	1000010010	7.98407E+00	-7.99701E-04	-1.19272E-04	-9.46548E-04	2.99701E-01	1.19272E-01	9.46548E-01	1000010010	7.98407E+00	-6.44741E-03	-2.36689E-03	-1.87837E-02	2.99701E-01	1.19272E-01	9.46548E-01	PRIM
1.90521E-02	1000010010	9.91475E+00	-3.83436E-04	9.08516E-05	-9.89019E-04	-1.16564E-01	-9.08516E-02	9.89019E-01	1000010010	9.91475E+00	1.83736E-03	1.82177E-03	-1.98319E-02	-1.16564E-01	-9.08516E-02	9.89019E-01	PRIM
1.85674E-02	1000010010	9.64175E+00	-1.36209E-03	-1.69667E-04	4.77295E-04	8.62178E-01	1.69684E-01	-4.77343E-01	1000010010	9.64175E+00	-1.73705E-02	-3.32025E-03	9.34032E-03	8.62178E-01	1.69684E-01	-4.77343E-01	PRIM
1.89978E-02	1000010010	2.04888E+01	-4.91889E-04	4.73761E-04	8.80616E-04	-8.11123E-03	-4.73761E-01	-8.80616E-01	1000010010	2.04888E+01	-3.37793E-04	9.47418E-03	1.76104E-02	-8.11123E-03	-4.73761E-01	-8.80616E-01	PRIM
1.88716E-02	1000010010	5.90020E+00	-7.45008E-04	-2.45626E-04	-9.37891E-04	2.45008E-01	2.45626E-01	9.37891E-01	1000010010	5.90020E+00	-5.36871E-03	-4.88099E-03	-1.86374E-02	2.45008E-01	2.45626E-01	9.37891E-01	PRIM
1.90445E-02	1000010010	5.83382E+01	-3.98691E-04	-9.40475E-04	-3.24412E-04	-1.01309E-01	9.40475E-01	3.24412E-01	1000010010	5.83382E+01	1.53069E-03	-1.88513E-02	-6.50266E-03	-1.01309E-01	9.40475E-01	3.24412E-01	PRIM
1.90080E-02	1000010010	5.04379E+00	-4.71426E-04	-1.68217E-05	9.99450E-04	-2.85741E-02	1.68217E-02	-9.99450E-01	1000010010	5.04379E+00	7.17128E-05	-3.36570E-04	1.99970E-02	-2.85741E-02	1.68217E-02	-9.99450E-01	PRIM
1.91080E-02	1000010010	5.74019E+00	-2.72060E-04	3.42148E-04	9.11580E-04	-2.27940E-01	-3.42148E-01	-9.11580E-01	1000010010	5.74019E+00	4.08343E-03	6.87992E-03	1.83301E-02	-2.27940E-01	-3.42148E-01	-9.11580E-01	PRIM
1.93879E-02	1000010010	7.90118E+00	2.80602E-04	3.77514E-04	4.98141E-04	-7.80602E-01	-3.77514E-01	-4.98141E-01	1000010010	7.90118E+00	1.54148E-02	7.69670E-03	1.01560E-02	-7.80602E-01	-3.77514E-01	-4.98141E-01	PRIM
1.89488E-02	1000010010	9.01136E+00	-5.90006E-04	-7.17432E-04	6.90790E-04	9.00059E-02	7.17432E-01	-6.90790E-01	1000010010	9.01136E+00	-2.29551E-03	-1.43119E-02	1.37804E-02	9.00059E-02	7.17432E-01	-6.90790E-01	PRIM
1.86089E-02	1000010010	6.38185E+00	-1.27744E-03	-6.14119E-04	-1.35079E-04	7.77517E-01	6.14180E-01	1.35093E-01	1000010010	6.38185E+00	-1.57462E-02	-1.20433E-02	-2.64901E-03	7.77517E-01	6.14180E-01	1.35093E-01	PRIM
1.91094E-02	1000010010	1.27432E+01	-2.69375E-04	-8.56386E-04	-4.61968E-04	-2.30625E-01	8.56386E-01	4.61968E-01	1000010010	1.27432E+01	4.13773E-03	-1.72214E-02	-9.28990E-03	-2.30625E-01	8.56386E-01	4.61968E-01	PRIM
1.94285E-02	1000010010	1.34774E+01	3.60058E-04	-4.92522E-04	1.32368E-04	-8.60144E-01	4.92571E-01	-1.32381E-01	1000010010	1.34774E+01	1.70714E-02	-1.00625E-02	2.70434E-03	-8.60144E-01	4.92571E-01	-1.32381E-01	PRIM
1.90654E-02	1000010010	5.40604E+00	-3.56987E-04	-1.07862E-04	-9.83826E-04	-1.43013E-01	1.07862E-01	9.83826E-01	1000010010	5.40604E+00	2.36961E-03	-2.16430E-03	-1.97408E-02	-1.43013E-01	1.07862E-01	9.83826E-01	PRIM
1.85533E-02	1000010010	8.40979E+00	-1.39097E-03	4.37548E-04	1.20531E-04	8.91057E-01	-4.37592E-01	-1.20543E-01	1000010010	8.40979E+00	-1.79230E-02	8.55631E-03	2.35700E-03	8.91057E-01	-4.37592E-01	-1.20543E-01	PRIM
1.85821E-02	1000010010	7.42270E+00	-1.33214E-03	-3.32738E-06	5.54379E-04	8.32221E-01	3.32772E-03	-5.54434E-01	1000010010	7.42270E+00	-1.67965E-02	-6.51633E-05	1.08569E-02	8.32221E-01	3.32772E-03	-5.54434E-01	PRIM
1.88997E-02	1000010010	6.24206E+00	-6.88486E-04	3.48441E-04	-9.18184E-04	1.88486E-01	-3.48441E-01	9.18184E-01	1000010010	6.24206E+00	-4.25081E-03	6.93388E-03	-1.82716E-02	1.88486E-01	-3.48441E-01	9.18184E-01	PRIM
1.89488E-02	1000010010	5.90077E+00	-5.90006E-04	-7.17432E-04	6.90790E-04	9.00059E-02	7.17432E-01	-6.90790E-01	1000010010	5.90077E+00	-2.29551E-03	-1.43119E-02	1.37804E-02	9.00059E-02	7.17432E-01	-6.90790E-01	PRIM
1.91094E-02	1000010010	1.08840E+01	-2.69375E-04	-8.56386E-04	-4.61968E-04	-2.30625E-01	8.56386E-01	4.61968E-01	1000010010	1.08840E+01	4.13773E-03	-1.72214E-02	-9.28990E-03	-2.30625E-01	8.56386E-01	4.61968E-01	PRIM
1.94285E-02	1000010010	2.18261E+01	3.60058E-04	-4.92522E-04	1.32368E-04	-8.60144E-01	4.92571E-01	-1.32381E-01	1000010010	2.18261E+01	1.70714E-02	-1.00625E-02	2.70434E-03	-8.60144E-01	4.92571E-01	-1.32381E-01	PRIM
1.92355E-02	1000010010	5.59408E+01	-1.94391E-05	5.01609E-04	7.19340E-04	-4.80561E-01	-5.01609E-01	-7.19340E-01	1000010010	5.59408E+01	9.22438E-03	1.01503E-02	1.45562E-02	-4.80561E-01	-5.01609E-01	-7.19340E-01	PRIM
1.85342E-02	1000010010	2.34892E+01	-1.42991E-03	-2.71902E-04	2.47655E-04	9.29912E-01	2.71902E-01	-2.47655E-01	1000010010	2.34892E+01	-1.86651E-02	-5.31140E-03	4.83774E-03	9.29912E-01	2.71902E-01	-2.47655E-01	PRIM
1.85164E-02	1000010010	1.14925E+01	-1.46640E-03	6.71134E-06	2.56953E-04	9.66401E-01	-6.71134E-03	-2.56953E-01	1000010010	1.14925E+01	-1.93606E-02	1.30981E-04	5.01480E-03	9.66401E-01	-6.71134E-03	-2.56953E-01	PRIM
1.91733E-02	1000010010	8.28597E+00	-1.42553E-04	6.29463E-04	6.89933E-04	-3.57447E-01	-6.29463E-01	-6.89933E-01	1000010010	8.28597E+00	6.71088E-03	1.26983E-02	1.39182E-02	-3.57447E-01	-6.29463E-01	-6.89933E-01	PRIM
1.90517E-02	1000010010	1.15550E+01	-3.84334E-04	-2.05130E-04	9.71876E-04	-1.15666E-01	2.05130E-01	-9.71876E-01	1000010010	1.15550E+01	1.81930E-03	-4.11321E-03	1.94877E-02	-1.15666E-01	2.05130E-01	-9.71876E-01	PRIM
1.88713E-02	1000010010	5.27744E+00	-7.45656E-04	5.04025E-04	8.28017E-04	2.45656E-01	-5.04025E-01	-8.28017E-01	1000010010	5.27744E+00	-5.38150E-03	1.00156E-02	1.64538E-02	2.45656E-01	-5.04025E-01	-8.28017E-01	PRIM
1.92335E-02	1000010010	5.16250E+00	-2.33171E-05	-7.88270E-04	-3.89106E-04	-4.76683E-01	7.88270E-01	3.89106E-01	1000010010	5.16250E+00	9.14497E-03	-1.59495E-02	-7.87297E-03	-4.76683E-01	7.88270E-01	3.89106E-01	PRIM
1.88798E-02	1000010010	8.42488E+00	-7.28637E-04	6.84709E-04	6.92025E-04	2.28637E-01	-6.84709E-01	-6.92025E-01	1000010010	8.42488E+00	-5.04525E-03	1.36118E-02	1.37573E-02	2.28637E-01	-6.84709E-01	-6.92025E-01	PRIM
1.90183E-02	1000010010	1.18888E+01	-4.50915E-04	-8.08779E-04	-5.86061E-04	-4.90854E-02	8.08779E-01	5.86061E-01	1000010010	1.18888E+01	4.82606E-04	-1.61904E-02	-1.17319E-02	-4.90854E-02	8.08779E-01	5.86061E-01	PRIM
1.90386E-02	1000010010	1.97036E+01	-4.10448E-04	-8.67143E-05	9.92200E-04	-8.95515E-02	8.67143E-02	-9.92200E-01	1000010010	1.97036E+01	1.29449E-03	-1.73763E-03	1.98823E-02	-8.95515E-02	8.67143E-02	-9.92200E-01	PRIM
1.91172E-02	1000010010	6.58329E+00	-2.53949E-04	-5.24994E-04	8.14764E-04	-2.46051E-01	5.24994E-01	-8.14764E-01	1000010010	6.58329E+00	4.44985E-03	-1.05614E-02	1.63907E-02	-2.46051E-01	5.24994E-01	-8.14764E-01	PRIM
1.92208E-02	1000010010	5.58354E+00	-4.86270E-05	8.05885E-04	-3.82899E-04	-4.51418E-01	-8.05966E-01	3.82937E-01	1000010010	5.58354E+00	8.62801E-03	1.62972E-02	-7.74327E-03	-4.51418E-01	-8.05966E-01	3.82937E-01	PRIM
1.88997E-02	1000010010	9.33700E+00	-6.88486E-04	3.48441E-04	-9.18184E-04	1.88486E-01	-3.48441E-01	9.18184E-01	1000010010	9.33700E+00	-4.25081E-03	6.93388E-03	-1.82716E-02	1.88486E-01	-3.48441E-01	9.18184E-01	PRIM
1.90956E-02	1000010010	8.93964E+00	-2.96755E-04	-7.59869E-04	-6.17488E-04	-2.03245E-01	7.59869E-01	6.17488E-01	1000010010	8.93964E+00	3.58433E-03	-1.52700E-02	-1.24088E-02	-2.03245E-01	7.59869E-01	6.17488E-01	PRIM
1.89203E-02	1000010010	5.49139E+01	-6.47173E-04	1.24167E-04	9.81286E-04	1.47173E-01	-1.24167E-01	-9.81286E-01	1000010010	5.49139E+01	-3.43174E-03	2.47345E-03	1.95475E-02	1.47173E-01	-1.24167E-01	-9.81286E-01	PRIM
1.88713E-02	1000010010	2.10091E+01	-7.45656E-04	5.04025E-04	8.28017E-04	2.45656E-01	-5.04025E-01	-8.28017E-01	1000010010	2.10091E+01	-5.38150E-03	1.00156E-02	1.64538E-02	2.45656E-01	-5.04025E-01	-8.28017E-01	PRIM
1.87012E-02	1000010010	5.74876E+00	-1.08949E-03	-7.93129E-04	1.53124E-04	5.89491E-01	7.93129E-01	-1.53124E-01	1000010010	5.74876E+00	-1.21137E-02	-1.56256E-02	3.01672E-03	5.89491E-01	7.93129E-01	-1.53124E-01	PRIM
1.89826E-02	1000010010	8.30310E+00	-5.22264E-04	4.62010E-04	-8.86595E-04	2.22639E-02	-4.62010E-01	8.86595E-01	1000010010	8.30310E+00	-9.44891E-04	9.23216E-03	-1.77165E-02	2.22639E-02	-4.62010E-01	8.86595E-01	PRIM
1.88503E-02	1000010010	5.51419E+00	-7.87860E-04	-7.15537E-04	-6.36509E-04	2.87860E-01	7.15537E-01	6.36509E-01	1000010010	5.51419E+00	-6.21411E-03	-1.42037E-02	-1.26349E-02	2.87860E-01	7.15537E-01	6.36509E-01	PRIM
1.89705E-02	1000010010	1.38469E+01	-5.46465E-04	5.12454E-06	9.98907E-04	4.64651E-02	-5.12454E-03	-9.98907E-01	1000010010	1.38469E+01	-1.42793E-03	1.02340E-04	1.99487E-02	4.64651E-02	-5.12454E-03	-9.98907E-01	PRIM
1.85286E-02	1000010010	5.67499E+00	-1.44144E-03	-2.82492E-04	1.84086E-04	9.41441E-01	2.82492E-01	-1.84086E-01	1000010010	5.67499E+00	-1.88850E-02	-5.51666E-03	3.59493E-03	9.41441E-01	2.82492E-01	-1.84086E-01	PRIM
1.89491E-02	1000010010	1.22005E+01	-5.89649E-04	-2.15962E-05	9.95639E-04	8.96583E-02	2.15983E-02	-9.95738E-01	1000010010	1.22005E+01	-2.28859E-03	-4.30865E-04	1.98640E-02	8.96583E-02	2.15983E-02	-9.95738E-01	PRIM
1.89633E-02	1000010010	1.24532E+01	-5.60947E-04	8.79231E-04	4.72481E-04	6.09475E-02	-8.79231E-01	-4.72481E-01	1000010010	1.24532E+01	-1.71671E-03	1.75524E-02	9.43227E-03	6.09475E-02	-8.79231E-01	-4.72481E-01	PRIM
1.93604E-02	1000010010	7.28334E+00	2.26720E-04	6.45978E-04	-2.33644E-04	-7.26720E-01	-6.45978E-01	2.33644E-01	1000010010	7.28334E+00	1.42963E-02	1.31524E-02	-4.75709E-03	-7.26720E-01	-6.45978E-01	2.33644E-01	PRIM
1.90445E-02	1000010010	6.63087E+00	-3.98691E-04	-9.40475E-04	-3.24412E-04	-1.01309E-01	9.40475E-01	3.24412E-01	1000010010	6.63087E+00	1.53069E-03	-1.88513E-02	-6.50266E-03	-1.01309E-01	9.40475E-01	3.24412E-01	PRIM
1.89985E-02	1000010010	5.15934E+01	-4.90507E-04	-7.76593E-05	9.96935E-04	-9.49257E-03	7.76593E-02	-9.96935E-01	1000010010	5.15934E+01	-3.10163E-04	-1.55307E-03	1.99372E-02	-9.49257E-03	7.76593E-02	-9.96935E-01	PRIM
1.94342E-02	1000010010	8.26840E+00	3.71095E-04	-1.21656E-04	-4.75598E-04	-8.71182E-01	1.21668E-01	4.75646E-01	1000010010	8.26840E+00	1.73018E-02	-2.48618E-03	-9.71939E-03	-8.71182E-01	1.21668E-01	4.75646E-01	PRIM
1.90602E-02	1000010010	8.80917E+00	-3.67308E-04	3.30306E-04	-9.34500E-04	-1.32692E-01	-3.30306E-01	9.34500E-01	1000010010	8.80917E+00	2.16182E-03	6.62601E-03	-1.87463E-02	-1.32692E-01	-3.30306E-01	9.34500E-01	PRIM
1.90162E-02	1000010010	2.03317E+01	-4.55222E-04	-6.28720E-04	-7.76341E-04	-4.47779E-02	6.28720E-01	7.76341E-01	1000010010	2.03317E+01	3.96282E-04	-1.25846E-02	-1.55394E-02	-4.47779E-02	6.28720E-01	7.76341E-01	PRIM
1.90054E-02	1000010010	6.22355E+00	-4.76743E-04	-2.73485E-05	9.99355E-04	-2.32566E-02	2.73485E-02	-9.99355E-01	1000010010	6.22355E+00	-3.47428E-05	-5.47116E-04	1.99925E-02	-2.32566E-02	2.73485E-02	-9.99355E-01	PRIM
1.90502E-02	1000010010	1.09076E+01	-3.87264E-04	-6.12229E-05	9.91737E-04	-1.12736E-01	6.12229E-02	-9.91737E-01	1000010010	1.09076E+01	1.76038E-03	-1.22753E-03	1.98845E-02	-1.12736E-01	6.12229E-02	-9.91737E-01	PRIM
1.89715E-02	1000010010	1.31877E+01	-5.44599E-04	2.36929E-04	9.70503E-04	4.45992E-02	-2.36929E-01	-9.70503E-01	1000010010	1.31877E+01	-1.39071E-03	4.73183E-03	1.93824E-02	4.45992E-02	-2.36929E-01	-9.70503E-01	PRIM
1.90517E-02	1000010010	1.72860E+01	-3.84334E-04	-2.05130E-04	9.71876E-04	-1.15666E-01	2.05130E-01	-9.71876E-01	1000010010	1.72860E+01	1.81930E-03	-4.11321E-03	1.94877E-02	-1.15666E-01	2.05130E-01	-9.71876E-01	PRIM
1.88340E-02	1000010010	6.14595E+01	-8.20772E-04	-6.64873E-04	-6.74574E-04	3.20772E-01	6.64873E-01	6.74574E-01	1000010010	6.14595E+01	-6.86219E-03	-1.31871E-02	-1.33795E-02	3.20772E-01	6.64873E-01	6.74574E-01	PRIM
1.91842E-02	1000010010	5.18034E+00	-1.20834E-04	8.45414E-04	3.76176E-04	-3.79166E-01	-8.45414E-01	-3.76176E-01	1000010010	5.18034E+00	7.15317E-03	1.70640E-02	7.59282E-03	-3.79166E-01	-8.45414E-01	-3.76176E-01	PRIM
1.89549E-02	1000010010	2.44416E+01	-5.77710E-04	2.11581E-05	-9.96751E-04	7.77105E-02	-2.11581E-02	9.96751E-01	1000010010	2.44416E+01	-2.05071E-03	4.22208E-04	-1.98901E-02	7.77105E-02	-2.11581E-02	9.96751E-01	PRIM
1.89562E-02	1000010010	6.26664E+00	-5.75072E-04	-3.29742E-05	9.96633E-04	7.50716E-02	3.29742E-02	-9.96633E-01	1000010010	6.26664E+00	-1.99815E-03	-6.58041E-04	1.98891E-02	7.50716E-02	3.29742E-02	-9.96633E-01	PRIM
1.90162E-02	1000010010	1.89537E+01	-4.55222E-04	-6.28720E-04	-7.76341E-04	-4.47779E-02	6.28720E-01	7.76341E-01	1000010010	1.89537E+01	3.96282E-04	-1.25846E-02	-1.55394E-02	-4.47779E-02	6.28720E-01	7.76341E-01	PRIM
1.88113E-02	1000010010	2.14783E+01	-8.66537E-04	6.79301E-05	9.27920E-04	3.66537E-01	-6.79301E-02	-9.27920E-01	1000010010	2.14783E+01	-7.76158E-03	1.34578E-03	1.83833E-02	3.66537E-01	-6.79301E-02	-9.27920E-01	PRIM
1.93106E-02	1000010010	1.40561E+01	1.28550E-04	-3.78551E-04	-6.79282E-04	-6.28613E-01	3.78589E-01	6.79350E-01	1000010010	1.40561E+01	1.22675E-02	-7.68935E-03	-1.37980E-02	-6.28613E-01	3.78589E-01	6.79350E-01	PRIM
1.89572E-02	1000010010	6.29122E+00	-5.73122E-04	2.77828E-04	9.57844E-04	7.31222E-02	-2.77828E-01	-9.57844E-01	1000010010	6.29122E+00	-1.95932E-03	5.54467E-03	1.91159E-02	7.31222E-02	-2.77828E-01	-9.57844E-01	PRIM
1.92177E-02	1000010010	6.99701E+00	-5.48270E-05	2.87760E-04	-8.47830E-04	-4.45218E-01	-2.87789E-01	8.47914E-01	1000010010	6.99701E+00	8.50123E-03	5.81840E-03	-1.71428E-02	-4.45218E-01	-2.87789E-01	8.47914E-01	PRIM
1.90164E-02	1000010010	1.82209E+01	-4.54659E-04	5.60725E-04	-8.26760E-04	-4.53408E-02	-5.60725E-01	8.26760E-01	1000010010	1.82209E+01	4.07560E-04	1.12237E-02	-1.65488E-02	-4.53408E-02	-5.60725E-01	8.26760E-01	PRIM
1.90856E-02	1000010010	6.07451E+00	-3.16753E-04	3.05473E-04	9.34402E-04	-1.83247E-01	-3.05473E-01	-9.34402E-01	1000010010	6.07451E+00	3.18063E-03	6.13561E-03	1.87680E-02	-1.83247E-01	-3.05473E-01	-9.34402E-01	PRIM
1.88798E-02	1000010010	5.22656E+00	-7.28647E-04	7.13002E-04	-6.62834E-04	2.28647E-01	-7.13002E-01	6.62834E-01	1000010010	5.22656E+00	-5.04544E-03	1.41743E-02	-1.31770E-02	2.28647E-01	-7.13002E-01	6.62834E-01	PRIM
1.86089E-02	1000010010	5.39924E+00	-1.27744E-03	-6.14119E-04	-1.35079E-04	7.77517E-01	6.14180E-01	1.35093E-01	1000010010	5.39924E+00	-1.57462E-02	-1.20433E-02	-2.64901E-03	7.77517E-01	6.14180E-01	1.35093E-01	PRIM
1.88067E-02	1000010010	5.60591E+00	-8.75964E-04	-4.25499E-05	9.25657E-04	3.75964E-01	4.25499E-02	-9.25657E-01	1000010010	5.60591E+00	-7.94659E-03	-8.42770E-04	1.83342E-02	3.75964E-01	4.25499E-02	-9.25657E-01	PRIM
1.94522E-02	1000010010	1.88597E+01	4.06706E-04	4.21187E-04	2.20470E-05	-9.06706E-01	-4.21187E-01	-2.20470E-02	1000010010	1.88597E+01	1.80442E-02	8.61423E-03	4.50912E-04	-9.06706E-01	-4.21187E-01	-2.20470E-02	PRIM
1.88073E-02	1000010010	5.95954E+00	-8.74580E-04	8.35656E-04	4.01707E-04	3.74580E-01	-8.35656E-01	-4.01707E-01	1000010010	5.95954E+00	-7.91944E-03	1.65521E-02	7.95675E-03	3.74580E-01	-8.35656E-01	-4.01707E-01	PRIM
1.89083E-02	1000010010	7.86070E+01	-6.71266E-04	-7.45325E-04	-6.44328E-04	1.71266E-01	7.45325E-01	6.44328E-01	1000010010	7.86070E+01	-3.90961E-03	-1.48382E-02	-1.28275E-02	1.71266E-01	7.45325E-01	6.44328E-01	PRIM
1.92668E-02	1000010010	8.74881E+00	4.24193E-05	-6.44615E-05	-8.37631E-04	-5.42419E-01	6.44615E-02	8.37631E-01	1000010010	8.74881E+00	1.04931E-02	-1.30643E-03	-1.69761E-02	-5.42419E-01	6.44615E-02	8.37631E-01	PRIM
1.93563E-02	1000010010	1.35869E+01	2.18660E-04	6.20004E-04	3.14838E-04	-7.18660E-01	-6.20004E-01	-3.14838E-01	1000010010	1.35869E+01	1.41293E-02	1.26210E-02	6.40894E-03	-7.18660E-01	-6.20004E-01	-3.14838E-01	PRIM
1.92890E-02	1000010010	7.03293E+00	8.61728E-05	-5.18653E-04	-6.22415E-04	-5.86173E-01	5.18653E-01	6.22415E-01	1000010010	7.03293E+00	1.13929E-02	-1.05229E-02	-1.26282E-02	-5.86173E-01	5.18653E-01	6.22415E-01	PRIM
1.92270E-02	1000010010	6.70930E+00	-3.65127E-05	6.91048E-04	-5.54466E-04	-4.63534E-01	-6.91117E-01	5.54522E-01	1000010010	6.70930E+00	8.87583E-03	1.39791E-02	-1.12162E-02	-4.63534E-01	-6.91117E-01	5.54522E-01	PRIM
1.89715E-02	1000010010	5.25713E+01	-5.44599E-04	2.36929E-04	9.70503E-04	4.45992E-02	-2.36929E-01	-9.70503E-01	1000010010	5.25713E+01	-1.39071E-03	4.73183E-03	1.93824E-02	4.45992E-02	-2.36929E-01	-9.70503E-01	PRIM
1.94488E-02	1000010010	7.65845E+00	4.00054E-04	4.25990E-04	9.18472E-05	-9.00054E-01	-4.25990E-01	-9.18472E-02	1000010010	7.65845E+00	1.79051E-02	8.71101E-03	1.87817E-03	-9.00054E-01	-4.25990E-01	-9.18472E-02	PRIM
1.90363E-02	1000010010	2.83226E+01	-4.15072E-04	1.87239E-05	9.96211E-04	-8.49279E-02	-1.87239E-02	-9.96211E-01	1000010010	2.83226E+01	1.20164E-03	3.75158E-04	1.99603E-02	-8.49279E-02	-1.87239E-02	-9.96211E-01	PRIM
1.86904E-02	1000010010	6.10247E+00	-1.11159E-03	-3.29556E-05	7.90364E-04	6.11649E-01	3.29589E-02	-7.90443E-01	1000010010	6.10247E+00	-1.25435E-02	-6.48970E-04	1.55640E-02	6.11649E-01	3.29589E-02	-7.90443E-01	PRIM
1.90521E-02	1000010010	7.02324E+00	-3.83436E-04	9.08516E-05	-9.89019E-04	-1.16564E-01	-9.08516E-02	9.89019E-01	1000010010	7.02324E+00	1.83736E-03	1.82177E-03	-1.98319E-02	-1.16564E-01	-9.08516E-02	9.89019E-01	PRIM
1.89633E-02	1000010010	1.19355E+01	-5.60947E-04	8.79231E-04	4.72481E-04	6.09475E-02	-8.79231E-01	-4.72481E-01	1000010010	1.19355E+01	-1.71671E-03	1.75524E-02	9.43227E-03	6.09475E-02	-8.79231E-01	-4.72481E-01	PRIM
1.88503E-02	1000010010	7.75374E+01	-7.87860E-04	-7.15537E-04	-6.36509E-04	2.87860E-01	7.15537E-01	6.36509E-01	1000010010	7.75374E+01	-6.21411E-03	-1.42037E-02	-1.26349E-02	2.87860E-01	7.15537E-01	6.36509E-01	PRIM
1.88350E-02	1000010010	6.70409E+00	-8.18804E-04	-5.01293E-04	8.04406E-04	3.18804E-01	5.01293E-01	-8.04406E-01	1000010010	6.70409E+00	-6.82346E-03	-9.94315E-03	1.59554E-02	3.18804E-01	5.01293E-01	-8.04406E-01	PRIM
1.94801E-02	1000010010	1.01494E+01	4.61185E-04	1.33323E-04	-2.41555E-04	-9.61185E-01	-1.33323E-01	2.41555E-01	1000010010	1.01494E+01	1.91852E-02	2.73048E-03	-4.94708E-03	-9.61185E-01	-1.33323E-01	2.41555E-01	PRIM
1.89705E-02	1000010010	8.58490E+00	-5.46465E-04	5.12454E-06	9.98907E-04	4.64651E-02	-5.12454E-03	-9.98907E-01	1000010010	8.58490E+00	-1.42793E-03	1.02340E-04	1.99487E-02	4.64651E-02	-5.12454E-03	-9.98907E-01	PRIM
1.87261E-02	1000010010	6.58378E+00	-1.03887E-03	-8.15449E-04	-2.11328E-04	5.38873E-01	8.15449E-01	2.11328E-01	1000010010	6.58378E+00	-1.11299E-02	-1.60856E-02	-4.16868E-03	5.38873E-01	8.15449E-01	2.11328E-01	PRIM
1.85369E-02	1000010010	6.69508E+00	-1.42431E-03	1.26935E-04	-3.59913E-04	9.24311E-01	-1.26935E-01	3.59913E-01	1000010010	6.69508E+00	-1.85582E-02	2.47991E-03	-7.03160E-03	9.24311E-01	-1.26935E-01	3.59913E-01	PRIM
1.90363E-02	1000010010	6.87459E+00	-4.15072E-04	1.87239E-05	9.96211E-04	-8.49279E-02	-1.87239E-02	-9.96211E-01	1000010010	6.87459E+00	1.20164E-03	3.75158E-04	1.99603E-02	-8.49279E-02	-1.87239E-02	-9.96211E-01	PRIM
1.88733E-02	1000010010	4.85938E+01	-7.41554E-04	6.93494E-04	6.78762E-04	2.41554E-01	-6.93494E-01	-6.78762E-01	1000010010	4.85938E+01	-5.30048E-03	1.37820E-02	1.34893E-02	2.41554E-01	-6.93494E-01	-6.78762E-01	PRIM
1.88565E-02	1000010010	8.54392E+00	-7.75357E-04	-7.15675E-04	6.41862E-04	2.75357E-01	7.15675E-01	-6.41862E-01	1000010010	8.54392E+00	-5.96764E-03	-1.42108E-02	1.27452E-02	2.75357E-01	7.15675E-01	-6.41862E-01	PRIM
1.88802E-02	1000010010	6.15689E+00	-7.27718E-04	6.73911E-05	9.71392E-04	2.27718E-01	-6.73911E-02	-9.71392E-01	1000010010	6.15689E+00	-5.02709E-03	1.33975E-03	1.93115E-02	2.27718E-01	-6.73911E-02	-9.71392E-01	PRIM
1.91209E-02	1000010010	8.95809E+00	-2.46465E-04	4.56877E-04	8.52633E-04	-2.53535E-01	-4.56877E-01	-8.52633E-01	1000010010	8.95809E+00	4.60136E-03	9.19278E-03	1.71558E-02	-2.53535E-01	-4.56877E-01	-8.52633E-01	PRIM
1.87116E-02	1000010010	1.16120E+01	-1.06850E-03	-5.79378E-04	5.83893E-04	5.68555E-01	5.79436E-01	-5.83951E-01	1000010010	1.16120E+01	-1.17071E-02	-1.14216E-02	1.15105E-02	5.68555E-01	5.79436E-01	-5.83951E-01	PRIM
1.90654E-02	1000010010	1.86367E+01	-3.56987E-04	-1.07862E-04	-9.83826E-04	-1.43013E-01	1.07862E-01	9.83826E-01	1000010010	1.86367E+01	2.36961E-03	-2.16430E-03	-1.97408E-02	-1.43013E-01	1.07862E-01	9.83826E-01	PRIM
1.88350E-02	1000010010	1.01573E+01	-8.18804E-04	-5.01293E-04	8.04406E-04	3.18804E-01	5.01293E-01	-8.04406E-01	1000010010	1.01573E+01	-6.82346E-03	-9.94315E-03	1.59554E-02	3.18804E-01	5.01293E-01	-8.04406E-01	PRIM
1.92171E-02	1000010010	6.87730E+00	-5.57766E-05	-4.01688E-04	-8.00820E-04	-4.44223E-01	4.01688E-01	8.00820E-01	1000010010	6.87730E+00	8.48091E-03	-8.12096E-03	-1.61903E-02	-4.44223E-01	4.01688E-01	8.00820E-01	PRIM
1.88340E-02	1000010010	8.33094E+00	-8.20772E-04	-6.64873E-04	-6.74574E-04	3.20772E-01	6.64873E-01	6.74574E-01	1000010010	8.33094E+00	-6.86219E-03	-1.31871E-02	-1.33795E-02	3.20772E-01	6.64873E-01	6.74574E-01	PRIM
1.90517E-02	1000010010	5.48030E+00	-3.84334E-04	-2.05130E-04	9.71876E-04	-1.15666E-01	2.05130E-01	-9.71876E-01	1000010010	5.48030E+00	1.81930E-03	-4.11321E-03	1.94877E-02	-1.15666E-01	2.05130E-01	-9.71876E-01	PRIM
1.93604E-02	1000010010	3.03885E+01	2.26720E-04	6.45978E-04	-2.33644E-04	-7.26720E-01	-6.45978E-01	2.33644E-01	1000010010	3.03885E+01	1.42963E-02	1.31524E-02	-4.75709E-03	-7.26720E-01	-6.45978E-01	2.33644E-01	PRIM
1.91277E-02	1000010010	6.06562E+02	-2.33000E-04	5.34766E-04	-8.01708E-04	-2.67000E-01	-5.34766E-01	8.01708E-01	1000010010	6.06562E+02	4.87409E-03	1.07636E-02	-1.61365E-02	-2.67000E-01	-5.34766E-01	8.01708E-01	PRIM
1.89268E-02	1000010010	6.95189E+00	-6.34045E-04	2.84583E-04	-9.49234E-04	1.34045E-01	-2.84583E-01	9.49234E-01	1000010010	6.95189E+00	-3.17109E-03	5.67084E-03	-1.89152E-02	1.34045E-01	-2.84583E-01	9.49234E-01	PRIM
1.90521E-02	1000010010	5.51907E+00	-3.83436E-04	9.08516E-05	-9.89019E-04	-1.16564E-01	-9.08516E-02	9.89019E-01	1000010010	5.51907E+00	1.83736E-03	1.82177E-03	-1.98319E-02	-1.16564E-01	-9.08516E-02	9.89019E-01	PRIM
1.91063E-02	1000010010	6.97210E+00	-2.75498E-04	-5.59283E-04	-7.97999E-04	-2.24502E-01	5.59283E-01	7.97999E-01	1000010010	6.97210E+00	4.01390E-03	-1.12451E-02	-1.60448E-02	-2.24502E-01	5.59283E-01	7.97999E-01	PRIM
1.91063E-02	1000010010	1.41106E+01	-2.75498E-04	-5.59283E-04	-7.97999E-04	-2.24502E-01	5.59283E-01	7.97999E-01	1000010010	1.41106E+01	4.01390E-03	-1.12451E-02	-1.60448E-02	-2.24502E-01	5.59283E-01	7.97999E-01	PRIM
1.94963E-02	1000010010	6.75523E+01	4.92785E-04	1.14815E-04	3.45666E-05	-9.92785E-01	-1.14815E-01	-3.45666E-02	1000010010	6.75523E+01	1.98484E-02	2.35328E-03	7.08487E-04	-9.92785E-01	-1.14815E-01	-3.45666E-02	PRIM
1.91863E-02	1000010010	3.85945E+01	-1.16672E-04	-8.24104E-04	4.17028E-04	-3.83328E-01	8.24104E-01	-4.17028E-01	1000010010	3.85945E+01	7.23798E-03	-1.66356E-02	8.41826E-03	-3.83328E-01	8.24104E-01	-4.17028E-01	PRIM
1.88914E-02	1000010010	9.35586E+00	-7.05378E-04	8.00103E-05	9.75304E-04	2.05399E-01	-8.00183E-02	-9.75402E-01	1000010010	9.35586E+00	-4.58565E-03	1.59167E-03	1.94020E-02	2.05399E-01	-8.00183E-02	-9.75402E-01	PRIM
1.89826E-02	1000010010	5.67935E+00	-5.22264E-04	4.62010E-04	-8.86595E-04	2.22639E-02	-4.62010E-01	8.86595E-01	1000010010	5.67935E+00	-9.44891E-04	9.23216E-03	-1.77165E-02	2.22639E-02	-4.62010E-01	8.86595E-01	PRIM
1.91244E-02	1000010010	7.94285E+00	-2.39459E-04	-9.37138E-04	2.32144E-04	-2.60541E-01	9.37138E-01	-2.32144E-01	1000010010	7.94285E+00	4.74325E-03	-1.88594E-02	4.67177E-03	-2.60541E-01	9.37138E-01	-2.32144E-01	PRIM
1.87836E-02	1000010010	6.58134E+00	-9.22770E-04	-7.52217E-04	5.05208E-04	4.22813E-01	7.52292E-01	-5.05258E-01	1000010010	6.58134E+00	-8.86470E-03	-1.48829E-02	9.99575E-03	4.22813E-01	7.52292E-01	-5.05258E-01	PRIM
1.91063E-02	1000010010	6.70722E+00	-2.75498E-04	-5.59283E-04	-7.97999E-04	-2.24502E-01	5.59283E-01	7.97999E-01	1000010010	6.70722E+00	4.01390E-03	-1.12451E-02	-1.60448E-02	-2.24502E-01	5.59283E-01	7.97999E-01	PRIM
1.92171E-02	1000010010	6.12826E+01	-5.57766E-05	-4.01688E-04	-8.00820E-04	-4.44223E-01	4.01688E-01	8.00820E-01	1000010010	6.12826E+01	8.48091E-03	-8.12096E-03	-1.61903E-02	-4.44223E-01	4.01688E-01	8.00820E-01	PRIM
1.90602E-02	1000010010	1.60839E+01	-3.67308E-04	3.30306E-04	-9.34500E-04	-1.32692E-01	-3.30306E-01	9.34500E-01	1000010010	1.60839E+01	2.16182E-03	6.62601E-03	-1.87463E-02	-1.32692E-01	-3.30306E-01	9.34500E-01	PRIM
1.88733E-02	1000010010	7.21133E+00	-7.41554E-04	6.93494E-04	6.78762E-04	2.41554E-01	-6.93494E-01	-6.78762E-01	1000010010	7.21133E+00	-5.30048E-03	1.37820E-02	1.34893E-02	2.41554E-01	-6.93494E-01	-6.78762E-01	PRIM
1.89676E-02	1000010010	6.66593E+00	-5.52361E-04	-5.17792E-05	-9.97285E-04	5.23609E-02	5.17792E-02	9.97285E-01	1000010010	6.66593E+00	-1.54552E-03	-1.03390E-03	-1.99134E-02	5.23609E-02	5.17792E-02	9.97285E-01	PRIM
1.90054E-02	1000010010	1.76753E+01	-4.76743E-04	-2.73485E-05	9.99355E-04	-2.32566E-02	2.73485E-02	-9.99355E-01	1000010010	1.76753E+01	-3.47428E-05	-5.47116E-04	1.99925E-02	-2.32566E-02	2.73485E-02	-9.99355E-01	PRIM
1.90386E-02	1000010010	5.22746E+00	-4.10448E-04	-8.67143E-05	9.92200E-04	-8.95515E-02	8.67143E-02	-9.92200E-01	1000010010	5.22746E+00	1.29449E-03	-1.73763E-03	1.98823E-02	-8.95515E-02	8.67143E-02	-9.92200E-01	PRIM
1.86824E-02	1000010010	1.90569E+01	-1.12768E-03	7.62063E-04	-1.59002E-04	6.27677E-01	-7.62063E-01	1.59002E-01	1000010010	1.90569E+01	-1.28542E-02	1.49992E-02	-3.12955E-03	6.27677E-01	-7.62063E-01	1.59002E-01	PRIM
1.93951E-02	1000010010	7.25876E+00	2.94794E-04	5.42536E-04	2.71950E-04	-7.94794E-01	-5.42536E-01	-2.71950E-01	1000010010	7.25876E+00	1.57099E-02	1.10651E-02	5.54644E-03	-7.94794E-01	-5.42536E-01	-2.71950E-01	PRIM
1.90167E-02	1000010010	4.17201E+01	-4.54138E-04	1.93820E-04	-9.79964E-04	-4.58618E-02	-1.93820E-01	9.79964E-01	1000010010	4.17201E+01	4.18002E-04	3.87964E-03	-1.96156E-02	-4.58618E-02	-1.93820E-01	9.79964E-01	PRIM
1.93133E-02	1000010010	5.58596E+00	1.34129E-04	-4.09998E-04	-6.55578E-04	-6.34129E-01	4.09998E-01	6.55578E-01	1000010010	5.58596E+00	1.23813E-02	-8.32843E-03	-1.33170E-02	-6.34129E-01	4.09998E-01	6.55578E-01	PRIM
1.88716E-02	1000010010	1.55807E+01	-7.45008E-04	-2.45626E-04	-9.37891E-04	2.45008E-01	2.45626E-01	9.37891E-01	1000010010	1.55807E+01	-5.36871E-03	-4.88099E-03	-1.86374E-02	2.45008E-01	2.45626E-01	9.37891E-01	PRIM
1.89985E-02	1000010010	2.02013E+01	-4.90507E-04	-7.76593E-05	9.96935E-04	-9.49257E-03	7.76593E-02	-9.96935E-01	1000010010	2.02013E+01	-3.10163E-04	-1.55307E-03	1.99372E-02	-9.49257E-03	7.76593E-02	-9.96935E-01	PRIM
1.89931E-02	1000010010	7.41246E+00	-5.01319E-04	-6.13735E-05	9.98114E-04	1.31880E-03	6.13735E-02	-9.98114E-01	1000010010	7.41246E+00	-5.26367E-04	-1.22705E-03	1.99554E-02	1.31880E-03	6.13735E-02	-9.98114E-01	PRIM
1.87828E-02	1000010010	6.50815E+00	-9.24233E-04	-2.16552E-04	8.79279E-04	4.24233E-01	2.16552E-01	-8.79279E-01	1000010010	6.50815E+00	-8.89251E-03	-4.28399E-03	1.73946E-02	4.24233E-01	2.16552E-01	-8.79279E-01	PRIM
1.90517E-02	1000010010	7.01733E+00	-3.84334E-04	-2.05130E-04	9.71876E-04	-1.15666E-01	2.05130E-01	-9.71876E-01	1000010010	7.01733E+00	1.81930E-03	-4.11321E-03	1.94877E-02	-1.15666E-01	2.05130E-01	-9.71876E-01	PRIM
1.88467E-02	1000010010	8.24737E+00	-7.95147E-04	-1.47046E-04	-9.44069E-04	2.95147E-01	1.47046E-01	9.44069E-01	1000010010	8.24737E+00	-6.35770E-03	-2.91838E-03	-1.87367E-02	2.95147E-01	1.47046E-01	9.44069E-01	PRIM
1.87779E-02	1000010010	1.94316E+01	-9.34238E-04	-8.52236E-04	-2.91430E-04	4.34281E-01	8.52321E-01	2.91459E-01	1000010010	1.94316E+01	-9.08912E-03	-1.68570E-02	-5.76441E-03	4.34281E-01	8.52321E-01	2.91459E-01	PRIM
1.88725E-02	1000010010	1.20371E+01	-7.43291E-04	-3.96017E-04	8.85427E-04	2.43291E-01	3.96017E-01	-8.85427E-01	1000010010	1.20371E+01	-5.33479E-03	-7.86983E-03	1.75956E-02	2.43291E-01	3.96017E-01	-8.85427E-01	PRIM
1.88350E-02	1000010010	1.28179E+01	-8.18804E-04	-5.01293E-04	8.04406E-04	3.18804E-01	5.01293E-01	-8.04406E-01	1000010010	1.28179E+01	-6.82346E-03	-9.94315E-03	1.59554E-02	3.18804E-01	5.01293E-01	-8.04406E-01	PRIM
1.87118E-02	1000010010	2.19242E+01	-1.06802E-03	-3.04972E-04	7.64422E-04	5.68024E-01	3.04972E-01	-7.64422E-01	1000010010	2.19242E+01	-1.16967E-02	-6.01154E-03	1.50681E-02	5.68024E-01	3.04972E-01	-7.64422E-01	PRIM
1.91063E-02	1000010010	7.49906E+00	-2.75498E-04	-5.59283E-04	-7.97999E-04	-2.24502E-01	5.59283E-01	7.97999E-01	1000010010	7.49906E+00	4.01390E-03	-1.12451E-02	-1.60448E-02	-2.24502E-01	5.59283E-01	7.97999E-01	PRIM
1.90264E-02	1000010010	5.43669E+00	-4.34846E-04	9.90417E-04	-1.21771E-04	-6.51544E-02	-9.90417E-01	1.21771E-01	1000010010	5.43669E+00	8.04805E-04	1.98344E-02	-2.43864E-03	-6.51544E-02	-9.90417E-01	1.21771E-01	PRIM
1.86191E-02	1000010010	5.85678E+00	-1.25653E-03	-6.39894E-04	-1.34915E-04	7.56528E-01	6.39894E-01	1.34915E-01	1000010010	5.85678E+00	-1.53424E-02	-1.25541E-02	-2.64691E-03	7.56528E-01	6.39894E-01	1.34915E-01	PRIM
1.92130E-02	1000010010	6.56171E+00	-6.38875E-05	-6.84478E-04	-5.84206E-04	-4.36113E-01	6.84478E-01	5.84206E-01	1000010010	6.56171E+00	8.31514E-03	-1.38353E-02	-1.18085E-02	-4.36113E-01	6.84478E-01	5.84206E-01	PRIM
1.87819E-02	1000010010	1.00681E+01	-9.25980E-04	-4.47859E-04	-7.86106E-04	4.25980E-01	4.47859E-01	7.86106E-01	1000010010	1.00681E+01	-8.92670E-03	-8.85951E-03	-1.55507E-02	4.25980E-01	4.47859E-01	7.86106E-01	PRIM
1.90724E-02	1000010010	6.40953E+00	-3.43018E-04	3.21583E-04	9.33778E-04	-1.56982E-01	-3.21583E-01	-9.33778E-01	1000010010	6.40953E+00	2.65100E-03	6.45494E-03	1.87432E-02	-1.56982E-01	-3.21583E-01	-9.33778E-01	PRIM
1.94472E-02	1000010010	1.40891E+01	3.96545E-04	3.28544E-04	-2.96759E-04	-8.96635E-01	-3.28576E-01	2.96789E-01	1000010010	1.40891E+01	1.78336E-02	6.71843E-03	-6.06847E-03	-8.96635E-01	-3.28576E-01	2.96789E-01	PRIM
1.89204E-02	1000010010	7.36161E+00	-6.46869E-04	2.77004E-04	9.49578E-04	1.46869E-01	-2.77004E-01	-9.49578E-01	1000010010	7.36161E+00	-3.42569E-03	5.51804E-03	1.89160E-02	1.46869E-01	-2.77004E-01	-9.49578E-01	PRIM
1.89651E-02	1000010010	1.11632E+01	-5.57293E-04	9.96655E-04	-5.82796E-05	5.72933E-02	-9.96655E-01	5.82796E-02	1000010010	1.11632E+01	-1.64387E-03	1.98983E-02	-1.16356E-03	5.72933E-02	-9.96655E-01	5.82796E-02	PRIM
1.85390E-02	1000010010	1.72196E+01	-1.42013E-03	-1.70936E-04	-3.52334E-04	9.20131E-01	1.70936E-01	3.52334E-01	1000010010	1.72196E+01	-1.84784E-02	-3.33991E-03	-6.88424E-03	9.20131E-01	1.70936E-01	3.52334E-01	PRIM
1.94488E-02	1000010010	1.25209E+01	4.00054E-04	4.25990E-04	9.18472E-05	-9.00054E-01	-4.25990E-01	-9.18472E-02	1000010010	1.25209E+01	1.79051E-02	8.71101E-03	1.87817E-03	-9.00054E-01	-4.25990E-01	-9.18472E-02	PRIM
1.87012E-02	1000010010	1.22200E+01	-1.08949E-03	-7.93129E-04	1.53124E-04	5.89491E-01	7.93129E-01	-1.53124E-01	1000010010	1.22200E+01	-1.21137E-02	-1.56256E-02	3.01672E-03	5.89491E-01	7.93129E-01	-1.53124E-01	PRIM
1.89645E-02	1000010010	2.36020E+01	-5.58588E-04	-1.94100E-04	9.79231E-04	5.85881E-02	1.94100E-01	-9.79231E-01	1000010010	2.36020E+01	-1.66968E-03	-3.87510E-03	1.95498E-02	5.85881E-02	1.94100E-01	-9.79231E-01	PRIM
1.87587E-02	1000010010	5.10719E+00	-9.72806E-04	-6.25268E-04	-6.20882E-04	4.72806E-01	6.25268E-01	6.20882E-01	1000010010	5.10719E+00	-9.84205E-03	-1.23545E-02	-1.22678E-02	4.72806E-01	6.25268E-01	6.20882E-01	PRIM
1.91842E-02	1000010010	7.00347E+00	-1.20834E-04	8.45414E-04	3.76176E-04	-3.79166E-01	-8.45414E-01	-3.76176E-01	1000010010	7.00347E+00	7.15317E-03	1.70640E-02	7.59282E-03	-3.79166E-01	-8.45414E-01	-3.76176E-01	PRIM
1.87116E-02	1000010010	1.19174E+01	-1.06850E-03	-5.79378E-04	5.83893E-04	5.68555E-01	5.79436E-01	-5.83951E-01	1000010010	1.19174E+01	-1.17071E-02	-1.14216E-02	1.15105E-02	5.68555E-01	5.79436E-01	-5.83951E-01	PRIM
1.86808E-02	1000010010	9.65707E+00	-1.13095E-03	5.98033E-04	-4.94024E-04	6.31013E-01	-5.98093E-01	4.94073E-01	1000010010	9.65707E+00	-1.29188E-02	1.17709E-02	-9.72372E-03	6.31013E-01	-5.98093E-01	4.94073E-01	PRIM
1.86720E-02	1000010010	1.25479E+01	-1.14877E-03	6.44697E-04	4.04305E-04	6.48770E-01	-6.44697E-01	-4.04305E-01	1000010010	1.25479E+01	-1.32626E-02	1.26825E-02	7.95348E-03	6.48770E-01	-6.44697E-01	-4.04305E-01	PRIM
1.89715E-02	1000010010	5.45841E+00	-5.44599E-04	2.36929E-04	9.70503E-04	4.45992E-02	-2.36929E-01	-9.70503E-01	1000010010	5.45841E+00	-1.39071E-03	4.73183E-03	1.93824E-02	4.45992E-02	-2.36929E-01	-9.70503E-01	PRIM
1.89952E-02	1000010010	5.50989E+00	-4.97114E-04	-8.38826E-05	9.96471E-04	-2.88625E-03	8.38826E-02	-9.96471E-01	1000010010	5.50989E+00	-4.42289E-04	-1.67725E-03	1.99246E-02	-2.88625E-03	8.38826E-02	-9.96471E-01	PRIM
1.90296E-02	1000010010	2.73052E+01	-4.28396E-04	1.39888E-05	9.97335E-04	-7.16037E-02	-1.39888E-02	-9.97335E-01	1000010010	2.73052E+01	9.34191E-04	2.80190E-04	1.99762E-02	-7.16037E-02	-1.39888E-02	-9.97335E-01	PRIM
1.94963E-02	1000010010	5.70595E+00	4.92785E-04	1.14815E-04	3.45666E-05	-9.92785E-01	-1.14815E-01	-3.45666E-02	1000010010	5.70595E+00	1.98484E-02	2.35328E-03	7.08487E-04	-9.92785E-01	-1.14815E-01	-3.45666E-02	PRIM
1.86823E-02	1000010010	5.88894E+00	-1.12774E-03	-3.11457E-04	7.13402E-04	6.27735E-01	3.11457E-01	-7.13402E-01	1000010010	5.88894E+00	-1.28553E-02	-6.13020E-03	1.40414E-02	6.27735E-01	3.11457E-01	-7.13402E-01	PRIM
1.90537E-02	1000010010	7.06897E+00	-3.80336E-04	2.59193E-05	-9.92476E-04	-1.19664E-01	-2.59193E-02	9.92476E-01	1000010010	7.06897E+00	1.89971E-03	5.19776E-04	-1.99028E-02	-1.19664E-01	-2.59193E-02	9.92476E-01	PRIM
1.88713E-02	1000010010	5.94292E+00	-7.45656E-04	5.04025E-04	8.28017E-04	2.45656E-01	-5.04025E-01	-8.28017E-01	1000010010	5.94292E+00	-5.38150E-03	1.00156E-02	1.64538E-02	2.45656E-01	-5.04025E-01	-8.28017E-01	PRIM
1.85106E-02	1000010010	1.35820E+01	-1.47825E-03	-1.16018E-04	-1.71965E-04	9.78247E-01	1.16018E-01	1.71965E-01	1000010010	1.35820E+01	-1.95862E-02	-2.26358E-03	-3.35515E-03	9.78247E-01	1.16018E-01	1.71965E-01	PRIM
1.91195E-02	1000010010	5.23105E+00	-2.49320E-04	-5.65485E-05	-9.66417E-04	-2.50680E-01	5.65485E-02	9.66417E-01	1000010010	5.23105E+00	4.54356E-03	-1.13773E-03	-1.94438E-02	-2.50680E-01	5.65485E-02	9.66417E-01	PRIM
1.89464E-02	1000010010	6.69690E+00	-5.94846E-04	8.63375E-04	4.95569E-04	9.48463E-02	-8.63375E-01	-4.95569E-01	1000010010	6.69690E+00	-2.39184E-03	1.72212E-02	9.88481E-03	9.48463E-02	-8.63375E-01	-4.95569E-01	PRIM
1.88798E-02	1000010010	5.28333E+00	-7.28637E-04	6.84709E-04	6.92025E-04	2.28637E-01	-6.84709E-01	-6.92025E-01	1000010010	5.28333E+00	-5.04525E-03	1.36118E-02	1.37573E-02	2.28637E-01	-6.84709E-01	-6.92025E-01	PRIM
1.92335E-02	1000010010	1.02170E+01	-2.33171E-05	-7.88270E-04	-3.89106E-04	-4.76683E-01	7.88270E-01	3.89106E-01	1000010010	1.02170E+01	9.14497E-03	-1.59495E-02	-7.87297E-03	-4.76683E-01	7.88270E-01	3.89106E-01	PRIM
1.91172E-02	1000010010	9.62904E+00	-2.53949E-04	-5.24994E-04	8.14764E-04	-2.46051E-01	5.24994E-01	-8.14764E-01	1000010010	9.62904E+00	4.44985E-03	-1.05614E-02	1.63907E-02	-2.46051E-01	5.24994E-01	-8.14764E-01	PRIM
1.92842E-02	1000010010	9.34439E+00	7.68127E-05	8.16823E-04	9.33826E-06	-5.76813E-01	-8.16823E-01	-9.33826E-03	1000010010	9.34439E+00	1.12002E-02	1.65686E-02	1.89419E-04	-5.76813E-01	-8.16823E-01	-9.33826E-03	PRIM
1.88798E-02	1000010010	7.09408E+00	-7.28647E-04	7.13002E-04	-6.62834E-04	2.28647E-01	-7.13002E-01	6.62834E-01	1000010010	7.09408E+00	-5.04544E-03	1.41743E-02	-1.31770E-02	2.28647E-01	-7.13002E-01	6.62834E-01	PRIM
1.87836E-02	1000010010	1.01957E+01	-9.22770E-04	-7.52217E-04	5.05208E-04	4.22813E-01	7.52292E-01	-5.05258E-01	1000010010	1.01957E+01	-8.86470E-03	-1.48829E-02	9.99575E-03	4.22813E-01	7.52292E-01	-5.05258E-01	PRIM
1.92130E-02	1000010010	8.66211E+01	-6.38875E-05	-6.84478E-04	-5.84206E-04	-4.36113E-01	6.84478E-01	5.84206E-01	1000010010	8.66211E+01	8.31514E-03	-1.38353E-02	-1.18085E-02	-4.36113E-01	6.84478E-01	5.84206E-01	PRIM
1.89204E-02	1000010010	2.56369E+01	-6.46869E-04	2.77004E-04	9.49578E-04	1.46869E-01	-2.77004E-01	-9.49578E-01	1000010010	2.56369E+01	-3.42569E-03	5.51804E-03	1.89160E-02	1.46869E-01	-2.77004E-01	-9.49578E-01	PRIM
1.89876E-02	1000010010	9.81735E+00	-5.12354E-04	7.64151E-04	-6.44919E-04	1.23540E-02	-7.64151E-01	6.44919E-01	1000010010	9.81735E+00	-7.46927E-04	1.52735E-02	-1.28904E-02	1.23540E-02	-7.64151E-01	6.44919E-01	PRIM
1.89737E-02	1000010010	5.97564E+00	-5.40189E-04	8.76635E-04	4.79475E-04	4.01887E-02	-8.76635E-01	-4.79475E-01	1000010010	5.97564E+00	-1.30271E-03	1.75096E-02	9.57687E-03	4.01887E-02	-8.76635E-01	-4.79475E-01	PRIM
1.91195E-02	1000010010	1.50393E+01	-2.49320E-04	-5.65485E-05	-9.66417E-04	-2.50680E-01	5.65485E-02	9.66417E-01	1000010010	1.50393E+01	4.54356E-03	-1.13773E-03	-1.94438E-02	-2.50680E-01	5.65485E-02	9.66417E-01	PRIM
1.92355E-02	1000010010	5.94910E+00	-1.94391E-05	5.01609E-04	7.19340E-04	-4.80561E-01	-5.01609E-01	-7.19340E-01	1000010010	5.94910E+00	9.22438E-03	1.01503E-02	1.45562E-02	-4.80561E-01	-5.01609E-01	-7.19340E-01	PRIM
1.85106E-02	1000010010	6.94957E+00	-1.47825E-03	-1.16018E-04	-1.71965E-04	9.78247E-01	1.16018E-01	1.71965E-01	1000010010	6.94957E+00	-1.95862E-02	-2.26358E-03	-3.35515E-03	9.78247E-01	1.16018E-01	1.71965E-01	PRIM
1.90228E-02	1000010010	1.61026E+01	-4.41994E-04	-6.98816E-04	7.12945E-04	-5.80057E-02	6.98816E-01	-7.12945E-01	1000010010	1.61026E+01	6.61435E-04	-1.39922E-02	1.42751E-02	-5.80057E-02	6.98816E-01	-7.12945E-01	PRIM
1.91733E-02	1000010010	6.48765E+00	-1.42553E-04	6.29463E-04	6.89933E-04	-3.57447E-01	-6.29463E-01	-6.89933E-01	1000010010	6.48765E+00	6.71088E-03	1.26983E-02	1.39182E-02	-3.57447E-01	-6.29463E-01	-6.89933E-01	PRIM
1.90386E-02	1000010010	7.48754E+00	-4.10448E-04	-8.67143E-05	9.92200E-04	-8.95515E-02	8.67143E-02	-9.92200E-01	1000010010	7.48754E+00	1.29449E-03	-1.73763E-03	1.98823E-02	-8.95515E-02	8.67143E-02	-9.92200E-01	PRIM
1.91598E-02	1000010010	1.34252E+01	-1.69309E-04	-8.20989E-05	9.40161E-04	-3.30691E-01	8.20989E-02	-9.40161E-01	1000010010	1.34252E+01	6.16665E-03	-1.65510E-03	1.89534E-02	-3.30691E-01	8.20989E-02	-9.40161E-01	PRIM
1.90363E-02	1000010010	6.06315E+00	-4.15072E-04	1.87239E-05	9.96211E-04	-8.49279E-02	-1.87239E-02	-9.96211E-01	1000010010	6.06315E+00	1.20164E-03	3.75158E-04	1.99603E-02	-8.49279E-02	-1.87239E-02	-9.96211E-01	PRIM
1.92668E-02	1000010010	7.81612E+00	4.24193E-05	-6.44615E-05	-8.37631E-04	-5.42419E-01	6.44615E-02	8.37631E-01	1000010010	7.81612E+00	1.04931E-02	-1.30643E-03	-1.69761E-02	-5.42419E-01	6.44615E-02	8.37631E-01	PRIM
1.85256E-02	1000010010	5.58370E+00	-1.44746E-03	2.00665E-04	-2.49096E-04	9.47462E-01	-2.00665E-01	2.49096E-01	1000010010	5.58370E+00	-1.89998E-02	3.91812E-03	-4.86375E-03	9.47462E-01	-2.00665E-01	2.49096E-01	PRIM
1.89952E-02	1000010010	5.73084E+00	-4.97114E-04	-8.38826E-05	9.96471E-04	-2.88625E-03	8.38826E-02	-9.96471E-01	1000010010	5.73084E+00	-4.42289E-04	-1.67725E-03	1.99246E-02	-2.88625E-03	8.38826E-02	-9.96471E-01	PRIM
1.92355E-02	1000010010	5.27974E+00	-1.94391E-05	5.01609E-04	7.19340E-04	-4.80561E-01	-5.01609E-01	-7.19340E-01	1000010010	5.27974E+00	9.22438E-03	1.01503E-02	1.45562E-02	-4.80561E-01	-5.01609E-01	-7.19340E-01	PRIM
1.90602E-02	1000010010	2.42438E+01	-3.67308E-04	3.30306E-04	-9.34500E-04	-1.32692E-01	-3.30306E-01	9.34500E-01	1000010010	2.42438E+01	2.16182E-03	6.62601E-03	-1.87463E-02	-1.32692E-01	-3.30306E-01	9.34500E-01	PRIM
1.92171E-02	1000010010	6.63427E+00	-5.57766E-05	-4.01688E-04	-8.00820E-04	-4.44223E-01	4.01688E-01	8.00820E-01	1000010010	6.63427E+00	8.48091E-03	-8.12096E-03	-1.61903E-02	-4.44223E-01	4.01688E-01	8.00820E-01	PRIM
1.88350E-02	1000010010	1.90884E+01	-8.18804E-04	-5.01293E-04	8.04406E-04	3.18804E-01	5.01293E-01	-8.04406E-01	1000010010	1.90884E+01	-6.82346E-03	-9.94315E-03	1.59554E-02	3.18804E-01	5.01293E-01	-8.04406E-01	PRIM
1.94472E-02	1000010010	5.66263E+00	3.96545E-04	3.28544E-04	-2.96759E-04	-8.96635E-01	-3.28576E-01	2.96789E-01	1000010010	5.66263E+00	1.78336E-02	6.71843E-03	-6.06847E-03	-8.96635E-01	-3.28576E-01	2.96789E-01	PRIM
1.85342E-02	1000010010	6.41949E+00	-1.42991E-03	-2.71902E-04	2.47655E-04	9.29912E-01	2.71902E-01	-2.47655E-01	1000010010	6.41949E+00	-1.86651E-02	-5.31140E-03	4.83774E-03	9.29912E-01	2.71902E-01	-2.47655E-01	PRIM
1.89336E-02	1000010010	1.01958E+01	-6.20451E-04	-1.60039E-04	9.79734E-04	1.20451E-01	1.60039E-01	-9.79734E-01	1000010010	1.01958E+01	-2.90103E-03	-3.19015E-03	1.95296E-02	1.20451E-01	1.60039E-01	-9.79734E-01	PRIM
1.89083E-02	1000010010	3.91673E+01	-6.71266E-04	-7.45325E-04	-6.44328E-04	1.71266E-01	7.45325E-01	6.44328E-01	1000010010	3.91673E+01	-3.90961E-03	-1.48382E-02	-1.28275E-02	1.71266E-01	7.45325E-01	6.44328E-01	PRIM
1.90956E-02	1000010010	1.73956E+01	-2.96755E-04	-7.59869E-04	-6.17488E-04	-2.03245E-01	7.59869E-01	6.17488E-01	1000010010	1.73956E+01	3.58433E-03	-1.52700E-02	-1.24088E-02	-2.03245E-01	7.59869E-01	6.17488E-01	PRIM
1.85533E-02	1000010010	1.88078E+01	-1.39097E-03	4.37548E-04	1.20531E-04	8.91057E-01	-4.37592E-01	-1.20543E-01	1000010010	1.88078E+01	-1.79230E-02	8.55631E-03	2.35700E-03	8.91057E-01	-4.37592E-01	-1.20543E-01	PRIM
1.90956E-02	1000010010	9.85038E+00	-2.96755E-04	-7.59869E-04	-6.17488E-04	-2.03245E-01	7.59869E-01	6.17488E-01	1000010010	9.85038E+00	3.58433E-03	-1.52700E-02	-1.24088E-02	-2.03245E-01	7.59869E-01	6.17488E-01	PRIM
1.91479E-02	1000010010	1.54456E+02	-1.92859E-04	-2.03625E-04	-9.29624E-04	-3.07141E-01	2.03625E-01	9.29624E-01	1000010010	1.54456E+02	5.68826E-03	-4.10263E-03	-1.87300E-02	-3.07141E-01	2.03625E-01	9.29624E-01	PRIM
1.89488E-02	1000010010	1.00854E+01	-5.90006E-04	-7.17432E-04	6.90790E-04	9.00059E-02	7.17432E-01	-6.90790E-01	1000010010	1.00854E+01	-2.29551E-03	-1.43119E-02	1.37804E-02	9.00059E-02	7.17432E-01	-6.90790E-01	PRIM
1.91479E-02	1000010010	7.92061E+00	-1.92859E-04	-2.03625E-04	-9.29624E-04	-3.07141E-01	2.03625E-01	9.29624E-01	1000010010	7.92061E+00	5.68826E-03	-4.10263E-03	-1.87300E-02	-3.07141E-01	2.03625E-01	9.29624E-01	PRIM
1.89952E-02	1000010010	5.04511E+00	-4.97114E-04	-8.38826E-05	9.96471E-04	-2.88625E-03	8.38826E-02	-9.96471E-01	1000010010	5.04511E+00	-4.42289E-04	-1.67725E-03	1.99246E-02	-2.88625E-03	8.38826E-02	-9.96471E-01	PRIM
1.91470E-02	1000010010	1.01168E+01	-1.94608E-04	-7.36608E-04	6.03443E-04	-3.05392E-01	7.36608E-01	-6.03443E-01	1000010010	1.01168E+01	5.65274E-03	-1.48405E-02	1.21576E-02	-3.05392E-01	7.36608E-01	-6.03443E-01	PRIM
1.86888E-02	1000010010	1.30391E+01	-1.11453E-03	3.87994E-04	-6.86886E-04	6.14531E-01	-3.87994E-01	6.86886E-01	1000010010	1.30391E+01	-1.25994E-02	7.63915E-03	-1.35240E-02	6.14531E-01	-3.87994E-01	6.86886E-01	PRIM
1.86458E-02	1000010010	5.04405E+00	-1.20204E-03	4.98991E-04	-5.08078E-04	7.02043E-01	-4.98991E-01	5.08078E-01	1000010010	5.04405E+00	-1.42922E-02	9.80309E-03	-9.98161E-03	7.02043E-01	-4.98991E-01	5.08078E-01	PRIM
1.88914E-02	1000010010	5.46642E+00	-7.05378E-04	8.00103E-05	9.75304E-04	2.05399E-01	-8.00183E-02	-9.75402E-01	1000010010	5.46642E+00	-4.58565E-03	1.59167E-03	1.94020E-02	2.05399E-01	-8.00183E-02	-9.75402E-01	PRIM
1.89705E-02	1000010010	1.66920E+01	-5.46465E-04	5.12454E-06	9.98907E-04	4.64651E-02	-5.12454E-03	-9.98907E-01	1000010010	1.66920E+01	-1.42793E-03	1.02340E-04	1.99487E-02	4.64651E-02	-5.12454E-03	-9.98907E-01	PRIM
1.88716E-02	1000010010	1.62599E+01	-7.45008E-04	-2.45626E-04	-9.37891E-04	2.45008E-01	2.45626E-01	9.37891E-01	1000010010	1.62599E+01	-5.36871E-03	-4.88099E-03	-1.86374E-02	2.45008E-01	2.45626E-01	9.37891E-01	PRIM
1.88269E-02	1000010010	8.38301E+00	-8.35139E-04	-3.40513E-04	-8.78483E-04	3.35139E-01	3.40513E-01	8.78483E-01	1000010010	8.38301E+00	-7.14476E-03	-6.75130E-03	-1.74176E-02	3.35139E-01	3.40513E-01	8.78483E-01	PRIM
1.85164E-02	1000010010	9.51305E+00	-1.46640E-03	6.71134E-06	2.56953E-04	9.66401E-01	-6.71134E-03	-2.56953E-01	1000010010	9.51305E+00	-1.93606E-02	1.30981E-04	5.01480E-03	9.66401E-01	-6.71134E-03	-2.56953E-01	PRIM
1.90183E-02	1000010010	6.38204E+00	-4.50915E-04	-8.08779E-04	-5.86061E-04	-4.90854E-02	8.08779E-01	5.86061E-01	1000010010	6.38204E+00	4.82606E-04	-1.61904E-02	-1.17319E-02	-4.90854E-02	8.08779E-01	5.86061E-01	PRIM
1.91470E-02	1000010010	5.39545E+00	-1.94608E-04	-7.36608E-04	6.03443E-04	-3.05392E-01	7.36608E-01	-6.03443E-01	1000010010	5.39545E+00	5.65274E-03	-1.48405E-02	1.21576E-02	-3.05392E-01	7.36608E-01	-6.03443E-01	PRIM
